[[[[-7.40778089e-01  4.12882864e-01 -7.86742926e-01 -2.02866197e+00
    -1.74104416e+00 -4.06719476e-01  1.82563379e-01  7.36771882e-01]
   [-1.00318956e+00  1.00061488e+00 -1.31540275e+00 -2.01121473e+00
    -1.83389151e+00 -3.95523369e-01  2.65569478e-01  1.16553891e+00]
   [-1.00318956e+00  1.00061488e+00 -1.31540275e+00 -2.01121473e+00
    -1.83389151e+00 -3.95523369e-01  2.65569478e-01  1.16553891e+00]
   [-1.00318956e+00  1.00061488e+00 -1.31540275e+00 -2.01121473e+00
    -1.83389151e+00 -3.95523369e-01  2.65569478e-01  1.16553891e+00]
   [-1.00318956e+00  1.00061488e+00 -1.31540275e+00 -2.01121473e+00
    -1.83389151e+00 -3.95523369e-01  2.65569478e-01  1.16553891e+00]
   [-1.00318956e+00  1.00061488e+00 -1.31540275e+00 -2.01121473e+00
    -1.83389151e+00 -3.95523369e-01  2.65569478e-01  1.16553891e+00]
   [-1.00318956e+00  1.00061488e+00 -1.31540275e+00 -2.01121473e+00
    -1.83389151e+00 -3.95523369e-01  2.65569478e-01  1.16553891e+00]
   [-1.00318956e+00  1.00061488e+00 -1.31540275e+00 -2.01121473e+00
    -1.83389151e+00 -3.95523369e-01  2.65569478e-01  1.16553891e+00]
   [-1.00318956e+00  1.00061488e+00 -1.31540275e+00 -2.01121473e+00
    -1.83389151e+00 -3.95523369e-01  2.65569478e-01  1.16553891e+00]
   [-1.00318956e+00  1.00061488e+00 -1.31540275e+00 -2.01121473e+00
    -1.83389151e+00 -3.95523369e-01  2.65569478e-01  1.16553891e+00]
   [-1.00318956e+00  1.00061488e+00 -1.31540275e+00 -2.01121473e+00
    -1.83389151e+00 -3.95523369e-01  2.65569478e-01  1.16553891e+00]
   [-1.00318956e+00  1.00061488e+00 -1.31540275e+00 -2.01121473e+00
    -1.83389151e+00 -3.95523369e-01  2.65569478e-01  1.16553891e+00]
   [-8.67850125e-01  9.50170517e-01 -1.65943027e+00 -1.61261058e+00
    -1.50638568e+00 -1.03392765e-01  1.45981029e-01  7.83736885e-01]
   [-6.32270753e-01  5.74369490e-01 -2.64170098e+00 -1.20247698e+00
    -6.91520274e-01  1.60751399e-02 -6.73387945e-01  6.33465528e-01]]

  [[-8.13237488e-01  3.99694741e-01 -1.80136430e+00 -1.36724365e+00
    -8.38909686e-01 -9.22009230e-01  4.52542305e-01 -1.70339167e-01]
   [-1.07931900e+00  9.64473426e-01 -2.10094666e+00 -1.30480111e+00
    -9.06441092e-01 -1.05850244e+00  4.76068258e-01 -1.84083775e-01]
   [-1.07931900e+00  9.64473426e-01 -2.10094666e+00 -1.30480111e+00
    -9.06441092e-01 -1.05850244e+00  4.76068258e-01 -1.84083775e-01]
   [-1.07931900e+00  9.64473426e-01 -2.10094666e+00 -1.30480111e+00
    -9.06441092e-01 -1.05850244e+00  4.76068258e-01 -1.84083775e-01]
   [-1.07931900e+00  9.64473426e-01 -2.10094666e+00 -1.30480111e+00
    -9.06441092e-01 -1.05850244e+00  4.76068258e-01 -1.84083775e-01]
   [-1.07931900e+00  9.64473426e-01 -2.10094666e+00 -1.30480111e+00
    -9.06441092e-01 -1.05850244e+00  4.76068258e-01 -1.84083775e-01]
   [-1.07931900e+00  9.64473426e-01 -2.10094666e+00 -1.30480111e+00
    -9.06441092e-01 -1.05850244e+00  4.76068258e-01 -1.84083775e-01]
   [-1.07931900e+00  9.64473426e-01 -2.10094666e+00 -1.30480111e+00
    -9.06441092e-01 -1.05850244e+00  4.76068258e-01 -1.84083775e-01]
   [-1.07931900e+00  9.64473426e-01 -2.10094666e+00 -1.30480111e+00
    -9.06441092e-01 -1.05850244e+00  4.76068258e-01 -1.84083775e-01]
   [-1.07931900e+00  9.64473426e-01 -2.10094666e+00 -1.30480111e+00
    -9.06441092e-01 -1.05850244e+00  4.76068258e-01 -1.84083775e-01]
   [-1.07931900e+00  9.64473426e-01 -2.10094666e+00 -1.30480111e+00
    -9.06441092e-01 -1.05850244e+00  4.76068258e-01 -1.84083775e-01]
   [-1.07931900e+00  9.64473426e-01 -2.10094666e+00 -1.30480111e+00
    -9.06441092e-01 -1.05850244e+00  4.76068258e-01 -1.84083775e-01]
   [-9.37591791e-01  7.80805647e-01 -2.61361265e+00 -1.08597469e+00
    -6.18052900e-01 -5.97133338e-01  7.18376487e-02 -3.34594995e-01]
   [-6.80967569e-01  2.49442995e-01 -3.44702601e+00 -1.20723712e+00
    -2.95129567e-01 -4.10054088e-01 -1.04764426e+00 -1.94618419e-01]]

  [[-8.13237488e-01  3.99694741e-01 -1.80136430e+00 -1.36724365e+00
    -8.38909686e-01 -9.22009230e-01  4.52542305e-01 -1.70339167e-01]
   [-1.15235829e+00  1.19738877e+00 -2.10391688e+00 -9.42474544e-01
    -1.14946091e+00 -9.01257992e-01  5.05532444e-01 -2.42334813e-01]
   [-1.25594056e+00  1.29019320e+00 -2.25636268e+00 -4.64403540e-01
    -8.58697593e-01 -7.96113610e-01 -4.43314135e-01 -4.78647500e-01]
   [-1.26297176e+00  9.36287940e-01 -1.67594492e+00 -1.34244546e-01
    -2.03133114e-02 -8.35960031e-01 -4.29549038e-01 -1.15812290e+00]
   [-1.20891762e+00  2.50996739e-01 -5.68572819e-01 -7.84153581e-01
     3.19879800e-01 -1.01549506e+00 -1.39000773e-01 -1.47632706e+00]
   [-1.25739193e+00  2.92427063e-01 -7.32858598e-01 -1.18434870e+00
    -7.24186823e-02 -1.04189074e+00 -1.42732691e-02 -1.12989020e+00]
   [-1.29154062e+00  5.16987264e-01 -1.19680715e+00 -1.24278712e+00
    -4.81755793e-01 -9.72420573e-01 -1.01337731e-01 -5.84950328e-01]
   [-1.29698038e+00  6.51479602e-01 -1.34596527e+00 -1.19435513e+00
    -6.13688588e-01 -9.46391582e-01 -9.91159678e-02 -4.06961471e-01]
   [-1.29080701e+00  6.39735699e-01 -1.34136999e+00 -1.19949734e+00
    -5.97574353e-01 -9.51955438e-01 -1.00843959e-01 -4.18038100e-01]
   [-1.19511795e+00  3.61923158e-01 -1.36011398e+00 -1.42730176e+00
    -4.16338563e-01 -1.05463326e+00  1.14163347e-01 -3.96804661e-01]
   [-1.10651541e+00  3.90105247e-01 -1.44620872e+00 -1.47846091e+00
    -5.31274915e-01 -1.14545918e+00  5.28574347e-01 -3.05905044e-01]
   [-1.08214009e+00  6.12526000e-01 -1.81872606e+00 -1.51730680e+00
    -8.27601612e-01 -1.06369162e+00  4.16500628e-01 -1.48536354e-01]
   [-9.37591791e-01  7.80805647e-01 -2.61361265e+00 -1.08597469e+00
    -6.18052900e-01 -5.97133338e-01  7.18376487e-02 -3.34594995e-01]
   [-6.80967569e-01  2.49442995e-01 -3.44702601e+00 -1.20723712e+00
    -2.95129567e-01 -4.10054088e-01 -1.04764426e+00 -1.94618419e-01]]

  [[-8.13237488e-01  3.99694741e-01 -1.80136430e+00 -1.36724365e+00
    -8.38909686e-01 -9.22009230e-01  4.52542305e-01 -1.70339167e-01]
   [-1.04470921e+00  8.90184700e-01 -2.47799301e+00 -1.04947662e+00
    -5.48142850e-01 -1.00181007e+00  4.51998562e-01 -7.85452604e-01]
   [-1.04244757e+00  1.35760888e-01 -3.71925569e+00 -2.77633905e-01
     6.49695396e-01 -9.05282021e-01 -9.65957344e-01 -2.11379027e+00]
   [-9.88917947e-01 -5.98572969e-01 -2.07354689e+00  1.10948539e+00
     1.26367497e+00 -7.60951638e-01 -4.98283744e-01 -3.06592274e+00]
   [-8.48949373e-01 -1.04671264e+00 -8.63090992e-01  1.56795514e+00
     9.72283602e-01 -7.20483184e-01 -3.51303637e-01 -4.32687187e+00]
   [-8.96349132e-01 -8.76707554e-01 -1.02677786e+00  1.37716925e+00
     9.75213110e-01 -6.91640794e-01 -4.66195017e-01 -4.64668941e+00]
   [-1.00650287e+00 -7.28313208e-01 -1.08970845e+00  9.88854885e-01
     1.41113460e+00 -7.74981618e-01 -6.58521473e-01 -4.82133245e+00]
   [-1.03133166e+00 -9.14294839e-01 -9.55390871e-01  7.19019651e-01
     1.66527104e+00 -8.53404343e-01 -7.14456737e-01 -4.72693729e+00]
   [-1.11467195e+00 -7.10373521e-01 -8.32814455e-01  9.00518239e-01
     1.45440567e+00 -7.85928786e-01 -7.70666301e-01 -4.68158293e+00]
   [-1.05254352e+00 -9.45873857e-01 -3.66450101e-01  8.02368373e-02
     1.43634999e+00 -9.72411633e-01 -7.49811590e-01 -4.01072979e+00]
   [-8.91767800e-01 -5.74461937e-01  1.36212558e-01 -7.50326991e-01
     7.05911636e-01 -1.19080293e+00  8.38109553e-01 -2.86618400e+00]
   [-9.59163964e-01 -1.52652070e-01 -1.28620231e+00 -1.73439181e+00
    -3.63008589e-01 -1.15912950e+00  3.62788498e-01 -1.31349933e+00]
   [-9.37591791e-01  7.80805647e-01 -2.61361265e+00 -1.08597469e+00
    -6.18052900e-01 -5.97133338e-01  7.18376487e-02 -3.34594995e-01]
   [-6.80967569e-01  2.49442995e-01 -3.44702601e+00 -1.20723712e+00
    -2.95129567e-01 -4.10054088e-01 -1.04764426e+00 -1.94618419e-01]]

  [[-8.13237488e-01  3.99694741e-01 -1.80136430e+00 -1.36724365e+00
    -8.38909686e-01 -9.22009230e-01  4.52542305e-01 -1.70339167e-01]
   [-1.03309119e+00  4.81970251e-01 -2.72840786e+00 -1.67344475e+00
    -3.27843398e-01 -9.54323649e-01  1.40126362e-01 -8.96649063e-02]
   [-1.02689159e+00 -4.53604966e-01 -3.89756203e+00 -2.21495914e+00
    -8.44716728e-02 -7.63686180e-01 -1.22372794e+00  7.20822155e-01]
   [-9.58434165e-01 -6.81318879e-01 -1.48563325e+00 -1.34487903e+00
    -7.61326194e-01 -7.51716793e-01 -8.17764521e-01  1.31064153e+00]
   [-9.97488976e-01 -7.22757339e-01 -1.85789645e+00 -2.54855335e-01
    -1.40019274e+00 -7.23452747e-01 -4.26942080e-01  1.31320357e+00]
   [-1.04081190e+00 -9.35703039e-01 -2.31921172e+00  1.05528422e-01
    -8.48479807e-01 -8.36324275e-01 -3.53283584e-01  8.42144787e-01]
   [-9.21794236e-01 -1.25373888e+00 -2.40507865e+00  2.24418327e-01
    -5.25154173e-01 -8.70405197e-01 -4.58496451e-01 -1.01619117e-01]
   [-9.55506384e-01 -1.16137064e+00 -2.17111349e+00  6.07342303e-01
    -6.50702059e-01 -6.73141479e-01 -4.59086359e-01 -6.03635490e-01]
   [-9.81063366e-01 -1.25219929e+00 -2.60407043e+00  1.20204043e+00
     1.58192553e-02 -5.40329874e-01 -1.62170827e+00 -1.59883857e+00]
   [-9.80251849e-01 -1.63978553e+00 -8.74469459e-01  1.60839927e+00
     1.85561612e-01 -7.51997411e-01 -4.23982978e-01 -1.93693650e+00]
   [-7.82078326e-01 -1.13447082e+00  1.37218630e+00  3.72079134e-01
    -8.44545960e-01 -1.17049277e+00  1.46799910e+00 -1.72311115e+00]
   [-8.74490023e-01 -1.54338494e-01 -2.22453427e+00 -1.17427957e+00
    -1.18779230e+00 -9.97272789e-01  4.55010027e-01 -1.25950074e+00]
   [-9.37591791e-01  7.80805647e-01 -2.61361265e+00 -1.08597469e+00
    -6.18052900e-01 -5.97133338e-01  7.18376487e-02 -3.34594995e-01]
   [-6.80967569e-01  2.49442995e-01 -3.44702601e+00 -1.20723712e+00
    -2.95129567e-01 -4.10054088e-01 -1.04764426e+00 -1.94618419e-01]]

  [[-8.13237488e-01  3.99694741e-01 -1.80136430e+00 -1.36724365e+00
    -8.38909686e-01 -9.22009230e-01  4.52542305e-01 -1.70339167e-01]
   [-1.13243461e+00  8.33350182e-01 -2.25803852e+00 -1.54074132e+00
    -1.03597093e+00 -1.00942600e+00  2.72407718e-02  2.22013921e-01]
   [-1.13179946e+00  7.29267776e-01 -2.11057448e+00 -2.18815804e+00
    -1.89593363e+00 -9.93372083e-01 -6.86817646e-01  8.00537050e-01]
   [-1.00104368e+00  7.88876414e-01 -9.33429718e-01 -2.29193234e+00
    -2.45145369e+00 -7.86478639e-01 -4.05030012e-01  1.51759303e+00]
   [-9.60300326e-01  5.34098566e-01 -1.28905940e+00 -2.44619656e+00
    -2.61035132e+00 -7.06870615e-01 -3.80901307e-01  2.52203059e+00]
   [-8.81888926e-01  5.04657745e-01 -8.96160185e-01 -2.30899882e+00
    -2.83784652e+00 -6.25137091e-01 -3.57869893e-01  2.77872491e+00]
   [-9.62722600e-01  5.92285216e-01 -9.06011522e-01 -2.13708925e+00
    -3.17184901e+00 -5.95873535e-01 -4.37459141e-01  3.22793889e+00]
   [-1.05687439e+00  8.62213731e-01 -1.41576898e+00 -1.25539899e+00
    -3.13576102e+00 -4.43368763e-01 -9.53407228e-01  2.63635945e+00]
   [-1.13547564e+00 -8.45709622e-01 -2.80848312e+00 -9.48821366e-01
    -8.18405211e-01 -4.07713175e-01 -2.98679376e+00  1.13920319e+00]
   [-7.85660326e-01 -1.08539629e+00  1.98221600e+00  1.64290573e-02
    -1.18745530e+00 -8.76614451e-01  5.26651323e-01  8.47483635e-01]
   [-7.32559443e-01 -6.60838127e-01  1.84758604e+00 -7.04597384e-02
    -2.14300752e+00 -8.31212223e-01  1.77327085e+00  6.80138543e-02]
   [-1.00797868e+00  6.33330226e-01 -3.23771477e+00 -1.05252206e+00
    -1.69937348e+00 -1.01612318e+00  6.68268025e-01  4.79597807e-01]
   [-9.37591791e-01  7.80805647e-01 -2.61361265e+00 -1.08597469e+00
    -6.18052900e-01 -5.97133338e-01  7.18376487e-02 -3.34594995e-01]
   [-6.80967569e-01  2.49442995e-01 -3.44702601e+00 -1.20723712e+00
    -2.95129567e-01 -4.10054088e-01 -1.04764426e+00 -1.94618419e-01]]

  [[-8.13237488e-01  3.99694741e-01 -1.80136430e+00 -1.36724365e+00
    -8.38909686e-01 -9.22009230e-01  4.52542305e-01 -1.70339167e-01]
   [-1.07931900e+00  9.64473426e-01 -2.10094666e+00 -1.30480111e+00
    -9.06441092e-01 -1.05850244e+00  4.76068258e-01 -1.84083775e-01]
   [-1.07931900e+00  9.64473426e-01 -2.10094666e+00 -1.30480111e+00
    -9.06441092e-01 -1.05850244e+00  4.76068258e-01 -1.84083775e-01]
   [-1.07931900e+00  9.64473426e-01 -2.10094666e+00 -1.30480111e+00
    -9.06441092e-01 -1.05850244e+00  4.76068258e-01 -1.84083775e-01]
   [-1.09561169e+00  9.78520453e-01 -2.09929156e+00 -1.37415171e+00
    -1.00817037e+00 -1.04632521e+00  3.01989675e-01 -4.52335775e-02]
   [-1.08965337e+00  1.00197721e+00 -1.90417206e+00 -1.45992649e+00
    -1.16017020e+00 -1.02995503e+00  3.09639245e-01  1.55347621e-03]
   [-1.15724790e+00  1.28949189e+00 -1.91331708e+00 -1.02373338e+00
    -1.47321522e+00 -8.04933488e-01  3.30212295e-01 -1.04063824e-01]
   [-1.18508971e+00  3.29029053e-01 -3.76627469e+00 -7.57938683e-01
     5.87268889e-01 -6.48271203e-01 -1.78581023e+00 -1.46364725e+00]
   [-1.23036838e+00 -1.57842445e+00 -2.67491579e+00 -7.77366221e-01
     9.22208905e-01 -6.75098538e-01 -2.44095421e+00 -5.65589786e-01]
   [-7.15820670e-01 -1.09235871e+00  3.77346349e+00 -3.40107143e-01
    -1.66347444e+00 -1.00314546e+00  1.07283866e+00 -5.04481971e-01]
   [-7.77593017e-01  3.82609554e-02 -6.80716336e-01 -5.05692363e-01
    -2.47394586e+00 -8.19248736e-01  1.32550693e+00  3.05187821e-01]
   [-1.04779661e+00  9.99004126e-01 -2.84115696e+00 -1.26164603e+00
    -1.23615420e+00 -1.08479655e+00  7.30084538e-01  5.90091467e-01]
   [-9.37591791e-01  7.80805647e-01 -2.61361265e+00 -1.08597469e+00
    -6.18052900e-01 -5.97133338e-01  7.18376487e-02 -3.34594995e-01]
   [-6.80967569e-01  2.49442995e-01 -3.44702601e+00 -1.20723712e+00
    -2.95129567e-01 -4.10054088e-01 -1.04764426e+00 -1.94618419e-01]]

  [[-8.13237488e-01  3.99694741e-01 -1.80136430e+00 -1.36724365e+00
    -8.38909686e-01 -9.22009230e-01  4.52542305e-01 -1.70339167e-01]
   [-1.07931900e+00  9.64473426e-01 -2.10094666e+00 -1.30480111e+00
    -9.06441092e-01 -1.05850244e+00  4.76068258e-01 -1.84083775e-01]
   [-1.07931900e+00  9.64473426e-01 -2.10094666e+00 -1.30480111e+00
    -9.06441092e-01 -1.05850244e+00  4.76068258e-01 -1.84083775e-01]
   [-1.07931900e+00  9.64473426e-01 -2.10094666e+00 -1.30480111e+00
    -9.06441092e-01 -1.05850244e+00  4.76068258e-01 -1.84083775e-01]
   [-1.07931900e+00  9.64473426e-01 -2.10094666e+00 -1.30480111e+00
    -9.06441092e-01 -1.05850244e+00  4.76068258e-01 -1.84083775e-01]
   [-1.10016358e+00  1.07445633e+00 -2.07778335e+00 -1.19977164e+00
    -1.00191021e+00 -1.00925875e+00  4.41906482e-01 -2.09902912e-01]
   [-1.20300686e+00  1.08927369e+00 -2.78456616e+00 -5.49445927e-01
    -4.05402303e-01 -7.50201702e-01 -2.39957586e-01 -9.37292159e-01]
   [-1.25115418e+00 -1.18979645e+00 -4.81761122e+00 -1.13095582e+00
     1.60681415e+00 -6.09002233e-01 -3.35604715e+00 -1.24172342e+00]
   [-8.34204137e-01 -1.26068616e+00  1.60937333e+00 -5.20196617e-01
    -7.78379321e-01 -9.48181987e-01 -4.50463444e-01 -1.60847336e-01]
   [-6.57279372e-01 -5.79999804e-01  2.37106109e+00 -3.53036135e-01
    -2.60558343e+00 -7.38818228e-01  1.46763813e+00 -2.39790291e-01]
   [-9.90250826e-01  7.99052477e-01 -2.86194396e+00 -9.99409437e-01
    -1.88400912e+00 -1.00405610e+00  9.56497133e-01  9.49594736e-01]
   [-1.08820617e+00  9.91616607e-01 -2.32522368e+00 -1.34999645e+00
    -9.36376095e-01 -1.04224312e+00  5.17090559e-01  1.80426836e-02]
   [-9.37591791e-01  7.80805647e-01 -2.61361265e+00 -1.08597469e+00
    -6.18052900e-01 -5.97133338e-01  7.18376487e-02 -3.34594995e-01]
   [-6.80967569e-01  2.49442995e-01 -3.44702601e+00 -1.20723712e+00
    -2.95129567e-01 -4.10054088e-01 -1.04764426e+00 -1.94618419e-01]]

  [[-8.13237488e-01  3.99694741e-01 -1.80136430e+00 -1.36724365e+00
    -8.38909686e-01 -9.22009230e-01  4.52542305e-01 -1.70339167e-01]
   [-1.07931900e+00  9.64473426e-01 -2.10094666e+00 -1.30480111e+00
    -9.06441092e-01 -1.05850244e+00  4.76068258e-01 -1.84083775e-01]
   [-1.07931900e+00  9.64473426e-01 -2.10094666e+00 -1.30480111e+00
    -9.06441092e-01 -1.05850244e+00  4.76068258e-01 -1.84083775e-01]
   [-1.07931900e+00  9.64473426e-01 -2.10094666e+00 -1.30480111e+00
    -9.06441092e-01 -1.05850244e+00  4.76068258e-01 -1.84083775e-01]
   [-1.08015275e+00  9.68872607e-01 -2.10002017e+00 -1.30059993e+00
    -9.10259843e-01 -1.05653286e+00  4.74701822e-01 -1.85116559e-01]
   [-1.24732399e+00  1.32724500e+00 -2.28134894e+00 -6.55099750e-01
    -1.08024454e+00 -7.82216609e-01  2.52127618e-01 -4.72869426e-01]
   [-1.19564700e+00 -4.19823602e-02 -4.09474087e+00 -5.21110058e-01
     1.14441848e+00 -6.48416281e-01 -2.12789774e+00 -1.90361214e+00]
   [-1.19734073e+00 -1.77984476e+00 -2.15887165e+00 -8.21352959e-01
     7.96021700e-01 -8.48306775e-01 -2.46765614e+00 -8.32534492e-01]
   [-6.92555428e-01 -9.90485013e-01  4.01499510e+00 -4.16907907e-01
    -1.64792693e+00 -1.04640734e+00  1.17682552e+00 -7.47529924e-01]
   [-8.30291212e-01  1.62799850e-01 -1.33738494e+00 -6.18355870e-01
    -2.33291721e+00 -8.29944372e-01  1.20618463e+00  3.48729551e-01]
   [-1.07650805e+00  1.04308009e+00 -2.74146557e+00 -1.32713473e+00
    -1.11832547e+00 -1.09803534e+00  6.82105482e-01  5.09545624e-01]
   [-1.07931900e+00  9.64473426e-01 -2.10094666e+00 -1.30480111e+00
    -9.06441092e-01 -1.05850244e+00  4.76068258e-01 -1.84083775e-01]
   [-9.37591791e-01  7.80805647e-01 -2.61361265e+00 -1.08597469e+00
    -6.18052900e-01 -5.97133338e-01  7.18376487e-02 -3.34594995e-01]
   [-6.80967569e-01  2.49442995e-01 -3.44702601e+00 -1.20723712e+00
    -2.95129567e-01 -4.10054088e-01 -1.04764426e+00 -1.94618419e-01]]

  [[-8.13237488e-01  3.99694741e-01 -1.80136430e+00 -1.36724365e+00
    -8.38909686e-01 -9.22009230e-01  4.52542305e-01 -1.70339167e-01]
   [-1.07931900e+00  9.64473426e-01 -2.10094666e+00 -1.30480111e+00
    -9.06441092e-01 -1.05850244e+00  4.76068258e-01 -1.84083775e-01]
   [-1.07931900e+00  9.64473426e-01 -2.10094666e+00 -1.30480111e+00
    -9.06441092e-01 -1.05850244e+00  4.76068258e-01 -1.84083775e-01]
   [-1.07931900e+00  9.64473426e-01 -2.10094666e+00 -1.30480111e+00
    -9.06441092e-01 -1.05850244e+00  4.76068258e-01 -1.84083775e-01]
   [-1.15756452e+00  1.21793580e+00 -2.09153581e+00 -1.01386929e+00
    -1.13602889e+00 -9.28870499e-01  4.12176728e-01 -2.27585524e-01]
   [-1.21822798e+00  8.74787390e-01 -3.23659086e+00 -3.58416200e-01
     1.92889109e-01 -7.41701186e-01 -1.05039942e+00 -1.63690937e+00]
   [-1.28954327e+00 -1.62545204e+00 -4.24632215e+00 -7.45521724e-01
     2.10032415e+00 -6.07799053e-01 -2.89333367e+00 -1.74714303e+00]
   [-8.27858031e-01 -1.49235630e+00  2.23125911e+00 -5.31033993e-01
    -8.58779907e-01 -1.02886951e+00 -1.17421426e-01 -6.21368766e-01]
   [-6.76796019e-01 -3.37755829e-01  1.62777638e+00 -2.90285736e-01
    -2.62619257e+00 -6.92123175e-01  1.38805306e+00 -2.25166738e-01]
   [-1.01026011e+00  8.16423893e-01 -3.03092504e+00 -1.03982949e+00
    -1.75325906e+00 -1.03814363e+00  8.72522891e-01  9.02733326e-01]
   [-1.08760440e+00  9.72430408e-01 -2.18744469e+00 -1.33430207e+00
    -9.18744802e-01 -1.04432619e+00  5.04336953e-01 -1.03978597e-01]
   [-1.07931900e+00  9.64473426e-01 -2.10094666e+00 -1.30480111e+00
    -9.06441092e-01 -1.05850244e+00  4.76068258e-01 -1.84083775e-01]
   [-9.37591791e-01  7.80805647e-01 -2.61361265e+00 -1.08597469e+00
    -6.18052900e-01 -5.97133338e-01  7.18376487e-02 -3.34594995e-01]
   [-6.80967569e-01  2.49442995e-01 -3.44702601e+00 -1.20723712e+00
    -2.95129567e-01 -4.10054088e-01 -1.04764426e+00 -1.94618419e-01]]

  [[-8.13237488e-01  3.99694741e-01 -1.80136430e+00 -1.36724365e+00
    -8.38909686e-01 -9.22009230e-01  4.52542305e-01 -1.70339167e-01]
   [-1.07931900e+00  9.64473426e-01 -2.10094666e+00 -1.30480111e+00
    -9.06441092e-01 -1.05850244e+00  4.76068258e-01 -1.84083775e-01]
   [-1.07931900e+00  9.64473426e-01 -2.10094666e+00 -1.30480111e+00
    -9.06441092e-01 -1.05850244e+00  4.76068258e-01 -1.84083775e-01]
   [-1.09627271e+00  1.05392623e+00 -2.08210731e+00 -1.21937704e+00
    -9.84089375e-01 -1.01845086e+00  4.48283315e-01 -2.05083326e-01]
   [-1.22296095e+00  1.24491584e+00 -2.59837699e+00 -4.12096113e-01
    -7.37138510e-01 -7.53470600e-01 -1.84331194e-01 -8.71292531e-01]
   [-1.34851849e+00 -7.01337636e-01 -4.56222391e+00 -5.54073393e-01
     1.82149112e+00 -5.79582214e-01 -3.06414509e+00 -1.98609018e+00]
   [-1.06380522e+00 -1.96816957e+00 -2.65261352e-01 -8.40682745e-01
     3.13157856e-01 -8.93767297e-01 -1.79063606e+00 -5.23197055e-01]
   [-6.36582136e-01 -9.56139028e-01  3.70438027e+00 -4.79759067e-01
    -2.35075831e+00 -8.95995140e-01  1.28945577e+00 -4.35454786e-01]
   [-8.68286371e-01  5.01127601e-01 -1.82315683e+00 -7.73406029e-01
    -2.35128069e+00 -8.56670141e-01  1.18469572e+00  8.90645087e-01]
   [-1.08007324e+00  1.03693736e+00 -2.66726470e+00 -1.33414650e+00
    -1.06052041e+00 -1.07646954e+00  6.59767330e-01  4.35793161e-01]
   [-1.07931900e+00  9.64473426e-01 -2.10094666e+00 -1.30480111e+00
    -9.06441092e-01 -1.05850244e+00  4.76068258e-01 -1.84083775e-01]
   [-1.07931900e+00  9.64473426e-01 -2.10094666e+00 -1.30480111e+00
    -9.06441092e-01 -1.05850244e+00  4.76068258e-01 -1.84083775e-01]
   [-9.37591791e-01  7.80805647e-01 -2.61361265e+00 -1.08597469e+00
    -6.18052900e-01 -5.97133338e-01  7.18376487e-02 -3.34594995e-01]
   [-6.80967569e-01  2.49442995e-01 -3.44702601e+00 -1.20723712e+00
    -2.95129567e-01 -4.10054088e-01 -1.04764426e+00 -1.94618419e-01]]

  [[-8.13237488e-01  3.99694741e-01 -1.80136430e+00 -1.36724365e+00
    -8.38909686e-01 -9.22009230e-01  4.52542305e-01 -1.70339167e-01]
   [-1.07931900e+00  9.64473426e-01 -2.10094666e+00 -1.30480111e+00
    -9.06441092e-01 -1.05850244e+00  4.76068258e-01 -1.84083775e-01]
   [-1.07931900e+00  9.64473426e-01 -2.10094666e+00 -1.30480111e+00
    -9.06441092e-01 -1.05850244e+00  4.76068258e-01 -1.84083775e-01]
   [-1.12368870e+00  1.13706803e+00 -2.19744062e+00 -8.51623058e-01
    -1.03148139e+00 -8.72639179e-01  4.95991856e-01 -4.54330504e-01]
   [-1.24489129e+00  3.94342959e-01 -4.03493595e+00 -3.31799001e-01
     8.27307463e-01 -6.97887361e-01 -1.68488383e+00 -1.84999573e+00]
   [-1.24946654e+00 -1.81259191e+00 -3.56041479e+00 -3.01658928e-01
     1.54255867e+00 -5.80171406e-01 -3.55109859e+00 -1.53779876e+00]
   [-7.48986065e-01 -1.51261723e+00  3.76079249e+00  1.60767913e-01
    -1.00881422e+00 -9.38179731e-01  5.15386641e-01 -1.27102613e+00]
   [-6.92827523e-01 -4.64990765e-01  1.00020683e+00 -4.52883005e-01
    -2.41236711e+00 -8.48569453e-01  1.53424788e+00 -4.20237541e-01]
   [-1.00739968e+00  8.50511611e-01 -2.85271025e+00 -1.25140274e+00
    -1.31821322e+00 -1.09483671e+00  7.78043687e-01  6.16599500e-01]
   [-1.08431876e+00  9.69274938e-01 -2.15314364e+00 -1.32260334e+00
    -9.13865805e-01 -1.04994786e+00  4.93126959e-01 -1.35744363e-01]
   [-1.07931900e+00  9.64473426e-01 -2.10094666e+00 -1.30480111e+00
    -9.06441092e-01 -1.05850244e+00  4.76068258e-01 -1.84083775e-01]
   [-1.07931900e+00  9.64473426e-01 -2.10094666e+00 -1.30480111e+00
    -9.06441092e-01 -1.05850244e+00  4.76068258e-01 -1.84083775e-01]
   [-9.37591791e-01  7.80805647e-01 -2.61361265e+00 -1.08597469e+00
    -6.18052900e-01 -5.97133338e-01  7.18376487e-02 -3.34594995e-01]
   [-6.80967569e-01  2.49442995e-01 -3.44702601e+00 -1.20723712e+00
    -2.95129567e-01 -4.10054088e-01 -1.04764426e+00 -1.94618419e-01]]

  [[-7.94219136e-01  4.75777149e-01 -1.49629927e+00 -1.11804593e+00
    -7.31510341e-01 -9.12596107e-01  1.27629176e-01 -5.41988730e-01]
   [-1.04115117e+00  7.28911042e-01 -1.41276360e+00 -1.29311478e+00
    -6.70066357e-01 -1.10560739e+00  1.43953143e-02 -6.11858964e-01]
   [-1.04115117e+00  7.28911042e-01 -1.41276360e+00 -1.29311478e+00
    -6.70066357e-01 -1.10560739e+00  1.43953143e-02 -6.11858964e-01]
   [-9.79739904e-01  5.10277927e-01 -1.89176476e+00 -1.29441190e+00
    -9.71812904e-02 -1.07654572e+00 -1.33203015e-01 -1.09863222e+00]
   [-1.10443234e+00 -1.10203826e+00 -4.37866306e+00 -1.83942485e+00
     9.93475318e-01 -7.60560930e-01 -2.83496284e+00 -1.05581737e+00]
   [-1.00951731e+00 -1.35395217e+00 -1.95228666e-01 -8.43418658e-01
    -8.27695131e-01 -7.80604601e-01 -2.26351333e+00  2.52835482e-01]
   [-5.99835515e-01 -5.98946989e-01  3.29063511e+00  4.57911849e-01
    -2.79343319e+00 -6.83451355e-01  1.08575153e+00  1.29854614e-02]
   [-8.64802003e-01  2.10463345e-01 -1.54679096e+00 -4.69010592e-01
    -2.13169432e+00 -9.30445492e-01  8.08127820e-01  3.62179756e-01]
   [-1.01747286e+00  7.27808297e-01 -1.89412677e+00 -1.32848954e+00
    -8.52860153e-01 -1.09650588e+00  8.07010531e-02 -3.23279530e-01]
   [-1.04115117e+00  7.28911042e-01 -1.41276360e+00 -1.29311478e+00
    -6.70066357e-01 -1.10560739e+00  1.43953143e-02 -6.11858964e-01]
   [-1.04115117e+00  7.28911042e-01 -1.41276360e+00 -1.29311478e+00
    -6.70066357e-01 -1.10560739e+00  1.43953143e-02 -6.11858964e-01]
   [-1.04115117e+00  7.28911042e-01 -1.41276360e+00 -1.29311478e+00
    -6.70066357e-01 -1.10560739e+00  1.43953143e-02 -6.11858964e-01]
   [-9.01510775e-01  4.36106324e-01 -1.98961306e+00 -1.22276056e+00
    -3.15677643e-01 -6.84811711e-01 -3.28853667e-01 -6.64003193e-01]
   [-5.81346869e-01 -1.46136746e-01 -2.90412211e+00 -1.37257814e+00
     1.93997566e-02 -5.34654856e-01 -1.17946231e+00 -4.09459889e-01]]

  [[-4.73853976e-01  3.70620519e-01 -1.16753089e+00  1.82044715e-01
     9.65804309e-02 -7.92484343e-01  1.49634425e-02 -1.71277535e+00]
   [-5.67554355e-01  2.97969937e-01 -6.74312472e-01 -1.61500365e-01
     4.57472891e-01 -9.87036407e-01 -1.41860008e-01 -2.35546923e+00]
   [-5.67554355e-01  2.97969937e-01 -6.74312472e-01 -1.61500365e-01
     4.57472891e-01 -9.87036407e-01 -1.41860008e-01 -2.35546923e+00]
   [-5.35485148e-01 -8.35289434e-02 -1.18222642e+00 -5.47238231e-01
     7.43502319e-01 -8.28818202e-01 -5.69390118e-01 -1.94665933e+00]
   [-6.14007950e-01 -7.46175528e-01 -1.87613428e+00 -1.63621902e+00
    -1.75849684e-02 -7.64714599e-01 -2.30287218e+00 -5.48829377e-01]
   [-3.89705718e-01  1.06408030e-01  1.75489628e+00 -6.39232397e-01
    -1.67759264e+00 -6.88406646e-01 -9.35039341e-01 -1.71577349e-01]
   [-4.27774251e-01  4.38003153e-01  1.48646510e+00  5.45230448e-01
    -1.67843044e+00 -7.26598203e-01  8.10094118e-01 -1.22299917e-01]
   [-5.81041515e-01  3.84321660e-01 -1.22610295e+00 -2.77792831e-04
    -2.65944541e-01 -1.05294836e+00  3.21192086e-01 -9.70651448e-01]
   [-5.72283149e-01  3.19427997e-01 -8.43221545e-01 -1.90657124e-01
     4.35234636e-01 -9.77988005e-01 -1.15998566e-01 -2.20411181e+00]
   [-5.67554355e-01  2.97969937e-01 -6.74312472e-01 -1.61500365e-01
     4.57472891e-01 -9.87036407e-01 -1.41860008e-01 -2.35546923e+00]
   [-5.67554355e-01  2.97969937e-01 -6.74312472e-01 -1.61500365e-01
     4.57472891e-01 -9.87036407e-01 -1.41860008e-01 -2.35546923e+00]
   [-5.67554355e-01  2.97969937e-01 -6.74312472e-01 -1.61500365e-01
     4.57472891e-01 -9.87036407e-01 -1.41860008e-01 -2.35546923e+00]
   [-4.48175490e-01  2.87567265e-02 -1.12720430e+00 -4.05749053e-01
     8.36455464e-01 -7.14074731e-01 -4.53430384e-01 -2.11255288e+00]
   [-2.72971928e-01 -4.16537344e-01 -1.69146717e+00 -9.57127273e-01
     7.65293181e-01 -4.75268841e-01 -8.42238069e-01 -1.50735390e+00]]]]