[[[[ 0.          0.          0.          0.        ]
   [ 0.          0.          0.          0.        ]
   [ 0.          0.          0.          0.        ]
   [ 0.          0.          0.          0.        ]
   [ 0.          0.          0.          0.        ]
   [ 0.          0.          0.          0.        ]
   [ 0.          0.          0.          0.        ]
   [ 0.          0.          0.          0.        ]
   [ 0.          0.          0.          0.        ]
   [ 0.          0.          0.          0.        ]
   [ 0.          0.          0.          0.        ]
   [ 0.          0.          0.          0.        ]
   [ 0.          0.          0.          0.        ]
   [ 0.          0.          0.          0.        ]
   [ 0.          0.          0.          0.        ]
   [ 0.          0.          0.          0.        ]
   [ 0.          0.          0.          0.        ]
   [ 0.          0.          0.          0.        ]
   [ 0.          0.          0.          0.        ]
   [ 0.          0.          0.          0.        ]
   [ 0.          0.          0.          0.        ]
   [ 0.          0.          0.          0.        ]
   [ 0.          0.          0.          0.        ]
   [ 0.          0.          0.          0.        ]
   [ 0.          0.          0.          0.        ]
   [ 0.          0.          0.          0.        ]
   [ 0.          0.          0.          0.        ]
   [ 0.          0.          0.          0.        ]]

  [[ 0.          0.          0.          0.        ]
   [ 0.          0.          0.          0.        ]
   [ 0.          0.          0.          0.        ]
   [ 0.          0.          0.          0.        ]
   [ 0.          0.          0.          0.        ]
   [ 0.          0.          0.          0.        ]
   [ 0.          0.          0.          0.        ]
   [ 0.          0.          0.          0.        ]
   [ 0.          0.          0.          0.        ]
   [ 0.          0.          0.          0.        ]
   [ 0.          0.          0.          0.        ]
   [ 0.          0.          0.          0.        ]
   [ 0.          0.          0.          0.        ]
   [ 0.          0.          0.          0.        ]
   [ 0.          0.          0.          0.        ]
   [ 0.          0.          0.          0.        ]
   [ 0.          0.          0.          0.        ]
   [ 0.          0.          0.          0.        ]
   [ 0.          0.          0.          0.        ]
   [ 0.          0.          0.          0.        ]
   [ 0.          0.          0.          0.        ]
   [ 0.          0.          0.          0.        ]
   [ 0.          0.          0.          0.        ]
   [ 0.          0.          0.          0.        ]
   [ 0.          0.          0.          0.        ]
   [ 0.          0.          0.          0.        ]
   [ 0.          0.          0.          0.        ]
   [ 0.          0.          0.          0.        ]]

  [[ 0.          0.          0.          0.        ]
   [ 0.          0.          0.          0.        ]
   [ 0.          0.          0.          0.        ]
   [ 0.          0.          0.          0.        ]
   [ 0.          0.          0.          0.        ]
   [ 0.          0.          0.          0.        ]
   [ 0.          0.          0.          0.        ]
   [ 0.          0.          0.          0.        ]
   [ 0.          0.          0.          0.        ]
   [ 0.          0.          0.          0.        ]
   [ 0.          0.          0.          0.        ]
   [ 0.          0.          0.          0.        ]
   [ 0.          0.          0.          0.        ]
   [ 0.          0.          0.          0.        ]
   [ 0.          0.          0.          0.        ]
   [ 0.          0.          0.          0.        ]
   [ 0.          0.          0.          0.        ]
   [ 0.          0.          0.          0.        ]
   [ 0.          0.          0.          0.        ]
   [ 0.          0.          0.          0.        ]
   [ 0.          0.          0.          0.        ]
   [ 0.          0.          0.          0.        ]
   [ 0.          0.          0.          0.        ]
   [ 0.          0.          0.          0.        ]
   [ 0.          0.          0.          0.        ]
   [ 0.          0.          0.          0.        ]
   [ 0.          0.          0.          0.        ]
   [ 0.          0.          0.          0.        ]]

  [[ 0.          0.          0.          0.        ]
   [ 0.          0.          0.          0.        ]
   [ 0.          0.          0.          0.        ]
   [ 0.          0.          0.          0.        ]
   [ 0.          0.          0.          0.        ]
   [ 0.          0.          0.          0.        ]
   [ 0.          0.          0.          0.        ]
   [ 0.          0.          0.          0.        ]
   [ 0.          0.          0.          0.        ]
   [ 0.          0.          0.          0.        ]
   [ 0.          0.          0.          0.        ]
   [ 0.          0.          0.          0.        ]
   [ 0.          0.          0.          0.        ]
   [ 0.          0.          0.          0.        ]
   [ 0.          0.          0.          0.        ]
   [ 0.          0.          0.          0.        ]
   [ 0.          0.          0.          0.        ]
   [ 0.          0.          0.          0.        ]
   [ 0.          0.          0.          0.        ]
   [ 0.          0.          0.          0.        ]
   [ 0.          0.          0.          0.        ]
   [ 0.          0.          0.          0.        ]
   [ 0.          0.          0.          0.        ]
   [ 0.          0.          0.          0.        ]
   [ 0.          0.          0.          0.        ]
   [ 0.          0.          0.          0.        ]
   [ 0.          0.          0.          0.        ]
   [ 0.          0.          0.          0.        ]]

  [[ 0.          0.          0.          0.        ]
   [ 0.          0.          0.          0.        ]
   [ 0.          0.          0.          0.        ]
   [ 0.          0.          0.          0.        ]
   [ 0.          0.          0.          0.        ]
   [ 0.          0.          0.          0.        ]
   [ 0.          0.          0.          0.        ]
   [ 0.          0.          0.          0.        ]
   [ 0.          0.          0.          0.        ]
   [ 0.          0.          0.          0.        ]
   [ 0.          0.          0.          0.        ]
   [ 0.          0.          0.          0.        ]
   [ 0.          0.          0.          0.        ]
   [ 0.          0.          0.          0.        ]
   [ 0.          0.          0.          0.        ]
   [ 0.          0.          0.          0.        ]
   [ 0.          0.          0.          0.        ]
   [ 0.          0.          0.          0.        ]
   [ 0.          0.          0.          0.        ]
   [ 0.          0.          0.          0.        ]
   [ 0.          0.          0.          0.        ]
   [ 0.          0.          0.          0.        ]
   [ 0.          0.          0.          0.        ]
   [ 0.          0.          0.          0.        ]
   [ 0.          0.          0.          0.        ]
   [ 0.          0.          0.          0.        ]
   [ 0.          0.          0.          0.        ]
   [ 0.          0.          0.          0.        ]]

  [[ 0.          0.          0.          0.        ]
   [ 0.          0.          0.          0.        ]
   [ 0.          0.          0.          0.        ]
   [ 0.          0.          0.          0.        ]
   [ 0.          0.          0.          0.        ]
   [ 0.          0.          0.          0.        ]
   [ 0.          0.          0.          0.        ]
   [ 0.          0.          0.          0.        ]
   [ 0.          0.          0.          0.        ]
   [ 0.          0.          0.          0.        ]
   [ 0.          0.          0.          0.        ]
   [ 0.          0.          0.          0.        ]
   [ 0.          0.          0.          0.        ]
   [ 0.          0.          0.          0.        ]
   [ 0.          0.          0.          0.        ]
   [ 0.          0.          0.          0.        ]
   [ 0.          0.          0.          0.        ]
   [ 0.          0.          0.          0.        ]
   [ 0.          0.          0.          0.        ]
   [ 0.          0.          0.          0.        ]
   [ 0.          0.          0.          0.        ]
   [ 0.          0.          0.          0.        ]
   [ 0.          0.          0.          0.        ]
   [ 0.          0.          0.          0.        ]
   [ 0.          0.          0.          0.        ]
   [ 0.          0.          0.          0.        ]
   [ 0.          0.          0.          0.        ]
   [ 0.          0.          0.          0.        ]]

  [[ 0.          0.          0.          0.        ]
   [ 0.          0.          0.          0.        ]
   [ 0.          0.          0.          0.        ]
   [ 0.          0.          0.          0.        ]
   [ 0.          0.          0.          0.        ]
   [ 0.          0.          0.          0.        ]
   [ 0.          0.          0.          0.        ]
   [ 0.          0.          0.          0.        ]
   [ 0.          0.          0.          0.        ]
   [ 0.          0.          0.          0.        ]
   [ 0.          0.          0.          0.        ]
   [ 0.          0.          0.          0.        ]
   [ 0.          0.          0.          0.        ]
   [ 0.          0.          0.          0.        ]
   [ 0.          0.          0.          0.        ]
   [ 0.          0.          0.          0.        ]
   [ 0.          0.          0.          0.        ]
   [ 0.          0.          0.          0.        ]
   [ 0.          0.          0.          0.        ]
   [ 0.          0.          0.          0.        ]
   [ 0.          0.          0.          0.        ]
   [ 0.          0.          0.          0.        ]
   [ 0.          0.          0.          0.        ]
   [ 0.          0.          0.          0.        ]
   [ 0.          0.          0.          0.        ]
   [ 0.          0.          0.          0.        ]
   [ 0.          0.          0.          0.        ]
   [ 0.          0.          0.          0.        ]]

  [[ 0.          0.          0.          0.        ]
   [ 0.          0.          0.          0.        ]
   [ 0.          0.          0.          0.        ]
   [ 0.          0.          0.          0.        ]
   [ 0.          0.          0.          0.        ]
   [ 0.          0.          0.          0.        ]
   [-0.15518157 -0.15242209 -0.22745259  0.16680829]
   [-0.34176895 -0.33569148 -0.5009373   0.3673754 ]
   [-0.29373655 -0.2885132  -0.43053526  0.31574425]
   [-0.27895737 -0.27399683 -0.4088731   0.29985777]
   [-0.11084399 -0.10887292 -0.16246614  0.11914878]
   [-0.06650639 -0.06532375 -0.09747969  0.07148927]
   [ 0.          0.          0.          0.        ]
   [ 0.          0.          0.          0.        ]
   [ 0.          0.          0.          0.        ]
   [ 0.          0.          0.          0.        ]
   [ 0.          0.          0.          0.        ]
   [ 0.          0.          0.          0.        ]
   [ 0.          0.          0.          0.        ]
   [ 0.          0.          0.          0.        ]
   [ 0.          0.          0.          0.        ]
   [ 0.          0.          0.          0.        ]
   [ 0.          0.          0.          0.        ]
   [ 0.          0.          0.          0.        ]
   [ 0.          0.          0.          0.        ]
   [ 0.          0.          0.          0.        ]
   [ 0.          0.          0.          0.        ]
   [ 0.          0.          0.          0.        ]]

  [[ 0.          0.          0.          0.        ]
   [ 0.          0.          0.          0.        ]
   [ 0.          0.          0.          0.        ]
   [ 0.          0.          0.          0.        ]
   [ 0.          0.          0.          0.        ]
   [ 0.          0.          0.          0.        ]
   [-0.41012275 -0.4028298  -0.60112476  0.4408505 ]
   [-0.46923953 -0.46089536 -0.68777335  0.5043965 ]
   [-0.46923953 -0.46089536 -0.68777335  0.5043965 ]
   [-0.46923953 -0.46089536 -0.68777335  0.5043965 ]
   [-0.46923953 -0.46089536 -0.68777335  0.5043965 ]
   [-0.44522336 -0.43730623 -0.65257233  0.47858095]
   [-0.36578518 -0.35928065 -0.5361383   0.39319098]
   [-0.36578518 -0.35928065 -0.5361383   0.39319098]
   [-0.36578518 -0.35928065 -0.5361383   0.39319098]
   [-0.36578518 -0.35928065 -0.5361383   0.39319098]
   [-0.36578518 -0.35928065 -0.5361383   0.39319098]
   [-0.36578518 -0.35928065 -0.5361383   0.39319098]
   [-0.36578518 -0.35928065 -0.5361383   0.39319098]
   [-0.36578518 -0.35928065 -0.5361383   0.39319098]
   [-0.31405795 -0.30847326 -0.4603207   0.3375882 ]
   [-0.09606479 -0.09435653 -0.140804    0.10326228]
   [ 0.          0.          0.          0.        ]
   [ 0.          0.          0.          0.        ]
   [ 0.          0.          0.          0.        ]
   [ 0.          0.          0.          0.        ]
   [ 0.          0.          0.          0.        ]
   [ 0.          0.          0.          0.        ]]

  [[ 0.          0.          0.          0.        ]
   [ 0.          0.          0.          0.        ]
   [ 0.          0.          0.          0.        ]
   [ 0.          0.          0.          0.        ]
   [ 0.          0.          0.          0.        ]
   [ 0.          0.          0.          0.        ]
   [-0.12377579 -0.12157476 -0.18142052  0.13304947]
   [-0.21060358 -0.20685855 -0.3086857   0.22638269]
   [-0.13301279 -0.1306475  -0.19495937  0.14297853]
   [-0.21060358 -0.20685855 -0.3086857   0.22638269]
   [-0.30112615 -0.29577142 -0.44136634  0.32368752]
   [-0.41935977 -0.41190255 -0.6146636   0.45077956]
   [-0.46923953 -0.46089536 -0.68777335  0.5043965 ]
   [-0.41566497 -0.40827346 -0.60924804  0.44680792]
   [-0.46923953 -0.46089536 -0.68777335  0.5043965 ]
   [-0.46923953 -0.46089536 -0.68777335  0.5043965 ]
   [-0.46923953 -0.46089536 -0.68777335  0.5043965 ]
   [-0.46184996 -0.45363715 -0.6769423   0.49645326]
   [-0.42305455 -0.41553164 -0.6200791   0.4547512 ]
   [-0.46923953 -0.46089536 -0.68777335  0.5043965 ]
   [-0.46923953 -0.46089536 -0.68777335  0.5043965 ]
   [-0.25863597 -0.2540368  -0.37908766  0.27801383]
   [ 0.          0.          0.          0.        ]
   [ 0.          0.          0.          0.        ]
   [ 0.          0.          0.          0.        ]
   [ 0.          0.          0.          0.        ]
   [ 0.          0.          0.          0.        ]
   [ 0.          0.          0.          0.        ]]

  [[ 0.          0.          0.          0.        ]
   [ 0.          0.          0.          0.        ]
   [ 0.          0.          0.          0.        ]
   [ 0.          0.          0.          0.        ]
   [ 0.          0.          0.          0.        ]
   [ 0.          0.          0.          0.        ]
   [ 0.          0.          0.          0.        ]
   [ 0.          0.          0.          0.        ]
   [ 0.          0.          0.          0.        ]
   [ 0.          0.          0.          0.        ]
   [ 0.          0.          0.          0.        ]
   [-0.0314058  -0.03084733 -0.04603207  0.03375882]
   [-0.12192839 -0.11976021 -0.17871276  0.13106366]
   [-0.0258636  -0.02540368 -0.03790877  0.02780138]
   [-0.12377579 -0.12157476 -0.18142052  0.13304947]
   [-0.12377579 -0.12157476 -0.18142052  0.13304947]
   [-0.12377579 -0.12157476 -0.18142052  0.13304947]
   [-0.10899659 -0.10705837 -0.15975837  0.11716297]
   [-0.03879539 -0.03810552 -0.05686315  0.04170207]
   [-0.43598637 -0.42823347 -0.6390335   0.46865186]
   [-0.46923953 -0.46089536 -0.68777335  0.5043965 ]
   [-0.19582438 -0.19234216 -0.2870235   0.21049619]
   [ 0.          0.          0.          0.        ]
   [ 0.          0.          0.          0.        ]
   [ 0.          0.          0.          0.        ]
   [ 0.          0.          0.          0.        ]
   [ 0.          0.          0.          0.        ]
   [ 0.          0.          0.          0.        ]]

  [[ 0.          0.          0.          0.        ]
   [ 0.          0.          0.          0.        ]
   [ 0.          0.          0.          0.        ]
   [ 0.          0.          0.          0.        ]
   [ 0.          0.          0.          0.        ]
   [ 0.          0.          0.          0.        ]
   [ 0.          0.          0.          0.        ]
   [ 0.          0.          0.          0.        ]
   [ 0.          0.          0.          0.        ]
   [ 0.          0.          0.          0.        ]
   [ 0.          0.          0.          0.        ]
   [ 0.          0.          0.          0.        ]
   [ 0.          0.          0.          0.        ]
   [ 0.          0.          0.          0.        ]
   [ 0.          0.          0.          0.        ]
   [ 0.          0.          0.          0.        ]
   [ 0.          0.          0.          0.        ]
   [ 0.          0.          0.          0.        ]
   [-0.15333419 -0.15060753 -0.22474483  0.16482247]
   [-0.46739215 -0.45908082 -0.68506557  0.5024107 ]
   [-0.38610658 -0.37924066 -0.56592375  0.41503492]
   [-0.0332532  -0.03266187 -0.04873984  0.03574463]
   [ 0.          0.          0.          0.        ]
   [ 0.          0.          0.          0.        ]
   [ 0.          0.          0.          0.        ]
   [ 0.          0.          0.          0.        ]
   [ 0.          0.          0.          0.        ]
   [ 0.          0.          0.          0.        ]]

  [[ 0.          0.          0.          0.        ]
   [ 0.          0.          0.          0.        ]
   [ 0.          0.          0.          0.        ]
   [ 0.          0.          0.          0.        ]
   [ 0.          0.          0.          0.        ]
   [ 0.          0.          0.          0.        ]
   [ 0.          0.          0.          0.        ]
   [ 0.          0.          0.          0.        ]
   [ 0.          0.          0.          0.        ]
   [ 0.          0.          0.          0.        ]
   [ 0.          0.          0.          0.        ]
   [ 0.          0.          0.          0.        ]
   [ 0.          0.          0.          0.        ]
   [ 0.          0.          0.          0.        ]
   [ 0.          0.          0.          0.        ]
   [ 0.          0.          0.          0.        ]
   [ 0.          0.          0.          0.        ]
   [-0.04064279 -0.03992007 -0.05957092  0.04368788]
   [-0.43044415 -0.42278984 -0.6309102   0.46269444]
   [-0.47108692 -0.46270987 -0.69048107  0.5063823 ]
   [-0.15333419 -0.15060753 -0.22474483  0.16482247]
   [ 0.          0.          0.          0.        ]
   [ 0.          0.          0.          0.        ]
   [ 0.          0.          0.          0.        ]
   [ 0.          0.          0.          0.        ]
   [ 0.          0.          0.          0.        ]
   [ 0.          0.          0.          0.        ]
   [ 0.          0.          0.          0.        ]]

  [[ 0.          0.          0.          0.        ]
   [ 0.          0.          0.          0.        ]
   [ 0.          0.          0.          0.        ]
   [ 0.          0.          0.          0.        ]
   [ 0.          0.          0.          0.        ]
   [ 0.          0.          0.          0.        ]
   [ 0.          0.          0.          0.        ]
   [ 0.          0.          0.          0.        ]
   [ 0.          0.          0.          0.        ]
   [ 0.          0.          0.          0.        ]
   [ 0.          0.          0.          0.        ]
   [ 0.          0.          0.          0.        ]
   [ 0.          0.          0.          0.        ]
   [ 0.          0.          0.          0.        ]
   [ 0.          0.          0.          0.        ]
   [ 0.          0.          0.          0.        ]
   [ 0.          0.          0.          0.        ]
   [-0.23831457 -0.23407677 -0.3493022   0.2561699 ]
   [-0.46923953 -0.46089536 -0.68777335  0.5043965 ]
   [-0.43968114 -0.4318626  -0.64444906  0.4726235 ]
   [-0.08128559 -0.07984014 -0.11914183  0.08737577]
   [ 0.          0.          0.          0.        ]
   [ 0.          0.          0.          0.        ]
   [ 0.          0.          0.          0.        ]
   [ 0.          0.          0.          0.        ]
   [ 0.          0.          0.          0.        ]
   [ 0.          0.          0.          0.        ]
   [ 0.          0.          0.          0.        ]]

  [[ 0.          0.          0.          0.        ]
   [ 0.          0.          0.          0.        ]
   [ 0.          0.          0.          0.        ]
   [ 0.          0.          0.          0.        ]
   [ 0.          0.          0.          0.        ]
   [ 0.          0.          0.          0.        ]
   [ 0.          0.          0.          0.        ]
   [ 0.          0.          0.          0.        ]
   [ 0.          0.          0.          0.        ]
   [ 0.          0.          0.          0.        ]
   [ 0.          0.          0.          0.        ]
   [ 0.          0.          0.          0.        ]
   [ 0.          0.          0.          0.        ]
   [ 0.          0.          0.          0.        ]
   [ 0.          0.          0.          0.        ]
   [ 0.          0.          0.          0.        ]
   [-0.10899659 -0.10705837 -0.15975837  0.11716297]
   [-0.46000254 -0.4518226  -0.6742345   0.49446744]
   [-0.46923953 -0.46089536 -0.68777335  0.5043965 ]
   [-0.11453879 -0.11250202 -0.16788168  0.1231204 ]
   [ 0.          0.          0.          0.        ]
   [ 0.          0.          0.          0.        ]
   [ 0.          0.          0.          0.        ]
   [ 0.          0.          0.          0.        ]
   [ 0.          0.          0.          0.        ]
   [ 0.          0.          0.          0.        ]
   [ 0.          0.          0.          0.        ]
   [ 0.          0.          0.          0.        ]]

  [[ 0.          0.          0.          0.        ]
   [ 0.          0.          0.          0.        ]
   [ 0.          0.          0.          0.        ]
   [ 0.          0.          0.          0.        ]
   [ 0.          0.          0.          0.        ]
   [ 0.          0.          0.          0.        ]
   [ 0.          0.          0.          0.        ]
   [ 0.          0.          0.          0.        ]
   [ 0.          0.          0.          0.        ]
   [ 0.          0.          0.          0.        ]
   [ 0.          0.          0.          0.        ]
   [ 0.          0.          0.          0.        ]
   [ 0.          0.          0.          0.        ]
   [ 0.          0.          0.          0.        ]
   [ 0.          0.          0.          0.        ]
   [ 0.          0.          0.          0.        ]
   [-0.24570417 -0.24133496 -0.3601333   0.26411313]
   [-0.46923953 -0.46089536 -0.68777335  0.5043965 ]
   [-0.34546375 -0.33932057 -0.5063528   0.371347  ]
   [-0.009237   -0.00907274 -0.01353884  0.00992906]
   [ 0.          0.          0.          0.        ]
   [ 0.          0.          0.          0.        ]
   [ 0.          0.          0.          0.        ]
   [ 0.          0.          0.          0.        ]
   [ 0.          0.          0.          0.        ]
   [ 0.          0.          0.          0.        ]
   [ 0.          0.          0.          0.        ]
   [ 0.          0.          0.          0.        ]]

  [[ 0.          0.          0.          0.        ]
   [ 0.          0.          0.          0.        ]
   [ 0.          0.          0.          0.        ]
   [ 0.          0.          0.          0.        ]
   [ 0.          0.          0.          0.        ]
   [ 0.          0.          0.          0.        ]
   [ 0.          0.          0.          0.        ]
   [ 0.          0.          0.          0.        ]
   [ 0.          0.          0.          0.        ]
   [ 0.          0.          0.          0.        ]
   [ 0.          0.          0.          0.        ]
   [ 0.          0.          0.          0.        ]
   [ 0.          0.          0.          0.        ]
   [ 0.          0.          0.          0.        ]
   [ 0.          0.          0.          0.        ]
   [-0.0166266  -0.01633094 -0.02436992  0.01787232]
   [-0.37871698 -0.37198249 -0.5550927   0.40709168]
   [-0.45815516 -0.45000806 -0.67152673  0.49248162]
   [-0.10714919 -0.10524382 -0.15705061  0.11517715]
   [ 0.          0.          0.          0.        ]
   [ 0.          0.          0.          0.        ]
   [ 0.          0.          0.          0.        ]
   [ 0.          0.          0.          0.        ]
   [ 0.          0.          0.          0.        ]
   [ 0.          0.          0.          0.        ]
   [ 0.          0.          0.          0.        ]
   [ 0.          0.          0.          0.        ]
   [ 0.          0.          0.          0.        ]]

  [[ 0.          0.          0.          0.        ]
   [ 0.          0.          0.          0.        ]
   [ 0.          0.          0.          0.        ]
   [ 0.          0.          0.          0.        ]
   [ 0.          0.          0.          0.        ]
   [ 0.          0.          0.          0.        ]
   [ 0.          0.          0.          0.        ]
   [ 0.          0.          0.          0.        ]
   [ 0.          0.          0.          0.        ]
   [ 0.          0.          0.          0.        ]
   [ 0.          0.          0.          0.        ]
   [ 0.          0.          0.          0.        ]
   [ 0.          0.          0.          0.        ]
   [ 0.          0.          0.          0.        ]
   [ 0.          0.          0.          0.        ]
   [-0.23277238 -0.22863314 -0.3411789   0.25021243]
   [-0.46923953 -0.46089536 -0.68777335  0.5043965 ]
   [-0.33622676 -0.33024785 -0.49281394  0.36141795]
   [ 0.          0.          0.          0.        ]
   [ 0.          0.          0.          0.        ]
   [ 0.          0.          0.          0.        ]
   [ 0.          0.          0.          0.        ]
   [ 0.          0.          0.          0.        ]
   [ 0.          0.          0.          0.        ]
   [ 0.          0.          0.          0.        ]
   [ 0.          0.          0.          0.        ]
   [ 0.          0.          0.          0.        ]
   [ 0.          0.          0.          0.        ]]

  [[ 0.          0.          0.          0.        ]
   [ 0.          0.          0.          0.        ]
   [ 0.          0.          0.          0.        ]
   [ 0.          0.          0.          0.        ]
   [ 0.          0.          0.          0.        ]
   [ 0.          0.          0.          0.        ]
   [ 0.          0.          0.          0.        ]
   [ 0.          0.          0.          0.        ]
   [ 0.          0.          0.          0.        ]
   [ 0.          0.          0.          0.        ]
   [ 0.          0.          0.          0.        ]
   [ 0.          0.          0.          0.        ]
   [ 0.          0.          0.          0.        ]
   [ 0.          0.          0.          0.        ]
   [-0.13855498 -0.13609114 -0.20308268  0.14893597]
   [-0.46369734 -0.4554517  -0.67965     0.49843907]
   [-0.44337595 -0.43549168 -0.64986455  0.47659513]
   [-0.10530179 -0.10342927 -0.15434285  0.11319134]
   [ 0.          0.          0.          0.        ]
   [ 0.          0.          0.          0.        ]
   [ 0.          0.          0.          0.        ]
   [ 0.          0.          0.          0.        ]
   [ 0.          0.          0.          0.        ]
   [ 0.          0.          0.          0.        ]
   [ 0.          0.          0.          0.        ]
   [ 0.          0.          0.          0.        ]
   [ 0.          0.          0.          0.        ]
   [ 0.          0.          0.          0.        ]]

  [[ 0.          0.          0.          0.        ]
   [ 0.          0.          0.          0.        ]
   [ 0.          0.          0.          0.        ]
   [ 0.          0.          0.          0.        ]
   [ 0.          0.          0.          0.        ]
   [ 0.          0.          0.          0.        ]
   [ 0.          0.          0.          0.        ]
   [ 0.          0.          0.          0.        ]
   [ 0.          0.          0.          0.        ]
   [ 0.          0.          0.          0.        ]
   [ 0.          0.          0.          0.        ]
   [ 0.          0.          0.          0.        ]
   [ 0.          0.          0.          0.        ]
   [-0.03510059 -0.03447642 -0.05144761  0.03773045]
   [-0.40827537 -0.40101525 -0.598417    0.43886468]
   [-0.46923953 -0.46089536 -0.68777335  0.5043965 ]
   [-0.30666837 -0.30121505 -0.44948965  0.32964495]
   [ 0.          0.          0.          0.        ]
   [ 0.          0.          0.          0.        ]
   [ 0.          0.          0.          0.        ]
   [ 0.          0.          0.          0.        ]
   [ 0.          0.          0.          0.        ]
   [ 0.          0.          0.          0.        ]
   [ 0.          0.          0.          0.        ]
   [ 0.          0.          0.          0.        ]
   [ 0.          0.          0.          0.        ]
   [ 0.          0.          0.          0.        ]
   [ 0.          0.          0.          0.        ]]

  [[ 0.          0.          0.          0.        ]
   [ 0.          0.          0.          0.        ]
   [ 0.          0.          0.          0.        ]
   [ 0.          0.          0.          0.        ]
   [ 0.          0.          0.          0.        ]
   [ 0.          0.          0.          0.        ]
   [ 0.          0.          0.          0.        ]
   [ 0.          0.          0.          0.        ]
   [ 0.          0.          0.          0.        ]
   [ 0.          0.          0.          0.        ]
   [ 0.          0.          0.          0.        ]
   [ 0.          0.          0.          0.        ]
   [-0.0055422  -0.00544365 -0.00812331  0.00595744]
   [-0.37502217 -0.3683534  -0.54967713  0.40312004]
   [-0.46923953 -0.46089536 -0.68777335  0.5043965 ]
   [-0.40458056 -0.39738616 -0.5930014   0.43489307]
   [-0.06465899 -0.0635092  -0.09477191  0.06950346]
   [ 0.          0.          0.          0.        ]
   [ 0.          0.          0.          0.        ]
   [ 0.          0.          0.          0.        ]
   [ 0.          0.          0.          0.        ]
   [ 0.          0.          0.          0.        ]
   [ 0.          0.          0.          0.        ]
   [ 0.          0.          0.          0.        ]
   [ 0.          0.          0.          0.        ]
   [ 0.          0.          0.          0.        ]
   [ 0.          0.          0.          0.        ]
   [ 0.          0.          0.          0.        ]]

  [[ 0.          0.          0.          0.        ]
   [ 0.          0.          0.          0.        ]
   [ 0.          0.          0.          0.        ]
   [ 0.          0.          0.          0.        ]
   [ 0.          0.          0.          0.        ]
   [ 0.          0.          0.          0.        ]
   [ 0.          0.          0.          0.        ]
   [ 0.          0.          0.          0.        ]
   [ 0.          0.          0.          0.        ]
   [ 0.          0.          0.          0.        ]
   [ 0.          0.          0.          0.        ]
   [ 0.          0.          0.          0.        ]
   [-0.07020119 -0.06895284 -0.10289522  0.0754609 ]
   [-0.46923953 -0.46089536 -0.68777335  0.5043965 ]
   [-0.46923953 -0.46089536 -0.68777335  0.5043965 ]
   [-0.14224978 -0.13972025 -0.20849821  0.1529076 ]
   [ 0.          0.          0.          0.        ]
   [ 0.          0.          0.          0.        ]
   [ 0.          0.          0.          0.        ]
   [ 0.          0.          0.          0.        ]
   [ 0.          0.          0.          0.        ]
   [ 0.          0.          0.          0.        ]
   [ 0.          0.          0.          0.        ]
   [ 0.          0.          0.          0.        ]
   [ 0.          0.          0.          0.        ]
   [ 0.          0.          0.          0.        ]
   [ 0.          0.          0.          0.        ]
   [ 0.          0.          0.          0.        ]]

  [[ 0.          0.          0.          0.        ]
   [ 0.          0.          0.          0.        ]
   [ 0.          0.          0.          0.        ]
   [ 0.          0.          0.          0.        ]
   [ 0.          0.          0.          0.        ]
   [ 0.          0.          0.          0.        ]
   [ 0.          0.          0.          0.        ]
   [ 0.          0.          0.          0.        ]
   [ 0.          0.          0.          0.        ]
   [ 0.          0.          0.          0.        ]
   [ 0.          0.          0.          0.        ]
   [-0.05726939 -0.05625101 -0.08394084  0.0615602 ]
   [-0.41381755 -0.4064589  -0.60654026  0.44482213]
   [-0.46923953 -0.46089536 -0.68777335  0.5043965 ]
   [-0.21245098 -0.20867309 -0.31139344  0.2283685 ]
   [-0.0018474  -0.00181455 -0.00270777  0.00198581]
   [ 0.          0.          0.          0.        ]
   [ 0.          0.          0.          0.        ]
   [ 0.          0.          0.          0.        ]
   [ 0.          0.          0.          0.        ]
   [ 0.          0.          0.          0.        ]
   [ 0.          0.          0.          0.        ]
   [ 0.          0.          0.          0.        ]
   [ 0.          0.          0.          0.        ]
   [ 0.          0.          0.          0.        ]
   [ 0.          0.          0.          0.        ]
   [ 0.          0.          0.          0.        ]
   [ 0.          0.          0.          0.        ]]

  [[ 0.          0.          0.          0.        ]
   [ 0.          0.          0.          0.        ]
   [ 0.          0.          0.          0.        ]
   [ 0.          0.          0.          0.        ]
   [ 0.          0.          0.          0.        ]
   [ 0.          0.          0.          0.        ]
   [ 0.          0.          0.          0.        ]
   [ 0.          0.          0.          0.        ]
   [ 0.          0.          0.          0.        ]
   [ 0.          0.          0.          0.        ]
   [ 0.          0.          0.          0.        ]
   [-0.24570417 -0.24133496 -0.3601333   0.26411313]
   [-0.46923953 -0.46089536 -0.68777335  0.5043965 ]
   [-0.46923953 -0.46089536 -0.68777335  0.5043965 ]
   [-0.09606479 -0.09435653 -0.140804    0.10326228]
   [ 0.          0.          0.          0.        ]
   [ 0.          0.          0.          0.        ]
   [ 0.          0.          0.          0.        ]
   [ 0.          0.          0.          0.        ]
   [ 0.          0.          0.          0.        ]
   [ 0.          0.          0.          0.        ]
   [ 0.          0.          0.          0.        ]
   [ 0.          0.          0.          0.        ]
   [ 0.          0.          0.          0.        ]
   [ 0.          0.          0.          0.        ]
   [ 0.          0.          0.          0.        ]
   [ 0.          0.          0.          0.        ]
   [ 0.          0.          0.          0.        ]]

  [[ 0.          0.          0.          0.        ]
   [ 0.          0.          0.          0.        ]
   [ 0.          0.          0.          0.        ]
   [ 0.          0.          0.          0.        ]
   [ 0.          0.          0.          0.        ]
   [ 0.          0.          0.          0.        ]
   [ 0.          0.          0.          0.        ]
   [ 0.          0.          0.          0.        ]
   [ 0.          0.          0.          0.        ]
   [ 0.          0.          0.          0.        ]
   [-0.11269139 -0.11068746 -0.16517392  0.12113459]
   [-0.44707075 -0.43912077 -0.6552801   0.48056674]
   [-0.46923953 -0.46089536 -0.68777335  0.5043965 ]
   [-0.46923953 -0.46089536 -0.68777335  0.5043965 ]
   [-0.09606479 -0.09435653 -0.140804    0.10326228]
   [ 0.          0.          0.          0.        ]
   [ 0.          0.          0.          0.        ]
   [ 0.          0.          0.          0.        ]
   [ 0.          0.          0.          0.        ]
   [ 0.          0.          0.          0.        ]
   [ 0.          0.          0.          0.        ]
   [ 0.          0.          0.          0.        ]
   [ 0.          0.          0.          0.        ]
   [ 0.          0.          0.          0.        ]
   [ 0.          0.          0.          0.        ]
   [ 0.          0.          0.          0.        ]
   [ 0.          0.          0.          0.        ]
   [ 0.          0.          0.          0.        ]]

  [[ 0.          0.          0.          0.        ]
   [ 0.          0.          0.          0.        ]
   [ 0.          0.          0.          0.        ]
   [ 0.          0.          0.          0.        ]
   [ 0.          0.          0.          0.        ]
   [ 0.          0.          0.          0.        ]
   [ 0.          0.          0.          0.        ]
   [ 0.          0.          0.          0.        ]
   [ 0.          0.          0.          0.        ]
   [ 0.          0.          0.          0.        ]
   [-0.22353537 -0.21956038 -0.32764006  0.24028337]
   [-0.46923953 -0.46089536 -0.68777335  0.5043965 ]
   [-0.46923953 -0.46089536 -0.68777335  0.5043965 ]
   [-0.40458056 -0.39738616 -0.5930014   0.43489307]
   [-0.07389599 -0.07258195 -0.10831076  0.07943252]
   [ 0.          0.          0.          0.        ]
   [ 0.          0.          0.          0.        ]
   [ 0.          0.          0.          0.        ]
   [ 0.          0.          0.          0.        ]
   [ 0.          0.          0.          0.        ]
   [ 0.          0.          0.          0.        ]
   [ 0.          0.          0.          0.        ]
   [ 0.          0.          0.          0.        ]
   [ 0.          0.          0.          0.        ]
   [ 0.          0.          0.          0.        ]
   [ 0.          0.          0.          0.        ]
   [ 0.          0.          0.          0.        ]
   [ 0.          0.          0.          0.        ]]

  [[ 0.          0.          0.          0.        ]
   [ 0.          0.          0.          0.        ]
   [ 0.          0.          0.          0.        ]
   [ 0.          0.          0.          0.        ]
   [ 0.          0.          0.          0.        ]
   [ 0.          0.          0.          0.        ]
   [ 0.          0.          0.          0.        ]
   [ 0.          0.          0.          0.        ]
   [ 0.          0.          0.          0.        ]
   [ 0.          0.          0.          0.        ]
   [-0.22353537 -0.21956038 -0.32764006  0.24028337]
   [-0.46923953 -0.46089536 -0.68777335  0.5043965 ]
   [-0.38241178 -0.37561157 -0.5605082   0.4110633 ]
   [-0.0332532  -0.03266187 -0.04873984  0.03574463]
   [ 0.          0.          0.          0.        ]
   [ 0.          0.          0.          0.        ]
   [ 0.          0.          0.          0.        ]
   [ 0.          0.          0.          0.        ]
   [ 0.          0.          0.          0.        ]
   [ 0.          0.          0.          0.        ]
   [ 0.          0.          0.          0.        ]
   [ 0.          0.          0.          0.        ]
   [ 0.          0.          0.          0.        ]
   [ 0.          0.          0.          0.        ]
   [ 0.          0.          0.          0.        ]
   [ 0.          0.          0.          0.        ]
   [ 0.          0.          0.          0.        ]
   [ 0.          0.          0.          0.        ]]

  [[ 0.          0.          0.          0.        ]
   [ 0.          0.          0.          0.        ]
   [ 0.          0.          0.          0.        ]
   [ 0.          0.          0.          0.        ]
   [ 0.          0.          0.          0.        ]
   [ 0.          0.          0.          0.        ]
   [ 0.          0.          0.          0.        ]
   [ 0.          0.          0.          0.        ]
   [ 0.          0.          0.          0.        ]
   [ 0.          0.          0.          0.        ]
   [ 0.          0.          0.          0.        ]
   [ 0.          0.          0.          0.        ]
   [ 0.          0.          0.          0.        ]
   [ 0.          0.          0.          0.        ]
   [ 0.          0.          0.          0.        ]
   [ 0.          0.          0.          0.        ]
   [ 0.          0.          0.          0.        ]
   [ 0.          0.          0.          0.        ]
   [ 0.          0.          0.          0.        ]
   [ 0.          0.          0.          0.        ]
   [ 0.          0.          0.          0.        ]
   [ 0.          0.          0.          0.        ]
   [ 0.          0.          0.          0.        ]
   [ 0.          0.          0.          0.        ]
   [ 0.          0.          0.          0.        ]
   [ 0.          0.          0.          0.        ]
   [ 0.          0.          0.          0.        ]
   [ 0.          0.          0.          0.        ]]]]