[[[[0.23360111 0.2814362  0.28404242 0.06417983]
   [0.23360111 0.2814362  0.28404242 0.06417983]
   [0.23360111 0.2814362  0.28404242 0.06417983]
   [0.23360111 0.2814362  0.28404242 0.06417983]
   [0.23360111 0.2814362  0.28404242 0.06417983]
   [0.23360111 0.2814362  0.28404242 0.06417983]
   [0.23360111 0.2814362  0.28404242 0.06417983]
   [0.23360111 0.2814362  0.28404242 0.06417983]
   [0.23360111 0.2814362  0.28404242 0.06417983]
   [0.23360111 0.2814362  0.28404242 0.06417983]
   [0.23360111 0.2814362  0.28404242 0.06417983]
   [0.23360111 0.2814362  0.28404242 0.06417983]
   [0.23360111 0.2814362  0.28404242 0.06417983]
   [0.23360111 0.2814362  0.28404242 0.06417983]
   [0.23360111 0.2814362  0.28404242 0.06417983]
   [0.23360111 0.2814362  0.28404242 0.06417983]
   [0.23360111 0.2814362  0.28404242 0.06417983]
   [0.23360111 0.2814362  0.28404242 0.06417983]
   [0.23360111 0.2814362  0.28404242 0.06417983]
   [0.23360111 0.2814362  0.28404242 0.06417983]
   [0.23360111 0.2814362  0.28404242 0.06417983]
   [0.23360111 0.2814362  0.28404242 0.06417983]
   [0.23360111 0.2814362  0.28404242 0.06417983]
   [0.23360111 0.2814362  0.28404242 0.06417983]
   [0.23360111 0.2814362  0.28404242 0.06417983]
   [0.23360111 0.2814362  0.28404242 0.06417983]
   [0.23360111 0.2814362  0.28404242 0.06417983]
   [0.23360111 0.2814362  0.28404242 0.06417983]]

  [[0.23360111 0.2814362  0.28404242 0.06417983]
   [0.23360111 0.2814362  0.28404242 0.06417983]
   [0.23360111 0.2814362  0.28404242 0.06417983]
   [0.23360111 0.2814362  0.28404242 0.06417983]
   [0.23360111 0.2814362  0.28404242 0.06417983]
   [0.23360111 0.2814362  0.28404242 0.06417983]
   [0.23360111 0.2814362  0.28404242 0.06417983]
   [0.23360111 0.2814362  0.28404242 0.06417983]
   [0.23360111 0.2814362  0.28404242 0.06417983]
   [0.23360111 0.2814362  0.28404242 0.06417983]
   [0.23360111 0.2814362  0.28404242 0.06417983]
   [0.23360111 0.2814362  0.28404242 0.06417983]
   [0.23360111 0.2814362  0.28404242 0.06417983]
   [0.23360111 0.2814362  0.28404242 0.06417983]
   [0.23360111 0.2814362  0.28404242 0.06417983]
   [0.23360111 0.2814362  0.28404242 0.06417983]
   [0.23360111 0.2814362  0.28404242 0.06417983]
   [0.23360111 0.2814362  0.28404242 0.06417983]
   [0.23360111 0.2814362  0.28404242 0.06417983]
   [0.23360111 0.2814362  0.28404242 0.06417983]
   [0.23360111 0.2814362  0.28404242 0.06417983]
   [0.23360111 0.2814362  0.28404242 0.06417983]
   [0.23360111 0.2814362  0.28404242 0.06417983]
   [0.23360111 0.2814362  0.28404242 0.06417983]
   [0.23360111 0.2814362  0.28404242 0.06417983]
   [0.23360111 0.2814362  0.28404242 0.06417983]
   [0.23360111 0.2814362  0.28404242 0.06417983]
   [0.23360111 0.2814362  0.28404242 0.06417983]]

  [[0.23360111 0.2814362  0.28404242 0.06417983]
   [0.23360111 0.2814362  0.28404242 0.06417983]
   [0.23360111 0.2814362  0.28404242 0.06417983]
   [0.23360111 0.2814362  0.28404242 0.06417983]
   [0.23360111 0.2814362  0.28404242 0.06417983]
   [0.23360111 0.2814362  0.28404242 0.06417983]
   [0.23360111 0.2814362  0.28404242 0.06417983]
   [0.23360111 0.2814362  0.28404242 0.06417983]
   [0.23360111 0.2814362  0.28404242 0.06417983]
   [0.23360111 0.2814362  0.28404242 0.06417983]
   [0.23360111 0.2814362  0.28404242 0.06417983]
   [0.23360111 0.2814362  0.28404242 0.06417983]
   [0.23360111 0.2814362  0.28404242 0.06417983]
   [0.23360111 0.2814362  0.28404242 0.06417983]
   [0.23360111 0.2814362  0.28404242 0.06417983]
   [0.23360111 0.2814362  0.28404242 0.06417983]
   [0.23360111 0.2814362  0.28404242 0.06417983]
   [0.23360111 0.2814362  0.28404242 0.06417983]
   [0.23360111 0.2814362  0.28404242 0.06417983]
   [0.23360111 0.2814362  0.28404242 0.06417983]
   [0.23360111 0.2814362  0.28404242 0.06417983]
   [0.23360111 0.2814362  0.28404242 0.06417983]
   [0.23360111 0.2814362  0.28404242 0.06417983]
   [0.23360111 0.2814362  0.28404242 0.06417983]
   [0.23360111 0.2814362  0.28404242 0.06417983]
   [0.23360111 0.2814362  0.28404242 0.06417983]
   [0.23360111 0.2814362  0.28404242 0.06417983]
   [0.23360111 0.2814362  0.28404242 0.06417983]]

  [[0.23360111 0.2814362  0.28404242 0.06417983]
   [0.23360111 0.2814362  0.28404242 0.06417983]
   [0.23360111 0.2814362  0.28404242 0.06417983]
   [0.23360111 0.2814362  0.28404242 0.06417983]
   [0.23360111 0.2814362  0.28404242 0.06417983]
   [0.23360111 0.2814362  0.28404242 0.06417983]
   [0.23360111 0.2814362  0.28404242 0.06417983]
   [0.23360111 0.2814362  0.28404242 0.06417983]
   [0.23360111 0.2814362  0.28404242 0.06417983]
   [0.23360111 0.2814362  0.28404242 0.06417983]
   [0.23360111 0.2814362  0.28404242 0.06417983]
   [0.23360111 0.2814362  0.28404242 0.06417983]
   [0.23360111 0.2814362  0.28404242 0.06417983]
   [0.23360111 0.2814362  0.28404242 0.06417983]
   [0.23360111 0.2814362  0.28404242 0.06417983]
   [0.23360111 0.2814362  0.28404242 0.06417983]
   [0.23360111 0.2814362  0.28404242 0.06417983]
   [0.23360111 0.2814362  0.28404242 0.06417983]
   [0.23360111 0.2814362  0.28404242 0.06417983]
   [0.23360111 0.2814362  0.28404242 0.06417983]
   [0.23360111 0.2814362  0.28404242 0.06417983]
   [0.23360111 0.2814362  0.28404242 0.06417983]
   [0.23360111 0.2814362  0.28404242 0.06417983]
   [0.23360111 0.2814362  0.28404242 0.06417983]
   [0.23360111 0.2814362  0.28404242 0.06417983]
   [0.23360111 0.2814362  0.28404242 0.06417983]
   [0.23360111 0.2814362  0.28404242 0.06417983]
   [0.23360111 0.2814362  0.28404242 0.06417983]]

  [[0.23360111 0.2814362  0.28404242 0.06417983]
   [0.23360111 0.2814362  0.28404242 0.06417983]
   [0.23360111 0.2814362  0.28404242 0.06417983]
   [0.23360111 0.2814362  0.28404242 0.06417983]
   [0.23360111 0.2814362  0.28404242 0.06417983]
   [0.23360111 0.2814362  0.28404242 0.06417983]
   [0.23360111 0.2814362  0.28404242 0.06417983]
   [0.23360111 0.2814362  0.28404242 0.06417983]
   [0.23360111 0.2814362  0.28404242 0.06417983]
   [0.23360111 0.2814362  0.28404242 0.06417983]
   [0.23360111 0.2814362  0.28404242 0.06417983]
   [0.23360111 0.2814362  0.28404242 0.06417983]
   [0.23360111 0.2814362  0.28404242 0.06417983]
   [0.23360111 0.2814362  0.28404242 0.06417983]
   [0.23360111 0.2814362  0.28404242 0.06417983]
   [0.23360111 0.2814362  0.28404242 0.06417983]
   [0.23360111 0.2814362  0.28404242 0.06417983]
   [0.23360111 0.2814362  0.28404242 0.06417983]
   [0.23360111 0.2814362  0.28404242 0.06417983]
   [0.23360111 0.2814362  0.28404242 0.06417983]
   [0.23360111 0.2814362  0.28404242 0.06417983]
   [0.23360111 0.2814362  0.28404242 0.06417983]
   [0.23360111 0.2814362  0.28404242 0.06417983]
   [0.23360111 0.2814362  0.28404242 0.06417983]
   [0.23360111 0.2814362  0.28404242 0.06417983]
   [0.23360111 0.2814362  0.28404242 0.06417983]
   [0.23360111 0.2814362  0.28404242 0.06417983]
   [0.23360111 0.2814362  0.28404242 0.06417983]]

  [[0.23360111 0.2814362  0.28404242 0.06417983]
   [0.23360111 0.2814362  0.28404242 0.06417983]
   [0.23360111 0.2814362  0.28404242 0.06417983]
   [0.23360111 0.2814362  0.28404242 0.06417983]
   [0.23360111 0.2814362  0.28404242 0.06417983]
   [0.23360111 0.2814362  0.28404242 0.06417983]
   [0.23360111 0.2814362  0.28404242 0.06417983]
   [0.23360111 0.2814362  0.28404242 0.06417983]
   [0.23360111 0.2814362  0.28404242 0.06417983]
   [0.23360111 0.2814362  0.28404242 0.06417983]
   [0.23360111 0.2814362  0.28404242 0.06417983]
   [0.23360111 0.2814362  0.28404242 0.06417983]
   [0.23360111 0.2814362  0.28404242 0.06417983]
   [0.23360111 0.2814362  0.28404242 0.06417983]
   [0.23360111 0.2814362  0.28404242 0.06417983]
   [0.23360111 0.2814362  0.28404242 0.06417983]
   [0.23360111 0.2814362  0.28404242 0.06417983]
   [0.23360111 0.2814362  0.28404242 0.06417983]
   [0.23360111 0.2814362  0.28404242 0.06417983]
   [0.23360111 0.2814362  0.28404242 0.06417983]
   [0.23360111 0.2814362  0.28404242 0.06417983]
   [0.23360111 0.2814362  0.28404242 0.06417983]
   [0.23360111 0.2814362  0.28404242 0.06417983]
   [0.23360111 0.2814362  0.28404242 0.06417983]
   [0.23360111 0.2814362  0.28404242 0.06417983]
   [0.23360111 0.2814362  0.28404242 0.06417983]
   [0.23360111 0.2814362  0.28404242 0.06417983]
   [0.23360111 0.2814362  0.28404242 0.06417983]]

  [[0.23360111 0.2814362  0.28404242 0.06417983]
   [0.23360111 0.2814362  0.28404242 0.06417983]
   [0.23360111 0.2814362  0.28404242 0.06417983]
   [0.23360111 0.2814362  0.28404242 0.06417983]
   [0.23360111 0.2814362  0.28404242 0.06417983]
   [0.23360111 0.2814362  0.28404242 0.06417983]
   [0.23360111 0.2814362  0.28404242 0.06417983]
   [0.23360111 0.2814362  0.28404242 0.06417983]
   [0.23360111 0.2814362  0.28404242 0.06417983]
   [0.23360111 0.2814362  0.28404242 0.06417983]
   [0.23360111 0.2814362  0.28404242 0.06417983]
   [0.23360111 0.2814362  0.28404242 0.06417983]
   [0.23360111 0.2814362  0.28404242 0.06417983]
   [0.23360111 0.2814362  0.28404242 0.06417983]
   [0.23360111 0.2814362  0.28404242 0.06417983]
   [0.23360111 0.2814362  0.28404242 0.06417983]
   [0.23360111 0.2814362  0.28404242 0.06417983]
   [0.23360111 0.2814362  0.28404242 0.06417983]
   [0.23360111 0.2814362  0.28404242 0.06417983]
   [0.23360111 0.2814362  0.28404242 0.06417983]
   [0.23360111 0.2814362  0.28404242 0.06417983]
   [0.23360111 0.2814362  0.28404242 0.06417983]
   [0.23360111 0.2814362  0.28404242 0.06417983]
   [0.23360111 0.2814362  0.28404242 0.06417983]
   [0.23360111 0.2814362  0.28404242 0.06417983]
   [0.23360111 0.2814362  0.28404242 0.06417983]
   [0.23360111 0.2814362  0.28404242 0.06417983]
   [0.23360111 0.2814362  0.28404242 0.06417983]]

  [[0.23360111 0.2814362  0.28404242 0.06417983]
   [0.23360111 0.2814362  0.28404242 0.06417983]
   [0.23360111 0.2814362  0.28404242 0.06417983]
   [0.23360111 0.2814362  0.28404242 0.06417983]
   [0.23360111 0.2814362  0.28404242 0.06417983]
   [0.23360111 0.2814362  0.28404242 0.06417983]
   [0.07841954 0.12901412 0.05658983 0.23098812]
   [0.         0.         0.         0.43155524]
   [0.         0.         0.         0.3799241 ]
   [0.         0.00743937 0.         0.3640376 ]
   [0.12275712 0.17256328 0.12157628 0.18332861]
   [0.16709471 0.21611246 0.18656273 0.1356691 ]
   [0.23360111 0.2814362  0.28404242 0.06417983]
   [0.23360111 0.2814362  0.28404242 0.06417983]
   [0.23360111 0.2814362  0.28404242 0.06417983]
   [0.23360111 0.2814362  0.28404242 0.06417983]
   [0.23360111 0.2814362  0.28404242 0.06417983]
   [0.23360111 0.2814362  0.28404242 0.06417983]
   [0.23360111 0.2814362  0.28404242 0.06417983]
   [0.23360111 0.2814362  0.28404242 0.06417983]
   [0.23360111 0.2814362  0.28404242 0.06417983]
   [0.23360111 0.2814362  0.28404242 0.06417983]
   [0.23360111 0.2814362  0.28404242 0.06417983]
   [0.23360111 0.2814362  0.28404242 0.06417983]
   [0.23360111 0.2814362  0.28404242 0.06417983]
   [0.23360111 0.2814362  0.28404242 0.06417983]
   [0.23360111 0.2814362  0.28404242 0.06417983]
   [0.23360111 0.2814362  0.28404242 0.06417983]]

  [[0.23360111 0.2814362  0.28404242 0.06417983]
   [0.23360111 0.2814362  0.28404242 0.06417983]
   [0.23360111 0.2814362  0.28404242 0.06417983]
   [0.23360111 0.2814362  0.28404242 0.06417983]
   [0.23360111 0.2814362  0.28404242 0.06417983]
   [0.23360111 0.2814362  0.28404242 0.06417983]
   [0.         0.         0.         0.50503033]
   [0.         0.         0.         0.56857634]
   [0.         0.         0.         0.56857634]
   [0.         0.         0.         0.56857634]
   [0.         0.         0.         0.56857634]
   [0.         0.         0.         0.5427608 ]
   [0.         0.         0.         0.45737082]
   [0.         0.         0.         0.45737082]
   [0.         0.         0.         0.45737082]
   [0.         0.         0.         0.45737082]
   [0.         0.         0.         0.45737082]
   [0.         0.         0.         0.45737082]
   [0.         0.         0.         0.45737082]
   [0.         0.         0.         0.45737082]
   [0.         0.         0.         0.40176803]
   [0.13753632 0.18707967 0.14323843 0.16744211]
   [0.23360111 0.2814362  0.28404242 0.06417983]
   [0.23360111 0.2814362  0.28404242 0.06417983]
   [0.23360111 0.2814362  0.28404242 0.06417983]
   [0.23360111 0.2814362  0.28404242 0.06417983]
   [0.23360111 0.2814362  0.28404242 0.06417983]
   [0.23360111 0.2814362  0.28404242 0.06417983]]

  [[0.23360111 0.2814362  0.28404242 0.06417983]
   [0.23360111 0.2814362  0.28404242 0.06417983]
   [0.23360111 0.2814362  0.28404242 0.06417983]
   [0.23360111 0.2814362  0.28404242 0.06417983]
   [0.23360111 0.2814362  0.28404242 0.06417983]
   [0.23360111 0.2814362  0.28404242 0.06417983]
   [0.10982532 0.15986145 0.1026219  0.1972293 ]
   [0.02299753 0.07457766 0.         0.2905625 ]
   [0.10058832 0.15078871 0.08908305 0.20715836]
   [0.02299753 0.07457766 0.         0.2905625 ]
   [0.         0.         0.         0.38786736]
   [0.         0.         0.         0.5149594 ]
   [0.         0.         0.         0.56857634]
   [0.         0.         0.         0.51098776]
   [0.         0.         0.         0.56857634]
   [0.         0.         0.         0.56857634]
   [0.         0.         0.         0.56857634]
   [0.         0.         0.         0.56063306]
   [0.         0.         0.         0.51893103]
   [0.         0.         0.         0.56857634]
   [0.         0.         0.         0.56857634]
   [0.         0.02739939 0.         0.34219366]
   [0.23360111 0.2814362  0.28404242 0.06417983]
   [0.23360111 0.2814362  0.28404242 0.06417983]
   [0.23360111 0.2814362  0.28404242 0.06417983]
   [0.23360111 0.2814362  0.28404242 0.06417983]
   [0.23360111 0.2814362  0.28404242 0.06417983]
   [0.23360111 0.2814362  0.28404242 0.06417983]]

  [[0.23360111 0.2814362  0.28404242 0.06417983]
   [0.23360111 0.2814362  0.28404242 0.06417983]
   [0.23360111 0.2814362  0.28404242 0.06417983]
   [0.23360111 0.2814362  0.28404242 0.06417983]
   [0.23360111 0.2814362  0.28404242 0.06417983]
   [0.23360111 0.2814362  0.28404242 0.06417983]
   [0.23360111 0.2814362  0.28404242 0.06417983]
   [0.23360111 0.2814362  0.28404242 0.06417983]
   [0.23360111 0.2814362  0.28404242 0.06417983]
   [0.23360111 0.2814362  0.28404242 0.06417983]
   [0.23360111 0.2814362  0.28404242 0.06417983]
   [0.20219532 0.2505889  0.23801035 0.09793865]
   [0.11167272 0.16167599 0.10532966 0.19524348]
   [0.2077375  0.25603253 0.24613366 0.09198122]
   [0.10982532 0.15986145 0.1026219  0.1972293 ]
   [0.10982532 0.15986145 0.1026219  0.1972293 ]
   [0.10982532 0.15986145 0.1026219  0.1972293 ]
   [0.12460452 0.17437783 0.12428404 0.1813428 ]
   [0.19480571 0.24333069 0.22717927 0.1058819 ]
   [0.         0.         0.         0.53283167]
   [0.         0.         0.         0.56857634]
   [0.03777672 0.08909404 0.         0.27467602]
   [0.23360111 0.2814362  0.28404242 0.06417983]
   [0.23360111 0.2814362  0.28404242 0.06417983]
   [0.23360111 0.2814362  0.28404242 0.06417983]
   [0.23360111 0.2814362  0.28404242 0.06417983]
   [0.23360111 0.2814362  0.28404242 0.06417983]
   [0.23360111 0.2814362  0.28404242 0.06417983]]

  [[0.23360111 0.2814362  0.28404242 0.06417983]
   [0.23360111 0.2814362  0.28404242 0.06417983]
   [0.23360111 0.2814362  0.28404242 0.06417983]
   [0.23360111 0.2814362  0.28404242 0.06417983]
   [0.23360111 0.2814362  0.28404242 0.06417983]
   [0.23360111 0.2814362  0.28404242 0.06417983]
   [0.23360111 0.2814362  0.28404242 0.06417983]
   [0.23360111 0.2814362  0.28404242 0.06417983]
   [0.23360111 0.2814362  0.28404242 0.06417983]
   [0.23360111 0.2814362  0.28404242 0.06417983]
   [0.23360111 0.2814362  0.28404242 0.06417983]
   [0.23360111 0.2814362  0.28404242 0.06417983]
   [0.23360111 0.2814362  0.28404242 0.06417983]
   [0.23360111 0.2814362  0.28404242 0.06417983]
   [0.23360111 0.2814362  0.28404242 0.06417983]
   [0.23360111 0.2814362  0.28404242 0.06417983]
   [0.23360111 0.2814362  0.28404242 0.06417983]
   [0.23360111 0.2814362  0.28404242 0.06417983]
   [0.08026692 0.13082868 0.05929759 0.2290023 ]
   [0.         0.         0.         0.56659055]
   [0.         0.         0.         0.47921476]
   [0.20034792 0.24877433 0.23530257 0.09992446]
   [0.23360111 0.2814362  0.28404242 0.06417983]
   [0.23360111 0.2814362  0.28404242 0.06417983]
   [0.23360111 0.2814362  0.28404242 0.06417983]
   [0.23360111 0.2814362  0.28404242 0.06417983]
   [0.23360111 0.2814362  0.28404242 0.06417983]
   [0.23360111 0.2814362  0.28404242 0.06417983]]

  [[0.23360111 0.2814362  0.28404242 0.06417983]
   [0.23360111 0.2814362  0.28404242 0.06417983]
   [0.23360111 0.2814362  0.28404242 0.06417983]
   [0.23360111 0.2814362  0.28404242 0.06417983]
   [0.23360111 0.2814362  0.28404242 0.06417983]
   [0.23360111 0.2814362  0.28404242 0.06417983]
   [0.23360111 0.2814362  0.28404242 0.06417983]
   [0.23360111 0.2814362  0.28404242 0.06417983]
   [0.23360111 0.2814362  0.28404242 0.06417983]
   [0.23360111 0.2814362  0.28404242 0.06417983]
   [0.23360111 0.2814362  0.28404242 0.06417983]
   [0.23360111 0.2814362  0.28404242 0.06417983]
   [0.23360111 0.2814362  0.28404242 0.06417983]
   [0.23360111 0.2814362  0.28404242 0.06417983]
   [0.23360111 0.2814362  0.28404242 0.06417983]
   [0.23360111 0.2814362  0.28404242 0.06417983]
   [0.23360111 0.2814362  0.28404242 0.06417983]
   [0.19295831 0.24151614 0.22447151 0.10786772]
   [0.         0.         0.         0.52687424]
   [0.         0.         0.         0.5705621 ]
   [0.08026692 0.13082868 0.05929759 0.2290023 ]
   [0.23360111 0.2814362  0.28404242 0.06417983]
   [0.23360111 0.2814362  0.28404242 0.06417983]
   [0.23360111 0.2814362  0.28404242 0.06417983]
   [0.23360111 0.2814362  0.28404242 0.06417983]
   [0.23360111 0.2814362  0.28404242 0.06417983]
   [0.23360111 0.2814362  0.28404242 0.06417983]
   [0.23360111 0.2814362  0.28404242 0.06417983]]

  [[0.23360111 0.2814362  0.28404242 0.06417983]
   [0.23360111 0.2814362  0.28404242 0.06417983]
   [0.23360111 0.2814362  0.28404242 0.06417983]
   [0.23360111 0.2814362  0.28404242 0.06417983]
   [0.23360111 0.2814362  0.28404242 0.06417983]
   [0.23360111 0.2814362  0.28404242 0.06417983]
   [0.23360111 0.2814362  0.28404242 0.06417983]
   [0.23360111 0.2814362  0.28404242 0.06417983]
   [0.23360111 0.2814362  0.28404242 0.06417983]
   [0.23360111 0.2814362  0.28404242 0.06417983]
   [0.23360111 0.2814362  0.28404242 0.06417983]
   [0.23360111 0.2814362  0.28404242 0.06417983]
   [0.23360111 0.2814362  0.28404242 0.06417983]
   [0.23360111 0.2814362  0.28404242 0.06417983]
   [0.23360111 0.2814362  0.28404242 0.06417983]
   [0.23360111 0.2814362  0.28404242 0.06417983]
   [0.23360111 0.2814362  0.28404242 0.06417983]
   [0.         0.04735944 0.         0.32034972]
   [0.         0.         0.         0.56857634]
   [0.         0.         0.         0.5368033 ]
   [0.15231553 0.20159607 0.16490059 0.1515556 ]
   [0.23360111 0.2814362  0.28404242 0.06417983]
   [0.23360111 0.2814362  0.28404242 0.06417983]
   [0.23360111 0.2814362  0.28404242 0.06417983]
   [0.23360111 0.2814362  0.28404242 0.06417983]
   [0.23360111 0.2814362  0.28404242 0.06417983]
   [0.23360111 0.2814362  0.28404242 0.06417983]
   [0.23360111 0.2814362  0.28404242 0.06417983]]

  [[0.23360111 0.2814362  0.28404242 0.06417983]
   [0.23360111 0.2814362  0.28404242 0.06417983]
   [0.23360111 0.2814362  0.28404242 0.06417983]
   [0.23360111 0.2814362  0.28404242 0.06417983]
   [0.23360111 0.2814362  0.28404242 0.06417983]
   [0.23360111 0.2814362  0.28404242 0.06417983]
   [0.23360111 0.2814362  0.28404242 0.06417983]
   [0.23360111 0.2814362  0.28404242 0.06417983]
   [0.23360111 0.2814362  0.28404242 0.06417983]
   [0.23360111 0.2814362  0.28404242 0.06417983]
   [0.23360111 0.2814362  0.28404242 0.06417983]
   [0.23360111 0.2814362  0.28404242 0.06417983]
   [0.23360111 0.2814362  0.28404242 0.06417983]
   [0.23360111 0.2814362  0.28404242 0.06417983]
   [0.23360111 0.2814362  0.28404242 0.06417983]
   [0.23360111 0.2814362  0.28404242 0.06417983]
   [0.12460452 0.17437783 0.12428404 0.1813428 ]
   [0.         0.         0.         0.5586473 ]
   [0.         0.         0.         0.56857634]
   [0.11906232 0.1689342  0.11616074 0.18730024]
   [0.23360111 0.2814362  0.28404242 0.06417983]
   [0.23360111 0.2814362  0.28404242 0.06417983]
   [0.23360111 0.2814362  0.28404242 0.06417983]
   [0.23360111 0.2814362  0.28404242 0.06417983]
   [0.23360111 0.2814362  0.28404242 0.06417983]
   [0.23360111 0.2814362  0.28404242 0.06417983]
   [0.23360111 0.2814362  0.28404242 0.06417983]
   [0.23360111 0.2814362  0.28404242 0.06417983]]

  [[0.23360111 0.2814362  0.28404242 0.06417983]
   [0.23360111 0.2814362  0.28404242 0.06417983]
   [0.23360111 0.2814362  0.28404242 0.06417983]
   [0.23360111 0.2814362  0.28404242 0.06417983]
   [0.23360111 0.2814362  0.28404242 0.06417983]
   [0.23360111 0.2814362  0.28404242 0.06417983]
   [0.23360111 0.2814362  0.28404242 0.06417983]
   [0.23360111 0.2814362  0.28404242 0.06417983]
   [0.23360111 0.2814362  0.28404242 0.06417983]
   [0.23360111 0.2814362  0.28404242 0.06417983]
   [0.23360111 0.2814362  0.28404242 0.06417983]
   [0.23360111 0.2814362  0.28404242 0.06417983]
   [0.23360111 0.2814362  0.28404242 0.06417983]
   [0.23360111 0.2814362  0.28404242 0.06417983]
   [0.23360111 0.2814362  0.28404242 0.06417983]
   [0.23360111 0.2814362  0.28404242 0.06417983]
   [0.         0.04010125 0.         0.32829297]
   [0.         0.         0.         0.56857634]
   [0.         0.         0.         0.43552685]
   [0.2243641  0.27236345 0.27050358 0.0741089 ]
   [0.23360111 0.2814362  0.28404242 0.06417983]
   [0.23360111 0.2814362  0.28404242 0.06417983]
   [0.23360111 0.2814362  0.28404242 0.06417983]
   [0.23360111 0.2814362  0.28404242 0.06417983]
   [0.23360111 0.2814362  0.28404242 0.06417983]
   [0.23360111 0.2814362  0.28404242 0.06417983]
   [0.23360111 0.2814362  0.28404242 0.06417983]
   [0.23360111 0.2814362  0.28404242 0.06417983]]

  [[0.23360111 0.2814362  0.28404242 0.06417983]
   [0.23360111 0.2814362  0.28404242 0.06417983]
   [0.23360111 0.2814362  0.28404242 0.06417983]
   [0.23360111 0.2814362  0.28404242 0.06417983]
   [0.23360111 0.2814362  0.28404242 0.06417983]
   [0.23360111 0.2814362  0.28404242 0.06417983]
   [0.23360111 0.2814362  0.28404242 0.06417983]
   [0.23360111 0.2814362  0.28404242 0.06417983]
   [0.23360111 0.2814362  0.28404242 0.06417983]
   [0.23360111 0.2814362  0.28404242 0.06417983]
   [0.23360111 0.2814362  0.28404242 0.06417983]
   [0.23360111 0.2814362  0.28404242 0.06417983]
   [0.23360111 0.2814362  0.28404242 0.06417983]
   [0.23360111 0.2814362  0.28404242 0.06417983]
   [0.23360111 0.2814362  0.28404242 0.06417983]
   [0.21697451 0.26510528 0.2596725  0.08205215]
   [0.         0.         0.         0.4712715 ]
   [0.         0.         0.         0.5566614 ]
   [0.12645191 0.17619237 0.12699181 0.17935699]
   [0.23360111 0.2814362  0.28404242 0.06417983]
   [0.23360111 0.2814362  0.28404242 0.06417983]
   [0.23360111 0.2814362  0.28404242 0.06417983]
   [0.23360111 0.2814362  0.28404242 0.06417983]
   [0.23360111 0.2814362  0.28404242 0.06417983]
   [0.23360111 0.2814362  0.28404242 0.06417983]
   [0.23360111 0.2814362  0.28404242 0.06417983]
   [0.23360111 0.2814362  0.28404242 0.06417983]
   [0.23360111 0.2814362  0.28404242 0.06417983]]

  [[0.23360111 0.2814362  0.28404242 0.06417983]
   [0.23360111 0.2814362  0.28404242 0.06417983]
   [0.23360111 0.2814362  0.28404242 0.06417983]
   [0.23360111 0.2814362  0.28404242 0.06417983]
   [0.23360111 0.2814362  0.28404242 0.06417983]
   [0.23360111 0.2814362  0.28404242 0.06417983]
   [0.23360111 0.2814362  0.28404242 0.06417983]
   [0.23360111 0.2814362  0.28404242 0.06417983]
   [0.23360111 0.2814362  0.28404242 0.06417983]
   [0.23360111 0.2814362  0.28404242 0.06417983]
   [0.23360111 0.2814362  0.28404242 0.06417983]
   [0.23360111 0.2814362  0.28404242 0.06417983]
   [0.23360111 0.2814362  0.28404242 0.06417983]
   [0.23360111 0.2814362  0.28404242 0.06417983]
   [0.23360111 0.2814362  0.28404242 0.06417983]
   [0.00082873 0.05280307 0.         0.31439227]
   [0.         0.         0.         0.56857634]
   [0.         0.         0.         0.4255978 ]
   [0.23360111 0.2814362  0.28404242 0.06417983]
   [0.23360111 0.2814362  0.28404242 0.06417983]
   [0.23360111 0.2814362  0.28404242 0.06417983]
   [0.23360111 0.2814362  0.28404242 0.06417983]
   [0.23360111 0.2814362  0.28404242 0.06417983]
   [0.23360111 0.2814362  0.28404242 0.06417983]
   [0.23360111 0.2814362  0.28404242 0.06417983]
   [0.23360111 0.2814362  0.28404242 0.06417983]
   [0.23360111 0.2814362  0.28404242 0.06417983]
   [0.23360111 0.2814362  0.28404242 0.06417983]]

  [[0.23360111 0.2814362  0.28404242 0.06417983]
   [0.23360111 0.2814362  0.28404242 0.06417983]
   [0.23360111 0.2814362  0.28404242 0.06417983]
   [0.23360111 0.2814362  0.28404242 0.06417983]
   [0.23360111 0.2814362  0.28404242 0.06417983]
   [0.23360111 0.2814362  0.28404242 0.06417983]
   [0.23360111 0.2814362  0.28404242 0.06417983]
   [0.23360111 0.2814362  0.28404242 0.06417983]
   [0.23360111 0.2814362  0.28404242 0.06417983]
   [0.23360111 0.2814362  0.28404242 0.06417983]
   [0.23360111 0.2814362  0.28404242 0.06417983]
   [0.23360111 0.2814362  0.28404242 0.06417983]
   [0.23360111 0.2814362  0.28404242 0.06417983]
   [0.23360111 0.2814362  0.28404242 0.06417983]
   [0.09504613 0.14534506 0.08095974 0.21311581]
   [0.         0.         0.         0.5626189 ]
   [0.         0.         0.         0.54077494]
   [0.12829933 0.17800693 0.12969957 0.17737117]
   [0.23360111 0.2814362  0.28404242 0.06417983]
   [0.23360111 0.2814362  0.28404242 0.06417983]
   [0.23360111 0.2814362  0.28404242 0.06417983]
   [0.23360111 0.2814362  0.28404242 0.06417983]
   [0.23360111 0.2814362  0.28404242 0.06417983]
   [0.23360111 0.2814362  0.28404242 0.06417983]
   [0.23360111 0.2814362  0.28404242 0.06417983]
   [0.23360111 0.2814362  0.28404242 0.06417983]
   [0.23360111 0.2814362  0.28404242 0.06417983]
   [0.23360111 0.2814362  0.28404242 0.06417983]]

  [[0.23360111 0.2814362  0.28404242 0.06417983]
   [0.23360111 0.2814362  0.28404242 0.06417983]
   [0.23360111 0.2814362  0.28404242 0.06417983]
   [0.23360111 0.2814362  0.28404242 0.06417983]
   [0.23360111 0.2814362  0.28404242 0.06417983]
   [0.23360111 0.2814362  0.28404242 0.06417983]
   [0.23360111 0.2814362  0.28404242 0.06417983]
   [0.23360111 0.2814362  0.28404242 0.06417983]
   [0.23360111 0.2814362  0.28404242 0.06417983]
   [0.23360111 0.2814362  0.28404242 0.06417983]
   [0.23360111 0.2814362  0.28404242 0.06417983]
   [0.23360111 0.2814362  0.28404242 0.06417983]
   [0.23360111 0.2814362  0.28404242 0.06417983]
   [0.19850051 0.24695978 0.2325948  0.10191028]
   [0.         0.         0.         0.5030445 ]
   [0.         0.         0.         0.56857634]
   [0.         0.         0.         0.3938248 ]
   [0.23360111 0.2814362  0.28404242 0.06417983]
   [0.23360111 0.2814362  0.28404242 0.06417983]
   [0.23360111 0.2814362  0.28404242 0.06417983]
   [0.23360111 0.2814362  0.28404242 0.06417983]
   [0.23360111 0.2814362  0.28404242 0.06417983]
   [0.23360111 0.2814362  0.28404242 0.06417983]
   [0.23360111 0.2814362  0.28404242 0.06417983]
   [0.23360111 0.2814362  0.28404242 0.06417983]
   [0.23360111 0.2814362  0.28404242 0.06417983]
   [0.23360111 0.2814362  0.28404242 0.06417983]
   [0.23360111 0.2814362  0.28404242 0.06417983]]

  [[0.23360111 0.2814362  0.28404242 0.06417983]
   [0.23360111 0.2814362  0.28404242 0.06417983]
   [0.23360111 0.2814362  0.28404242 0.06417983]
   [0.23360111 0.2814362  0.28404242 0.06417983]
   [0.23360111 0.2814362  0.28404242 0.06417983]
   [0.23360111 0.2814362  0.28404242 0.06417983]
   [0.23360111 0.2814362  0.28404242 0.06417983]
   [0.23360111 0.2814362  0.28404242 0.06417983]
   [0.23360111 0.2814362  0.28404242 0.06417983]
   [0.23360111 0.2814362  0.28404242 0.06417983]
   [0.23360111 0.2814362  0.28404242 0.06417983]
   [0.23360111 0.2814362  0.28404242 0.06417983]
   [0.2280589  0.27599257 0.2759191  0.07013727]
   [0.         0.         0.         0.46729988]
   [0.         0.         0.         0.56857634]
   [0.         0.         0.         0.4990729 ]
   [0.16894212 0.21792701 0.1892705  0.1336833 ]
   [0.23360111 0.2814362  0.28404242 0.06417983]
   [0.23360111 0.2814362  0.28404242 0.06417983]
   [0.23360111 0.2814362  0.28404242 0.06417983]
   [0.23360111 0.2814362  0.28404242 0.06417983]
   [0.23360111 0.2814362  0.28404242 0.06417983]
   [0.23360111 0.2814362  0.28404242 0.06417983]
   [0.23360111 0.2814362  0.28404242 0.06417983]
   [0.23360111 0.2814362  0.28404242 0.06417983]
   [0.23360111 0.2814362  0.28404242 0.06417983]
   [0.23360111 0.2814362  0.28404242 0.06417983]
   [0.23360111 0.2814362  0.28404242 0.06417983]]

  [[0.23360111 0.2814362  0.28404242 0.06417983]
   [0.23360111 0.2814362  0.28404242 0.06417983]
   [0.23360111 0.2814362  0.28404242 0.06417983]
   [0.23360111 0.2814362  0.28404242 0.06417983]
   [0.23360111 0.2814362  0.28404242 0.06417983]
   [0.23360111 0.2814362  0.28404242 0.06417983]
   [0.23360111 0.2814362  0.28404242 0.06417983]
   [0.23360111 0.2814362  0.28404242 0.06417983]
   [0.23360111 0.2814362  0.28404242 0.06417983]
   [0.23360111 0.2814362  0.28404242 0.06417983]
   [0.23360111 0.2814362  0.28404242 0.06417983]
   [0.23360111 0.2814362  0.28404242 0.06417983]
   [0.16339992 0.21248336 0.18114719 0.13964072]
   [0.         0.         0.         0.56857634]
   [0.         0.         0.         0.56857634]
   [0.09135133 0.14171596 0.07554421 0.21708742]
   [0.23360111 0.2814362  0.28404242 0.06417983]
   [0.23360111 0.2814362  0.28404242 0.06417983]
   [0.23360111 0.2814362  0.28404242 0.06417983]
   [0.23360111 0.2814362  0.28404242 0.06417983]
   [0.23360111 0.2814362  0.28404242 0.06417983]
   [0.23360111 0.2814362  0.28404242 0.06417983]
   [0.23360111 0.2814362  0.28404242 0.06417983]
   [0.23360111 0.2814362  0.28404242 0.06417983]
   [0.23360111 0.2814362  0.28404242 0.06417983]
   [0.23360111 0.2814362  0.28404242 0.06417983]
   [0.23360111 0.2814362  0.28404242 0.06417983]
   [0.23360111 0.2814362  0.28404242 0.06417983]]

  [[0.23360111 0.2814362  0.28404242 0.06417983]
   [0.23360111 0.2814362  0.28404242 0.06417983]
   [0.23360111 0.2814362  0.28404242 0.06417983]
   [0.23360111 0.2814362  0.28404242 0.06417983]
   [0.23360111 0.2814362  0.28404242 0.06417983]
   [0.23360111 0.2814362  0.28404242 0.06417983]
   [0.23360111 0.2814362  0.28404242 0.06417983]
   [0.23360111 0.2814362  0.28404242 0.06417983]
   [0.23360111 0.2814362  0.28404242 0.06417983]
   [0.23360111 0.2814362  0.28404242 0.06417983]
   [0.23360111 0.2814362  0.28404242 0.06417983]
   [0.17633171 0.2251852  0.20010158 0.12574004]
   [0.         0.         0.         0.509002  ]
   [0.         0.         0.         0.56857634]
   [0.02115013 0.07276312 0.         0.29254833]
   [0.2317537  0.27962166 0.28133464 0.06616564]
   [0.23360111 0.2814362  0.28404242 0.06417983]
   [0.23360111 0.2814362  0.28404242 0.06417983]
   [0.23360111 0.2814362  0.28404242 0.06417983]
   [0.23360111 0.2814362  0.28404242 0.06417983]
   [0.23360111 0.2814362  0.28404242 0.06417983]
   [0.23360111 0.2814362  0.28404242 0.06417983]
   [0.23360111 0.2814362  0.28404242 0.06417983]
   [0.23360111 0.2814362  0.28404242 0.06417983]
   [0.23360111 0.2814362  0.28404242 0.06417983]
   [0.23360111 0.2814362  0.28404242 0.06417983]
   [0.23360111 0.2814362  0.28404242 0.06417983]
   [0.23360111 0.2814362  0.28404242 0.06417983]]

  [[0.23360111 0.2814362  0.28404242 0.06417983]
   [0.23360111 0.2814362  0.28404242 0.06417983]
   [0.23360111 0.2814362  0.28404242 0.06417983]
   [0.23360111 0.2814362  0.28404242 0.06417983]
   [0.23360111 0.2814362  0.28404242 0.06417983]
   [0.23360111 0.2814362  0.28404242 0.06417983]
   [0.23360111 0.2814362  0.28404242 0.06417983]
   [0.23360111 0.2814362  0.28404242 0.06417983]
   [0.23360111 0.2814362  0.28404242 0.06417983]
   [0.23360111 0.2814362  0.28404242 0.06417983]
   [0.23360111 0.2814362  0.28404242 0.06417983]
   [0.         0.04010125 0.         0.32829297]
   [0.         0.         0.         0.56857634]
   [0.         0.         0.         0.56857634]
   [0.13753632 0.18707967 0.14323843 0.16744211]
   [0.23360111 0.2814362  0.28404242 0.06417983]
   [0.23360111 0.2814362  0.28404242 0.06417983]
   [0.23360111 0.2814362  0.28404242 0.06417983]
   [0.23360111 0.2814362  0.28404242 0.06417983]
   [0.23360111 0.2814362  0.28404242 0.06417983]
   [0.23360111 0.2814362  0.28404242 0.06417983]
   [0.23360111 0.2814362  0.28404242 0.06417983]
   [0.23360111 0.2814362  0.28404242 0.06417983]
   [0.23360111 0.2814362  0.28404242 0.06417983]
   [0.23360111 0.2814362  0.28404242 0.06417983]
   [0.23360111 0.2814362  0.28404242 0.06417983]
   [0.23360111 0.2814362  0.28404242 0.06417983]
   [0.23360111 0.2814362  0.28404242 0.06417983]]

  [[0.23360111 0.2814362  0.28404242 0.06417983]
   [0.23360111 0.2814362  0.28404242 0.06417983]
   [0.23360111 0.2814362  0.28404242 0.06417983]
   [0.23360111 0.2814362  0.28404242 0.06417983]
   [0.23360111 0.2814362  0.28404242 0.06417983]
   [0.23360111 0.2814362  0.28404242 0.06417983]
   [0.23360111 0.2814362  0.28404242 0.06417983]
   [0.23360111 0.2814362  0.28404242 0.06417983]
   [0.23360111 0.2814362  0.28404242 0.06417983]
   [0.23360111 0.2814362  0.28404242 0.06417983]
   [0.12090972 0.17074874 0.1188685  0.18531442]
   [0.         0.         0.         0.5447466 ]
   [0.         0.         0.         0.56857634]
   [0.         0.         0.         0.56857634]
   [0.13753632 0.18707967 0.14323843 0.16744211]
   [0.23360111 0.2814362  0.28404242 0.06417983]
   [0.23360111 0.2814362  0.28404242 0.06417983]
   [0.23360111 0.2814362  0.28404242 0.06417983]
   [0.23360111 0.2814362  0.28404242 0.06417983]
   [0.23360111 0.2814362  0.28404242 0.06417983]
   [0.23360111 0.2814362  0.28404242 0.06417983]
   [0.23360111 0.2814362  0.28404242 0.06417983]
   [0.23360111 0.2814362  0.28404242 0.06417983]
   [0.23360111 0.2814362  0.28404242 0.06417983]
   [0.23360111 0.2814362  0.28404242 0.06417983]
   [0.23360111 0.2814362  0.28404242 0.06417983]
   [0.23360111 0.2814362  0.28404242 0.06417983]
   [0.23360111 0.2814362  0.28404242 0.06417983]]

  [[0.23360111 0.2814362  0.28404242 0.06417983]
   [0.23360111 0.2814362  0.28404242 0.06417983]
   [0.23360111 0.2814362  0.28404242 0.06417983]
   [0.23360111 0.2814362  0.28404242 0.06417983]
   [0.23360111 0.2814362  0.28404242 0.06417983]
   [0.23360111 0.2814362  0.28404242 0.06417983]
   [0.23360111 0.2814362  0.28404242 0.06417983]
   [0.23360111 0.2814362  0.28404242 0.06417983]
   [0.23360111 0.2814362  0.28404242 0.06417983]
   [0.23360111 0.2814362  0.28404242 0.06417983]
   [0.01006573 0.06187582 0.         0.3044632 ]
   [0.         0.         0.         0.56857634]
   [0.         0.         0.         0.56857634]
   [0.         0.         0.         0.4990729 ]
   [0.15970512 0.20885426 0.17573166 0.14361235]
   [0.23360111 0.2814362  0.28404242 0.06417983]
   [0.23360111 0.2814362  0.28404242 0.06417983]
   [0.23360111 0.2814362  0.28404242 0.06417983]
   [0.23360111 0.2814362  0.28404242 0.06417983]
   [0.23360111 0.2814362  0.28404242 0.06417983]
   [0.23360111 0.2814362  0.28404242 0.06417983]
   [0.23360111 0.2814362  0.28404242 0.06417983]
   [0.23360111 0.2814362  0.28404242 0.06417983]
   [0.23360111 0.2814362  0.28404242 0.06417983]
   [0.23360111 0.2814362  0.28404242 0.06417983]
   [0.23360111 0.2814362  0.28404242 0.06417983]
   [0.23360111 0.2814362  0.28404242 0.06417983]
   [0.23360111 0.2814362  0.28404242 0.06417983]]

  [[0.23360111 0.2814362  0.28404242 0.06417983]
   [0.23360111 0.2814362  0.28404242 0.06417983]
   [0.23360111 0.2814362  0.28404242 0.06417983]
   [0.23360111 0.2814362  0.28404242 0.06417983]
   [0.23360111 0.2814362  0.28404242 0.06417983]
   [0.23360111 0.2814362  0.28404242 0.06417983]
   [0.23360111 0.2814362  0.28404242 0.06417983]
   [0.23360111 0.2814362  0.28404242 0.06417983]
   [0.23360111 0.2814362  0.28404242 0.06417983]
   [0.23360111 0.2814362  0.28404242 0.06417983]
   [0.01006573 0.06187582 0.         0.3044632 ]
   [0.         0.         0.         0.56857634]
   [0.         0.         0.         0.47524315]
   [0.20034792 0.24877433 0.23530257 0.09992446]
   [0.23360111 0.2814362  0.28404242 0.06417983]
   [0.23360111 0.2814362  0.28404242 0.06417983]
   [0.23360111 0.2814362  0.28404242 0.06417983]
   [0.23360111 0.2814362  0.28404242 0.06417983]
   [0.23360111 0.2814362  0.28404242 0.06417983]
   [0.23360111 0.2814362  0.28404242 0.06417983]
   [0.23360111 0.2814362  0.28404242 0.06417983]
   [0.23360111 0.2814362  0.28404242 0.06417983]
   [0.23360111 0.2814362  0.28404242 0.06417983]
   [0.23360111 0.2814362  0.28404242 0.06417983]
   [0.23360111 0.2814362  0.28404242 0.06417983]
   [0.23360111 0.2814362  0.28404242 0.06417983]
   [0.23360111 0.2814362  0.28404242 0.06417983]
   [0.23360111 0.2814362  0.28404242 0.06417983]]

  [[0.23360111 0.2814362  0.28404242 0.06417983]
   [0.23360111 0.2814362  0.28404242 0.06417983]
   [0.23360111 0.2814362  0.28404242 0.06417983]
   [0.23360111 0.2814362  0.28404242 0.06417983]
   [0.23360111 0.2814362  0.28404242 0.06417983]
   [0.23360111 0.2814362  0.28404242 0.06417983]
   [0.23360111 0.2814362  0.28404242 0.06417983]
   [0.23360111 0.2814362  0.28404242 0.06417983]
   [0.23360111 0.2814362  0.28404242 0.06417983]
   [0.23360111 0.2814362  0.28404242 0.06417983]
   [0.23360111 0.2814362  0.28404242 0.06417983]
   [0.23360111 0.2814362  0.28404242 0.06417983]
   [0.23360111 0.2814362  0.28404242 0.06417983]
   [0.23360111 0.2814362  0.28404242 0.06417983]
   [0.23360111 0.2814362  0.28404242 0.06417983]
   [0.23360111 0.2814362  0.28404242 0.06417983]
   [0.23360111 0.2814362  0.28404242 0.06417983]
   [0.23360111 0.2814362  0.28404242 0.06417983]
   [0.23360111 0.2814362  0.28404242 0.06417983]
   [0.23360111 0.2814362  0.28404242 0.06417983]
   [0.23360111 0.2814362  0.28404242 0.06417983]
   [0.23360111 0.2814362  0.28404242 0.06417983]
   [0.23360111 0.2814362  0.28404242 0.06417983]
   [0.23360111 0.2814362  0.28404242 0.06417983]
   [0.23360111 0.2814362  0.28404242 0.06417983]
   [0.23360111 0.2814362  0.28404242 0.06417983]
   [0.23360111 0.2814362  0.28404242 0.06417983]
   [0.23360111 0.2814362  0.28404242 0.06417983]]]]