[[[[0.0000000e+00 1.6553842e-01 0.0000000e+00 0.0000000e+00
    0.0000000e+00 0.0000000e+00 1.0825190e-01 6.8141270e-01]
   [0.0000000e+00 7.5327045e-01 0.0000000e+00 0.0000000e+00
    0.0000000e+00 0.0000000e+00 1.9125800e-01 1.1101797e+00]
   [0.0000000e+00 7.5327045e-01 0.0000000e+00 0.0000000e+00
    0.0000000e+00 0.0000000e+00 1.9125800e-01 1.1101797e+00]
   [0.0000000e+00 7.5327045e-01 0.0000000e+00 0.0000000e+00
    0.0000000e+00 0.0000000e+00 1.9125800e-01 1.1101797e+00]
   [0.0000000e+00 7.5327045e-01 0.0000000e+00 0.0000000e+00
    0.0000000e+00 0.0000000e+00 1.9125800e-01 1.1101797e+00]
   [0.0000000e+00 7.5327045e-01 0.0000000e+00 0.0000000e+00
    0.0000000e+00 0.0000000e+00 1.9125800e-01 1.1101797e+00]
   [0.0000000e+00 7.5327045e-01 0.0000000e+00 0.0000000e+00
    0.0000000e+00 0.0000000e+00 1.9125800e-01 1.1101797e+00]
   [0.0000000e+00 7.5327045e-01 0.0000000e+00 0.0000000e+00
    0.0000000e+00 0.0000000e+00 1.9125800e-01 1.1101797e+00]
   [0.0000000e+00 7.5327045e-01 0.0000000e+00 0.0000000e+00
    0.0000000e+00 0.0000000e+00 1.9125800e-01 1.1101797e+00]
   [0.0000000e+00 7.5327045e-01 0.0000000e+00 0.0000000e+00
    0.0000000e+00 0.0000000e+00 1.9125800e-01 1.1101797e+00]
   [0.0000000e+00 7.5327045e-01 0.0000000e+00 0.0000000e+00
    0.0000000e+00 0.0000000e+00 1.9125800e-01 1.1101797e+00]
   [0.0000000e+00 7.5327045e-01 0.0000000e+00 0.0000000e+00
    0.0000000e+00 0.0000000e+00 1.9125800e-01 1.1101797e+00]
   [0.0000000e+00 7.0282608e-01 0.0000000e+00 0.0000000e+00
    0.0000000e+00 0.0000000e+00 7.1669549e-02 7.2837770e-01]
   [0.0000000e+00 3.2702506e-01 0.0000000e+00 0.0000000e+00
    0.0000000e+00 0.0000000e+00 0.0000000e+00 5.7810634e-01]]

  [[0.0000000e+00 1.5235029e-01 0.0000000e+00 0.0000000e+00
    0.0000000e+00 0.0000000e+00 3.7823081e-01 0.0000000e+00]
   [0.0000000e+00 7.1712899e-01 0.0000000e+00 0.0000000e+00
    0.0000000e+00 0.0000000e+00 4.0175676e-01 0.0000000e+00]
   [0.0000000e+00 7.1712899e-01 0.0000000e+00 0.0000000e+00
    0.0000000e+00 0.0000000e+00 4.0175676e-01 0.0000000e+00]
   [0.0000000e+00 7.1712899e-01 0.0000000e+00 0.0000000e+00
    0.0000000e+00 0.0000000e+00 4.0175676e-01 0.0000000e+00]
   [0.0000000e+00 7.1712899e-01 0.0000000e+00 0.0000000e+00
    0.0000000e+00 0.0000000e+00 4.0175676e-01 0.0000000e+00]
   [0.0000000e+00 7.1712899e-01 0.0000000e+00 0.0000000e+00
    0.0000000e+00 0.0000000e+00 4.0175676e-01 0.0000000e+00]
   [0.0000000e+00 7.1712899e-01 0.0000000e+00 0.0000000e+00
    0.0000000e+00 0.0000000e+00 4.0175676e-01 0.0000000e+00]
   [0.0000000e+00 7.1712899e-01 0.0000000e+00 0.0000000e+00
    0.0000000e+00 0.0000000e+00 4.0175676e-01 0.0000000e+00]
   [0.0000000e+00 7.1712899e-01 0.0000000e+00 0.0000000e+00
    0.0000000e+00 0.0000000e+00 4.0175676e-01 0.0000000e+00]
   [0.0000000e+00 7.1712899e-01 0.0000000e+00 0.0000000e+00
    0.0000000e+00 0.0000000e+00 4.0175676e-01 0.0000000e+00]
   [0.0000000e+00 7.1712899e-01 0.0000000e+00 0.0000000e+00
    0.0000000e+00 0.0000000e+00 4.0175676e-01 0.0000000e+00]
   [0.0000000e+00 7.1712899e-01 0.0000000e+00 0.0000000e+00
    0.0000000e+00 0.0000000e+00 4.0175676e-01 0.0000000e+00]
   [0.0000000e+00 5.3346121e-01 0.0000000e+00 0.0000000e+00
    0.0000000e+00 0.0000000e+00 0.0000000e+00 0.0000000e+00]
   [0.0000000e+00 2.0985454e-03 0.0000000e+00 0.0000000e+00
    0.0000000e+00 0.0000000e+00 0.0000000e+00 0.0000000e+00]]

  [[0.0000000e+00 1.5235029e-01 0.0000000e+00 0.0000000e+00
    0.0000000e+00 0.0000000e+00 3.7823081e-01 0.0000000e+00]
   [0.0000000e+00 9.5004433e-01 0.0000000e+00 0.0000000e+00
    0.0000000e+00 0.0000000e+00 4.3122095e-01 0.0000000e+00]
   [0.0000000e+00 1.0428487e+00 0.0000000e+00 0.0000000e+00
    0.0000000e+00 0.0000000e+00 0.0000000e+00 0.0000000e+00]
   [0.0000000e+00 6.8894351e-01 0.0000000e+00 7.2617471e-02
    4.7977421e-02 0.0000000e+00 0.0000000e+00 0.0000000e+00]
   [0.0000000e+00 3.6522895e-03 0.0000000e+00 0.0000000e+00
    3.8817054e-01 0.0000000e+00 0.0000000e+00 0.0000000e+00]
   [0.0000000e+00 4.5082614e-02 0.0000000e+00 0.0000000e+00
    0.0000000e+00 0.0000000e+00 0.0000000e+00 0.0000000e+00]
   [0.0000000e+00 2.6964283e-01 0.0000000e+00 0.0000000e+00
    0.0000000e+00 0.0000000e+00 0.0000000e+00 0.0000000e+00]
   [0.0000000e+00 4.0413517e-01 0.0000000e+00 0.0000000e+00
    0.0000000e+00 0.0000000e+00 0.0000000e+00 0.0000000e+00]
   [0.0000000e+00 3.9239126e-01 0.0000000e+00 0.0000000e+00
    0.0000000e+00 0.0000000e+00 0.0000000e+00 0.0000000e+00]
   [0.0000000e+00 1.1457871e-01 0.0000000e+00 0.0000000e+00
    0.0000000e+00 0.0000000e+00 3.9851867e-02 0.0000000e+00]
   [0.0000000e+00 1.4276080e-01 0.0000000e+00 0.0000000e+00
    0.0000000e+00 0.0000000e+00 4.5426285e-01 0.0000000e+00]
   [0.0000000e+00 3.6518157e-01 0.0000000e+00 0.0000000e+00
    0.0000000e+00 0.0000000e+00 3.4218913e-01 0.0000000e+00]
   [0.0000000e+00 5.3346121e-01 0.0000000e+00 0.0000000e+00
    0.0000000e+00 0.0000000e+00 0.0000000e+00 0.0000000e+00]
   [0.0000000e+00 2.0985454e-03 0.0000000e+00 0.0000000e+00
    0.0000000e+00 0.0000000e+00 0.0000000e+00 0.0000000e+00]]

  [[0.0000000e+00 1.5235029e-01 0.0000000e+00 0.0000000e+00
    0.0000000e+00 0.0000000e+00 3.7823081e-01 0.0000000e+00]
   [0.0000000e+00 6.4284027e-01 0.0000000e+00 0.0000000e+00
    0.0000000e+00 0.0000000e+00 3.7768710e-01 0.0000000e+00]
   [0.0000000e+00 0.0000000e+00 0.0000000e+00 0.0000000e+00
    7.1798611e-01 0.0000000e+00 0.0000000e+00 0.0000000e+00]
   [0.0000000e+00 0.0000000e+00 0.0000000e+00 1.3163474e+00
    1.3319657e+00 0.0000000e+00 0.0000000e+00 0.0000000e+00]
   [0.0000000e+00 0.0000000e+00 0.0000000e+00 1.7748171e+00
    1.0405743e+00 0.0000000e+00 0.0000000e+00 0.0000000e+00]
   [0.0000000e+00 0.0000000e+00 0.0000000e+00 1.5840312e+00
    1.0435039e+00 0.0000000e+00 0.0000000e+00 0.0000000e+00]
   [0.0000000e+00 0.0000000e+00 0.0000000e+00 1.1957169e+00
    1.4794253e+00 0.0000000e+00 0.0000000e+00 0.0000000e+00]
   [0.0000000e+00 0.0000000e+00 0.0000000e+00 9.2588168e-01
    1.7335618e+00 0.0000000e+00 0.0000000e+00 0.0000000e+00]
   [0.0000000e+00 0.0000000e+00 0.0000000e+00 1.1073803e+00
    1.5226964e+00 0.0000000e+00 0.0000000e+00 0.0000000e+00]
   [0.0000000e+00 0.0000000e+00 0.0000000e+00 2.8709885e-01
    1.5046407e+00 0.0000000e+00 0.0000000e+00 0.0000000e+00]
   [0.0000000e+00 0.0000000e+00 2.5218976e-01 0.0000000e+00
    7.7420235e-01 0.0000000e+00 7.6379806e-01 0.0000000e+00]
   [0.0000000e+00 0.0000000e+00 0.0000000e+00 0.0000000e+00
    0.0000000e+00 0.0000000e+00 2.8847700e-01 0.0000000e+00]
   [0.0000000e+00 5.3346121e-01 0.0000000e+00 0.0000000e+00
    0.0000000e+00 0.0000000e+00 0.0000000e+00 0.0000000e+00]
   [0.0000000e+00 2.0985454e-03 0.0000000e+00 0.0000000e+00
    0.0000000e+00 0.0000000e+00 0.0000000e+00 0.0000000e+00]]

  [[0.0000000e+00 1.5235029e-01 0.0000000e+00 0.0000000e+00
    0.0000000e+00 0.0000000e+00 3.7823081e-01 0.0000000e+00]
   [0.0000000e+00 2.3462580e-01 0.0000000e+00 0.0000000e+00
    0.0000000e+00 0.0000000e+00 6.5814883e-02 0.0000000e+00]
   [0.0000000e+00 0.0000000e+00 0.0000000e+00 0.0000000e+00
    0.0000000e+00 0.0000000e+00 0.0000000e+00 6.6546297e-01]
   [0.0000000e+00 0.0000000e+00 0.0000000e+00 0.0000000e+00
    0.0000000e+00 0.0000000e+00 0.0000000e+00 1.2552823e+00]
   [0.0000000e+00 0.0000000e+00 0.0000000e+00 0.0000000e+00
    0.0000000e+00 0.0000000e+00 0.0000000e+00 1.2578443e+00]
   [0.0000000e+00 0.0000000e+00 0.0000000e+00 3.1239045e-01
    0.0000000e+00 0.0000000e+00 0.0000000e+00 7.8678560e-01]
   [0.0000000e+00 0.0000000e+00 0.0000000e+00 4.3128034e-01
    0.0000000e+00 0.0000000e+00 0.0000000e+00 0.0000000e+00]
   [0.0000000e+00 0.0000000e+00 0.0000000e+00 8.1420434e-01
    0.0000000e+00 0.0000000e+00 0.0000000e+00 0.0000000e+00]
   [0.0000000e+00 0.0000000e+00 0.0000000e+00 1.4089024e+00
    8.4109992e-02 0.0000000e+00 0.0000000e+00 0.0000000e+00]
   [0.0000000e+00 0.0000000e+00 0.0000000e+00 1.8152612e+00
    2.5385234e-01 0.0000000e+00 0.0000000e+00 0.0000000e+00]
   [0.0000000e+00 0.0000000e+00 1.4881635e+00 5.7894117e-01
    0.0000000e+00 0.0000000e+00 1.3936876e+00 0.0000000e+00]
   [0.0000000e+00 0.0000000e+00 0.0000000e+00 0.0000000e+00
    0.0000000e+00 0.0000000e+00 3.8069856e-01 0.0000000e+00]
   [0.0000000e+00 5.3346121e-01 0.0000000e+00 0.0000000e+00
    0.0000000e+00 0.0000000e+00 0.0000000e+00 0.0000000e+00]
   [0.0000000e+00 2.0985454e-03 0.0000000e+00 0.0000000e+00
    0.0000000e+00 0.0000000e+00 0.0000000e+00 0.0000000e+00]]

  [[0.0000000e+00 1.5235029e-01 0.0000000e+00 0.0000000e+00
    0.0000000e+00 0.0000000e+00 3.7823081e-01 0.0000000e+00]
   [0.0000000e+00 5.8600575e-01 0.0000000e+00 0.0000000e+00
    0.0000000e+00 0.0000000e+00 0.0000000e+00 1.6665474e-01]
   [0.0000000e+00 4.8192334e-01 0.0000000e+00 0.0000000e+00
    0.0000000e+00 0.0000000e+00 0.0000000e+00 7.4517787e-01]
   [0.0000000e+00 5.4153198e-01 0.0000000e+00 0.0000000e+00
    0.0000000e+00 0.0000000e+00 0.0000000e+00 1.4622338e+00]
   [0.0000000e+00 2.8675413e-01 0.0000000e+00 0.0000000e+00
    0.0000000e+00 0.0000000e+00 0.0000000e+00 2.4666715e+00]
   [0.0000000e+00 2.5731331e-01 0.0000000e+00 0.0000000e+00
    0.0000000e+00 0.0000000e+00 0.0000000e+00 2.7233658e+00]
   [0.0000000e+00 3.4494078e-01 0.0000000e+00 0.0000000e+00
    0.0000000e+00 0.0000000e+00 0.0000000e+00 3.1725798e+00]
   [0.0000000e+00 6.1486930e-01 0.0000000e+00 0.0000000e+00
    0.0000000e+00 0.0000000e+00 0.0000000e+00 2.5810003e+00]
   [0.0000000e+00 0.0000000e+00 0.0000000e+00 0.0000000e+00
    0.0000000e+00 0.0000000e+00 0.0000000e+00 1.0838439e+00]
   [0.0000000e+00 0.0000000e+00 2.0981932e+00 2.2329107e-01
    0.0000000e+00 0.0000000e+00 4.5233983e-01 7.9212445e-01]
   [0.0000000e+00 0.0000000e+00 1.9635632e+00 1.3640228e-01
    0.0000000e+00 0.0000000e+00 1.6989594e+00 1.2654666e-02]
   [0.0000000e+00 3.8598579e-01 0.0000000e+00 0.0000000e+00
    0.0000000e+00 0.0000000e+00 5.9395653e-01 4.2423862e-01]
   [0.0000000e+00 5.3346121e-01 0.0000000e+00 0.0000000e+00
    0.0000000e+00 0.0000000e+00 0.0000000e+00 0.0000000e+00]
   [0.0000000e+00 2.0985454e-03 0.0000000e+00 0.0000000e+00
    0.0000000e+00 0.0000000e+00 0.0000000e+00 0.0000000e+00]]

  [[0.0000000e+00 1.5235029e-01 0.0000000e+00 0.0000000e+00
    0.0000000e+00 0.0000000e+00 3.7823081e-01 0.0000000e+00]
   [0.0000000e+00 7.1712899e-01 0.0000000e+00 0.0000000e+00
    0.0000000e+00 0.0000000e+00 4.0175676e-01 0.0000000e+00]
   [0.0000000e+00 7.1712899e-01 0.0000000e+00 0.0000000e+00
    0.0000000e+00 0.0000000e+00 4.0175676e-01 0.0000000e+00]
   [0.0000000e+00 7.1712899e-01 0.0000000e+00 0.0000000e+00
    0.0000000e+00 0.0000000e+00 4.0175676e-01 0.0000000e+00]
   [0.0000000e+00 7.3117602e-01 0.0000000e+00 0.0000000e+00
    0.0000000e+00 0.0000000e+00 2.2767819e-01 0.0000000e+00]
   [0.0000000e+00 7.5463277e-01 0.0000000e+00 0.0000000e+00
    0.0000000e+00 0.0000000e+00 2.3532777e-01 0.0000000e+00]
   [0.0000000e+00 1.0421474e+00 0.0000000e+00 0.0000000e+00
    0.0000000e+00 0.0000000e+00 2.5590080e-01 0.0000000e+00]
   [0.0000000e+00 8.1684604e-02 0.0000000e+00 0.0000000e+00
    6.5555960e-01 0.0000000e+00 0.0000000e+00 0.0000000e+00]
   [0.0000000e+00 0.0000000e+00 0.0000000e+00 0.0000000e+00
    9.9049962e-01 0.0000000e+00 0.0000000e+00 0.0000000e+00]
   [0.0000000e+00 0.0000000e+00 3.8894408e+00 0.0000000e+00
    0.0000000e+00 0.0000000e+00 9.9852717e-01 0.0000000e+00]
   [0.0000000e+00 0.0000000e+00 0.0000000e+00 0.0000000e+00
    0.0000000e+00 0.0000000e+00 1.2511954e+00 2.4982864e-01]
   [0.0000000e+00 7.5165969e-01 0.0000000e+00 0.0000000e+00
    0.0000000e+00 0.0000000e+00 6.5577304e-01 5.3473228e-01]
   [0.0000000e+00 5.3346121e-01 0.0000000e+00 0.0000000e+00
    0.0000000e+00 0.0000000e+00 0.0000000e+00 0.0000000e+00]
   [0.0000000e+00 2.0985454e-03 0.0000000e+00 0.0000000e+00
    0.0000000e+00 0.0000000e+00 0.0000000e+00 0.0000000e+00]]

  [[0.0000000e+00 1.5235029e-01 0.0000000e+00 0.0000000e+00
    0.0000000e+00 0.0000000e+00 3.7823081e-01 0.0000000e+00]
   [0.0000000e+00 7.1712899e-01 0.0000000e+00 0.0000000e+00
    0.0000000e+00 0.0000000e+00 4.0175676e-01 0.0000000e+00]
   [0.0000000e+00 7.1712899e-01 0.0000000e+00 0.0000000e+00
    0.0000000e+00 0.0000000e+00 4.0175676e-01 0.0000000e+00]
   [0.0000000e+00 7.1712899e-01 0.0000000e+00 0.0000000e+00
    0.0000000e+00 0.0000000e+00 4.0175676e-01 0.0000000e+00]
   [0.0000000e+00 7.1712899e-01 0.0000000e+00 0.0000000e+00
    0.0000000e+00 0.0000000e+00 4.0175676e-01 0.0000000e+00]
   [0.0000000e+00 8.2711190e-01 0.0000000e+00 0.0000000e+00
    0.0000000e+00 0.0000000e+00 3.6759502e-01 0.0000000e+00]
   [0.0000000e+00 8.4192926e-01 0.0000000e+00 0.0000000e+00
    0.0000000e+00 0.0000000e+00 0.0000000e+00 0.0000000e+00]
   [0.0000000e+00 0.0000000e+00 0.0000000e+00 0.0000000e+00
    1.6751049e+00 0.0000000e+00 0.0000000e+00 0.0000000e+00]
   [0.0000000e+00 0.0000000e+00 1.7253505e+00 0.0000000e+00
    0.0000000e+00 0.0000000e+00 0.0000000e+00 0.0000000e+00]
   [0.0000000e+00 0.0000000e+00 2.4870384e+00 0.0000000e+00
    0.0000000e+00 0.0000000e+00 1.3933266e+00 0.0000000e+00]
   [0.0000000e+00 5.5170804e-01 0.0000000e+00 0.0000000e+00
    0.0000000e+00 0.0000000e+00 8.8218564e-01 8.9423555e-01]
   [0.0000000e+00 7.4427217e-01 0.0000000e+00 0.0000000e+00
    0.0000000e+00 0.0000000e+00 4.4277906e-01 0.0000000e+00]
   [0.0000000e+00 5.3346121e-01 0.0000000e+00 0.0000000e+00
    0.0000000e+00 0.0000000e+00 0.0000000e+00 0.0000000e+00]
   [0.0000000e+00 2.0985454e-03 0.0000000e+00 0.0000000e+00
    0.0000000e+00 0.0000000e+00 0.0000000e+00 0.0000000e+00]]

  [[0.0000000e+00 1.5235029e-01 0.0000000e+00 0.0000000e+00
    0.0000000e+00 0.0000000e+00 3.7823081e-01 0.0000000e+00]
   [0.0000000e+00 7.1712899e-01 0.0000000e+00 0.0000000e+00
    0.0000000e+00 0.0000000e+00 4.0175676e-01 0.0000000e+00]
   [0.0000000e+00 7.1712899e-01 0.0000000e+00 0.0000000e+00
    0.0000000e+00 0.0000000e+00 4.0175676e-01 0.0000000e+00]
   [0.0000000e+00 7.1712899e-01 0.0000000e+00 0.0000000e+00
    0.0000000e+00 0.0000000e+00 4.0175676e-01 0.0000000e+00]
   [0.0000000e+00 7.2152817e-01 0.0000000e+00 0.0000000e+00
    0.0000000e+00 0.0000000e+00 4.0039033e-01 0.0000000e+00]
   [0.0000000e+00 1.0799005e+00 0.0000000e+00 0.0000000e+00
    0.0000000e+00 0.0000000e+00 1.7781614e-01 0.0000000e+00]
   [0.0000000e+00 0.0000000e+00 0.0000000e+00 0.0000000e+00
    1.2127092e+00 0.0000000e+00 0.0000000e+00 0.0000000e+00]
   [0.0000000e+00 0.0000000e+00 0.0000000e+00 0.0000000e+00
    8.6431241e-01 0.0000000e+00 0.0000000e+00 0.0000000e+00]
   [0.0000000e+00 0.0000000e+00 4.1309724e+00 0.0000000e+00
    0.0000000e+00 0.0000000e+00 1.1025140e+00 0.0000000e+00]
   [0.0000000e+00 0.0000000e+00 0.0000000e+00 0.0000000e+00
    0.0000000e+00 0.0000000e+00 1.1318731e+00 2.9337037e-01]
   [0.0000000e+00 7.9573566e-01 0.0000000e+00 0.0000000e+00
    0.0000000e+00 0.0000000e+00 6.0779399e-01 4.5418644e-01]
   [0.0000000e+00 7.1712899e-01 0.0000000e+00 0.0000000e+00
    0.0000000e+00 0.0000000e+00 4.0175676e-01 0.0000000e+00]
   [0.0000000e+00 5.3346121e-01 0.0000000e+00 0.0000000e+00
    0.0000000e+00 0.0000000e+00 0.0000000e+00 0.0000000e+00]
   [0.0000000e+00 2.0985454e-03 0.0000000e+00 0.0000000e+00
    0.0000000e+00 0.0000000e+00 0.0000000e+00 0.0000000e+00]]

  [[0.0000000e+00 1.5235029e-01 0.0000000e+00 0.0000000e+00
    0.0000000e+00 0.0000000e+00 3.7823081e-01 0.0000000e+00]
   [0.0000000e+00 7.1712899e-01 0.0000000e+00 0.0000000e+00
    0.0000000e+00 0.0000000e+00 4.0175676e-01 0.0000000e+00]
   [0.0000000e+00 7.1712899e-01 0.0000000e+00 0.0000000e+00
    0.0000000e+00 0.0000000e+00 4.0175676e-01 0.0000000e+00]
   [0.0000000e+00 7.1712899e-01 0.0000000e+00 0.0000000e+00
    0.0000000e+00 0.0000000e+00 4.0175676e-01 0.0000000e+00]
   [0.0000000e+00 9.7059137e-01 0.0000000e+00 0.0000000e+00
    0.0000000e+00 0.0000000e+00 3.3786523e-01 0.0000000e+00]
   [0.0000000e+00 6.2744296e-01 0.0000000e+00 0.0000000e+00
    2.6117983e-01 0.0000000e+00 0.0000000e+00 0.0000000e+00]
   [0.0000000e+00 0.0000000e+00 0.0000000e+00 0.0000000e+00
    2.1686149e+00 0.0000000e+00 0.0000000e+00 0.0000000e+00]
   [0.0000000e+00 0.0000000e+00 2.3472364e+00 0.0000000e+00
    0.0000000e+00 0.0000000e+00 0.0000000e+00 0.0000000e+00]
   [0.0000000e+00 0.0000000e+00 1.7437536e+00 0.0000000e+00
    0.0000000e+00 0.0000000e+00 1.3137416e+00 0.0000000e+00]
   [0.0000000e+00 5.6907946e-01 0.0000000e+00 0.0000000e+00
    0.0000000e+00 0.0000000e+00 7.9821140e-01 8.4737414e-01]
   [0.0000000e+00 7.2508597e-01 0.0000000e+00 0.0000000e+00
    0.0000000e+00 0.0000000e+00 4.3002546e-01 0.0000000e+00]
   [0.0000000e+00 7.1712899e-01 0.0000000e+00 0.0000000e+00
    0.0000000e+00 0.0000000e+00 4.0175676e-01 0.0000000e+00]
   [0.0000000e+00 5.3346121e-01 0.0000000e+00 0.0000000e+00
    0.0000000e+00 0.0000000e+00 0.0000000e+00 0.0000000e+00]
   [0.0000000e+00 2.0985454e-03 0.0000000e+00 0.0000000e+00
    0.0000000e+00 0.0000000e+00 0.0000000e+00 0.0000000e+00]]

  [[0.0000000e+00 1.5235029e-01 0.0000000e+00 0.0000000e+00
    0.0000000e+00 0.0000000e+00 3.7823081e-01 0.0000000e+00]
   [0.0000000e+00 7.1712899e-01 0.0000000e+00 0.0000000e+00
    0.0000000e+00 0.0000000e+00 4.0175676e-01 0.0000000e+00]
   [0.0000000e+00 7.1712899e-01 0.0000000e+00 0.0000000e+00
    0.0000000e+00 0.0000000e+00 4.0175676e-01 0.0000000e+00]
   [0.0000000e+00 8.0658180e-01 0.0000000e+00 0.0000000e+00
    0.0000000e+00 0.0000000e+00 3.7397182e-01 0.0000000e+00]
   [0.0000000e+00 9.9757141e-01 0.0000000e+00 0.0000000e+00
    0.0000000e+00 0.0000000e+00 0.0000000e+00 0.0000000e+00]
   [0.0000000e+00 0.0000000e+00 0.0000000e+00 0.0000000e+00
    1.8897818e+00 0.0000000e+00 0.0000000e+00 0.0000000e+00]
   [0.0000000e+00 0.0000000e+00 0.0000000e+00 0.0000000e+00
    3.8144860e-01 0.0000000e+00 0.0000000e+00 0.0000000e+00]
   [0.0000000e+00 0.0000000e+00 3.8203576e+00 0.0000000e+00
    0.0000000e+00 0.0000000e+00 1.2151443e+00 0.0000000e+00]
   [0.0000000e+00 2.5378317e-01 0.0000000e+00 0.0000000e+00
    0.0000000e+00 0.0000000e+00 1.1103842e+00 8.3528590e-01]
   [0.0000000e+00 7.8959292e-01 0.0000000e+00 0.0000000e+00
    0.0000000e+00 0.0000000e+00 5.8545583e-01 3.8043398e-01]
   [0.0000000e+00 7.1712899e-01 0.0000000e+00 0.0000000e+00
    0.0000000e+00 0.0000000e+00 4.0175676e-01 0.0000000e+00]
   [0.0000000e+00 7.1712899e-01 0.0000000e+00 0.0000000e+00
    0.0000000e+00 0.0000000e+00 4.0175676e-01 0.0000000e+00]
   [0.0000000e+00 5.3346121e-01 0.0000000e+00 0.0000000e+00
    0.0000000e+00 0.0000000e+00 0.0000000e+00 0.0000000e+00]
   [0.0000000e+00 2.0985454e-03 0.0000000e+00 0.0000000e+00
    0.0000000e+00 0.0000000e+00 0.0000000e+00 0.0000000e+00]]

  [[0.0000000e+00 1.5235029e-01 0.0000000e+00 0.0000000e+00
    0.0000000e+00 0.0000000e+00 3.7823081e-01 0.0000000e+00]
   [0.0000000e+00 7.1712899e-01 0.0000000e+00 0.0000000e+00
    0.0000000e+00 0.0000000e+00 4.0175676e-01 0.0000000e+00]
   [0.0000000e+00 7.1712899e-01 0.0000000e+00 0.0000000e+00
    0.0000000e+00 0.0000000e+00 4.0175676e-01 0.0000000e+00]
   [0.0000000e+00 8.8972360e-01 0.0000000e+00 0.0000000e+00
    0.0000000e+00 0.0000000e+00 4.2168039e-01 0.0000000e+00]
   [0.0000000e+00 1.4699851e-01 0.0000000e+00 0.0000000e+00
    8.9559817e-01 0.0000000e+00 0.0000000e+00 0.0000000e+00]
   [0.0000000e+00 0.0000000e+00 0.0000000e+00 0.0000000e+00
    1.6108494e+00 0.0000000e+00 0.0000000e+00 0.0000000e+00]
   [0.0000000e+00 0.0000000e+00 3.8767698e+00 3.6762995e-01
    0.0000000e+00 0.0000000e+00 4.4107515e-01 0.0000000e+00]
   [0.0000000e+00 0.0000000e+00 1.1161840e+00 0.0000000e+00
    0.0000000e+00 0.0000000e+00 1.4599364e+00 0.0000000e+00]
   [0.0000000e+00 6.0316718e-01 0.0000000e+00 0.0000000e+00
    0.0000000e+00 0.0000000e+00 7.0373219e-01 5.6124032e-01]
   [0.0000000e+00 7.2193050e-01 0.0000000e+00 0.0000000e+00
    0.0000000e+00 0.0000000e+00 4.1881549e-01 0.0000000e+00]
   [0.0000000e+00 7.1712899e-01 0.0000000e+00 0.0000000e+00
    0.0000000e+00 0.0000000e+00 4.0175676e-01 0.0000000e+00]
   [0.0000000e+00 7.1712899e-01 0.0000000e+00 0.0000000e+00
    0.0000000e+00 0.0000000e+00 4.0175676e-01 0.0000000e+00]
   [0.0000000e+00 5.3346121e-01 0.0000000e+00 0.0000000e+00
    0.0000000e+00 0.0000000e+00 0.0000000e+00 0.0000000e+00]
   [0.0000000e+00 2.0985454e-03 0.0000000e+00 0.0000000e+00
    0.0000000e+00 0.0000000e+00 0.0000000e+00 0.0000000e+00]]

  [[0.0000000e+00 2.2843270e-01 0.0000000e+00 0.0000000e+00
    0.0000000e+00 0.0000000e+00 5.3317696e-02 0.0000000e+00]
   [0.0000000e+00 4.8156661e-01 0.0000000e+00 0.0000000e+00
    0.0000000e+00 0.0000000e+00 0.0000000e+00 0.0000000e+00]
   [0.0000000e+00 4.8156661e-01 0.0000000e+00 0.0000000e+00
    0.0000000e+00 0.0000000e+00 0.0000000e+00 0.0000000e+00]
   [0.0000000e+00 2.6293349e-01 0.0000000e+00 0.0000000e+00
    0.0000000e+00 0.0000000e+00 0.0000000e+00 0.0000000e+00]
   [0.0000000e+00 0.0000000e+00 0.0000000e+00 0.0000000e+00
    1.0617660e+00 0.0000000e+00 0.0000000e+00 0.0000000e+00]
   [0.0000000e+00 0.0000000e+00 0.0000000e+00 0.0000000e+00
    0.0000000e+00 0.0000000e+00 0.0000000e+00 1.9747630e-01]
   [0.0000000e+00 0.0000000e+00 3.4066124e+00 6.6477388e-01
    0.0000000e+00 0.0000000e+00 1.0114400e+00 0.0000000e+00]
   [0.0000000e+00 0.0000000e+00 0.0000000e+00 0.0000000e+00
    0.0000000e+00 0.0000000e+00 7.3381633e-01 3.0682057e-01]
   [0.0000000e+00 4.8046386e-01 0.0000000e+00 0.0000000e+00
    0.0000000e+00 0.0000000e+00 6.3895732e-03 0.0000000e+00]
   [0.0000000e+00 4.8156661e-01 0.0000000e+00 0.0000000e+00
    0.0000000e+00 0.0000000e+00 0.0000000e+00 0.0000000e+00]
   [0.0000000e+00 4.8156661e-01 0.0000000e+00 0.0000000e+00
    0.0000000e+00 0.0000000e+00 0.0000000e+00 0.0000000e+00]
   [0.0000000e+00 4.8156661e-01 0.0000000e+00 0.0000000e+00
    0.0000000e+00 0.0000000e+00 0.0000000e+00 0.0000000e+00]
   [0.0000000e+00 1.8876188e-01 0.0000000e+00 0.0000000e+00
    0.0000000e+00 0.0000000e+00 0.0000000e+00 0.0000000e+00]
   [0.0000000e+00 0.0000000e+00 0.0000000e+00 0.0000000e+00
    8.7690488e-02 0.0000000e+00 0.0000000e+00 0.0000000e+00]]

  [[0.0000000e+00 1.2327607e-01 0.0000000e+00 3.8890672e-01
    1.6487116e-01 0.0000000e+00 0.0000000e+00 0.0000000e+00]
   [0.0000000e+00 5.0625488e-02 0.0000000e+00 4.5361653e-02
    5.2576363e-01 0.0000000e+00 0.0000000e+00 0.0000000e+00]
   [0.0000000e+00 5.0625488e-02 0.0000000e+00 4.5361653e-02
    5.2576363e-01 0.0000000e+00 0.0000000e+00 0.0000000e+00]
   [0.0000000e+00 0.0000000e+00 0.0000000e+00 0.0000000e+00
    8.1179303e-01 0.0000000e+00 0.0000000e+00 0.0000000e+00]
   [0.0000000e+00 0.0000000e+00 0.0000000e+00 0.0000000e+00
    5.0705764e-02 0.0000000e+00 0.0000000e+00 0.0000000e+00]
   [0.0000000e+00 0.0000000e+00 1.8708735e+00 0.0000000e+00
    0.0000000e+00 0.0000000e+00 0.0000000e+00 0.0000000e+00]
   [0.0000000e+00 1.9065870e-01 1.6024423e+00 7.5209248e-01
    0.0000000e+00 0.0000000e+00 7.3578262e-01 0.0000000e+00]
   [0.0000000e+00 1.3697721e-01 0.0000000e+00 2.0658423e-01
    0.0000000e+00 0.0000000e+00 2.4688061e-01 0.0000000e+00]
   [0.0000000e+00 7.2083548e-02 0.0000000e+00 1.6204894e-02
    5.0352538e-01 0.0000000e+00 0.0000000e+00 0.0000000e+00]
   [0.0000000e+00 5.0625488e-02 0.0000000e+00 4.5361653e-02
    5.2576363e-01 0.0000000e+00 0.0000000e+00 0.0000000e+00]
   [0.0000000e+00 5.0625488e-02 0.0000000e+00 4.5361653e-02
    5.2576363e-01 0.0000000e+00 0.0000000e+00 0.0000000e+00]
   [0.0000000e+00 5.0625488e-02 0.0000000e+00 4.5361653e-02
    5.2576363e-01 0.0000000e+00 0.0000000e+00 0.0000000e+00]
   [0.0000000e+00 0.0000000e+00 0.0000000e+00 0.0000000e+00
    9.0474617e-01 0.0000000e+00 0.0000000e+00 0.0000000e+00]
   [0.0000000e+00 0.0000000e+00 0.0000000e+00 0.0000000e+00
    8.3358389e-01 0.0000000e+00 0.0000000e+00 0.0000000e+00]]]]