[[[[1.23339839e-01 1.57962382e-01 0.00000000e+00]
   [1.23339839e-01 1.57962382e-01 0.00000000e+00]
   [1.23339839e-01 1.57962382e-01 0.00000000e+00]
   [1.23339839e-01 1.57962382e-01 0.00000000e+00]
   [1.23339839e-01 1.57962382e-01 0.00000000e+00]
   [1.23339839e-01 1.57962382e-01 0.00000000e+00]
   [1.23339839e-01 1.57962382e-01 0.00000000e+00]]

  [[1.50768712e-01 7.89811909e-02 0.00000000e+00]
   [2.04444218e+00 0.00000000e+00 1.13803077e+00]
   [9.28677797e-01 0.00000000e+00 3.22244477e+00]
   [0.00000000e+00 0.00000000e+00 2.72610760e+00]
   [0.00000000e+00 0.00000000e+00 2.65865564e+00]
   [0.00000000e+00 1.96053945e-02 1.60426342e+00]
   [1.23339839e-01 1.57962382e-01 0.00000000e+00]]

  [[6.16699196e-02 5.19957066e-01 0.00000000e+00]
   [9.82019126e-01 3.15905118e+00 0.00000000e+00]
   [2.06704712e+00 5.29529238e+00 7.25719810e-01]
   [2.35678387e+00 4.58853817e+00 1.13531137e+00]
   [2.00795627e+00 6.37703836e-01 2.76103616e+00]
   [0.00000000e+00 4.38261271e-01 2.57754827e+00]
   [1.23339839e-01 1.57962382e-01 0.00000000e+00]]

  [[1.23339839e-01 1.57962382e-01 0.00000000e+00]
   [1.23339839e-01 1.57962382e-01 0.00000000e+00]
   [4.48974408e-02 2.10312545e-01 0.00000000e+00]
   [3.56364936e-01 0.00000000e+00 0.00000000e+00]
   [0.00000000e+00 0.00000000e+00 2.99791002e+00]
   [1.31569039e-02 1.26777983e+00 2.88370132e-01]
   [1.23339839e-01 1.57962382e-01 0.00000000e+00]]

  [[1.23339839e-01 1.57962382e-01 0.00000000e+00]
   [1.23339839e-01 1.57962382e-01 0.00000000e+00]
   [3.19421589e-01 8.23972374e-02 0.00000000e+00]
   [7.41863437e-03 0.00000000e+00 1.80343080e+00]
   [0.00000000e+00 8.15688074e-01 2.07486582e+00]
   [8.38560164e-02 4.11893040e-01 0.00000000e+00]
   [1.23339839e-01 1.57962382e-01 0.00000000e+00]]

  [[1.23339839e-01 1.57962382e-01 0.00000000e+00]
   [1.22164235e-01 1.30996272e-01 0.00000000e+00]
   [8.35237861e-01 0.00000000e+00 4.44968075e-01]
   [0.00000000e+00 0.00000000e+00 3.96927023e+00]
   [2.56158207e-02 1.19603860e+00 3.35202063e-03]
   [1.23339839e-01 1.57962382e-01 0.00000000e+00]
   [1.23339839e-01 1.57962382e-01 0.00000000e+00]]

  [[1.23339839e-01 1.57962382e-01 0.00000000e+00]
   [9.03335661e-02 3.50594103e-01 0.00000000e+00]
   [1.67717206e+00 3.33181787e+00 2.88919270e-01]
   [9.40965414e-01 2.81332588e+00 7.89929032e-01]
   [7.99314231e-02 3.06438357e-01 0.00000000e+00]
   [1.23339839e-01 1.57962382e-01 0.00000000e+00]
   [1.23339839e-01 1.57962382e-01 0.00000000e+00]]]]