[[[[ 1.23339839e-01  1.57962382e-01 -1.24701383e-02]
   [ 1.23339839e-01  1.57962382e-01 -1.24701383e-02]
   [ 1.23339839e-01  1.57962382e-01 -1.24701383e-02]
   [ 1.23339839e-01  1.57962382e-01 -1.24701383e-02]
   [ 1.23339839e-01  1.57962382e-01 -1.24701383e-02]
   [ 1.23339839e-01  1.57962382e-01 -1.24701383e-02]
   [ 1.23339839e-01  1.57962382e-01 -1.24701383e-02]
   [ 1.23339839e-01  1.57962382e-01 -1.24701383e-02]
   [ 1.23339839e-01  1.57962382e-01 -1.24701383e-02]
   [ 1.23339839e-01  1.57962382e-01 -1.24701383e-02]
   [ 1.23339839e-01  1.57962382e-01 -1.24701383e-02]
   [ 1.23339839e-01  1.57962382e-01 -1.24701383e-02]
   [ 1.23339839e-01  1.57962382e-01 -1.24701383e-02]
   [ 1.23339839e-01  1.57962382e-01 -1.24701383e-02]]

  [[ 1.23339839e-01  1.57962382e-01 -1.24701383e-02]
   [ 1.23339839e-01  1.57962382e-01 -1.24701383e-02]
   [ 1.23339839e-01  1.57962382e-01 -1.24701383e-02]
   [ 1.23339839e-01  1.57962382e-01 -1.24701383e-02]
   [ 1.23339839e-01  1.57962382e-01 -1.24701383e-02]
   [ 1.23339839e-01  1.57962382e-01 -1.24701383e-02]
   [ 1.23339839e-01  1.57962382e-01 -1.24701383e-02]
   [ 1.23339839e-01  1.57962382e-01 -1.24701383e-02]
   [ 1.23339839e-01  1.57962382e-01 -1.24701383e-02]
   [ 1.23339839e-01  1.57962382e-01 -1.24701383e-02]
   [ 1.23339839e-01  1.57962382e-01 -1.24701383e-02]
   [ 1.23339839e-01  1.57962382e-01 -1.24701383e-02]
   [ 1.23339839e-01  1.57962382e-01 -1.24701383e-02]
   [ 1.23339839e-01  1.57962382e-01 -1.24701383e-02]]

  [[ 1.23339839e-01  1.57962382e-01 -1.24701383e-02]
   [-1.91765279e-03 -1.75510496e-02 -1.60607219e-01]
   [ 5.81047162e-02 -1.67941546e+00 -1.45769790e-02]
   [-3.14058781e+00 -3.27177191e+00  9.69273150e-01]
   [-7.41360140e+00 -4.05932283e+00  2.20076847e+00]
   [-7.12218809e+00 -2.73247552e+00  1.87708080e+00]
   [-5.34908533e+00 -9.50079024e-01  1.13944483e+00]
   [-4.54216480e+00 -3.63705158e-01  7.38018036e-01]
   [-4.51711798e+00 -3.86700928e-01  7.56360412e-01]
   [-4.32125759e+00 -4.88697231e-01  9.50123847e-01]
   [-3.05633473e+00 -1.80775791e-01  8.82859111e-01]
   [-8.17078769e-01  7.84215778e-02  4.10080463e-01]
   [ 1.23339839e-01  1.57962382e-01 -1.24701383e-02]
   [ 1.23339839e-01  1.57962382e-01 -1.24701383e-02]]

  [[ 1.23339839e-01  1.57962382e-01 -1.24701383e-02]
   [ 3.56395155e-01 -7.45624602e-01 -1.36656433e-01]
   [ 3.06670880e+00 -3.18120027e+00  8.66836786e-01]
   [ 5.05295563e+00 -5.98783970e+00  2.71601343e+00]
   [ 2.96111774e+00 -9.69932079e+00  4.44186497e+00]
   [ 7.53593326e-01 -1.12871561e+01  4.37006474e+00]
   [-1.20994711e+00 -1.29834423e+01  4.39235926e+00]
   [-1.68890607e+00 -1.33586979e+01  4.63460875e+00]
   [-2.20320344e+00 -1.31925373e+01  4.47413492e+00]
   [-4.04921007e+00 -1.09515648e+01  4.45400286e+00]
   [-6.98625946e+00 -7.22192717e+00  3.33052993e+00]
   [-3.37030005e+00 -3.06733012e+00  1.79358423e+00]
   [ 1.23339839e-01  1.57962382e-01 -1.24701383e-02]
   [ 1.23339839e-01  1.57962382e-01 -1.24701383e-02]]

  [[ 1.23339839e-01  1.57962382e-01 -1.24701383e-02]
   [-4.52472210e-01  1.23601794e+00 -8.06573927e-01]
   [ 7.17805564e-01  3.78108644e+00 -1.53880072e+00]
   [ 3.21027088e+00  5.81938028e+00 -3.06750834e-01]
   [ 3.66854620e+00  6.92223406e+00  1.09144127e+00]
   [ 4.59964275e+00  6.13421535e+00  1.81143796e+00]
   [ 4.75093269e+00  5.02354288e+00  2.27307558e+00]
   [ 4.67620325e+00  4.25502396e+00  2.26817012e+00]
   [ 5.35398388e+00  3.91942561e-01  2.85422444e+00]
   [ 2.67784142e+00 -1.55468225e+00  5.45130062e+00]
   [-3.91583085e+00 -2.71234655e+00  5.05845308e+00]
   [-2.19859076e+00 -1.62344193e+00  1.67614388e+00]
   [ 1.23339839e-01  1.57962382e-01 -1.24701383e-02]
   [ 1.23339839e-01  1.57962382e-01 -1.24701383e-02]]

  [[ 1.23339839e-01  1.57962382e-01 -1.24701383e-02]
   [-9.85466540e-01  5.27885556e-01 -3.29107374e-01]
   [-2.09051061e+00  1.27922392e+00 -7.79988468e-01]
   [-1.96104145e+00  1.75651431e+00 -1.47247863e+00]
   [-2.17821336e+00  3.63267851e+00 -3.13656116e+00]
   [-1.61187720e+00  4.49204206e+00 -3.05907631e+00]
   [-1.58457243e+00  5.58124638e+00 -2.90797925e+00]
   [-9.18850124e-01  3.49433899e+00 -2.66599441e+00]
   [-3.09919357e-01  1.81577277e+00 -1.30192268e+00]
   [-2.71728367e-01  3.43100041e-01  2.73862004e+00]
   [-2.90926385e+00 -7.59184062e-01  3.40710545e+00]
   [-1.10341191e+00  1.75304508e+00  1.68489814e-01]
   [ 1.23339839e-01  1.57962382e-01 -1.24701383e-02]
   [ 1.23339839e-01  1.57962382e-01 -1.24701383e-02]]

  [[ 1.23339839e-01  1.57962382e-01 -1.24701383e-02]
   [ 1.23339839e-01  1.57962382e-01 -1.24701383e-02]
   [ 1.23339839e-01  1.57962382e-01 -1.24701383e-02]
   [ 1.23339839e-01  1.57962382e-01 -1.24701383e-02]
   [-2.02846438e-01  2.16206834e-01 -6.75638393e-02]
   [-2.17021018e-01  2.47522771e-01 -9.51837748e-02]
   [-3.65066051e-01 -3.28852922e-01 -3.96861047e-01]
   [ 1.08311367e+00 -2.92425275e+00 -7.45835543e-01]
   [-4.59190667e-01 -1.02496576e+00  9.74067688e-01]
   [-1.71656036e+00 -1.54656124e+00  4.36311960e+00]
   [-1.55903816e+00  9.60489035e-01  1.15348053e+00]
   [-2.32723266e-01  1.28540111e+00 -5.85208774e-01]
   [ 1.23339839e-01  1.57962382e-01 -1.24701383e-02]
   [ 1.23339839e-01  1.57962382e-01 -1.24701383e-02]]

  [[ 1.23339839e-01  1.57962382e-01 -1.24701383e-02]
   [ 1.23339839e-01  1.57962382e-01 -1.24701383e-02]
   [ 1.23339839e-01  1.57962382e-01 -1.24701383e-02]
   [ 1.23339839e-01  1.57962382e-01 -1.24701383e-02]
   [ 1.23339839e-01  1.57962382e-01 -1.24701383e-02]
   [ 5.62499240e-02  2.19558179e-01 -6.16015084e-02]
   [ 3.42346102e-01 -1.66679144e+00 -5.21049559e-01]
   [-4.88149762e-01 -1.30383515e+00 -9.02043357e-02]
   [-1.53939247e+00 -5.41815817e-01  3.11534214e+00]
   [-2.18985677e+00 -8.30940425e-01  3.53911066e+00]
   [-7.93614507e-01  2.46470284e+00 -7.69718647e-01]
   [ 5.26276156e-02  3.60526502e-01 -1.44761786e-01]
   [ 1.23339839e-01  1.57962382e-01 -1.24701383e-02]
   [ 1.23339839e-01  1.57962382e-01 -1.24701383e-02]]

  [[ 1.23339839e-01  1.57962382e-01 -1.24701383e-02]
   [ 1.23339839e-01  1.57962382e-01 -1.24701383e-02]
   [ 1.23339839e-01  1.57962382e-01 -1.24701383e-02]
   [ 1.23339839e-01  1.57962382e-01 -1.24701383e-02]
   [ 1.20656244e-01  1.60426214e-01 -1.44353937e-02]
   [ 2.05378890e-01 -8.97886217e-01 -2.86212206e-01]
   [ 2.96745375e-02 -3.63885307e+00 -8.58722478e-02]
   [-2.42446351e+00 -1.87367868e+00  1.94531691e+00]
   [-2.18515229e+00 -2.38944769e+00  4.57864809e+00]
   [-1.59511495e+00  1.02529192e+00  7.13839769e-01]
   [-1.46807373e-01  1.08335066e+00 -5.23541629e-01]
   [ 1.23339839e-01  1.57962382e-01 -1.24701383e-02]
   [ 1.23339839e-01  1.57962382e-01 -1.24701383e-02]
   [ 1.23339839e-01  1.57962382e-01 -1.24701383e-02]]

  [[ 1.23339839e-01  1.57962382e-01 -1.24701383e-02]
   [ 1.23339839e-01  1.57962382e-01 -1.24701383e-02]
   [ 1.23339839e-01  1.57962382e-01 -1.24701383e-02]
   [ 1.23339839e-01  1.57962382e-01 -1.24701383e-02]
   [-3.81847247e-02  1.69162735e-01 -1.77570537e-01]
   [ 9.51651275e-01 -3.45035362e+00 -1.70486972e-01]
   [-4.27725077e-01 -2.31586146e+00  1.01317465e+00]
   [-1.82310224e+00 -1.69154119e+00  4.25523186e+00]
   [-1.27997863e+00 -4.00911987e-01  3.00697589e+00]
   [-6.85926914e-01  2.23746037e+00 -7.24861145e-01]
   [ 8.87444019e-02  2.48296797e-01 -1.13278851e-01]
   [ 1.23339839e-01  1.57962382e-01 -1.24701383e-02]
   [ 1.23339839e-01  1.57962382e-01 -1.24701383e-02]
   [ 1.23339839e-01  1.57962382e-01 -1.24701383e-02]]

  [[ 1.23339839e-01  1.57962382e-01 -1.24701383e-02]
   [ 1.23339839e-01  1.57962382e-01 -1.24701383e-02]
   [ 1.23339839e-01  1.57962382e-01 -1.24701383e-02]
   [ 6.87733740e-02  2.08060309e-01 -5.24303205e-02]
   [ 5.58575749e-01 -2.09952474e+00 -2.44352758e-01]
   [ 2.52404958e-01 -2.99420452e+00  1.41919836e-01]
   [-3.36548829e+00 -1.28487825e+00  2.87598610e+00]
   [-3.25611567e+00 -1.31992912e+00  4.80750418e+00]
   [-1.12450612e+00  2.42562556e+00  1.34080825e-02]
   [-1.06414206e-01  9.48585749e-01 -5.01609266e-01]
   [ 1.23339839e-01  1.57962382e-01 -1.24701383e-02]
   [ 1.23339839e-01  1.57962382e-01 -1.24701383e-02]
   [ 1.23339839e-01  1.57962382e-01 -1.24701383e-02]
   [ 1.23339839e-01  1.57962382e-01 -1.24701383e-02]]

  [[ 1.23339839e-01  1.57962382e-01 -1.24701383e-02]
   [ 1.23339839e-01  1.57962382e-01 -1.24701383e-02]
   [ 1.23339839e-01  1.57962382e-01 -1.24701383e-02]
   [ 1.73203871e-01 -4.50059414e-01 -1.00652203e-01]
   [ 1.61638725e+00 -3.19328904e+00 -4.15345788e-01]
   [ 9.13583577e-01 -3.27998734e+00  1.63795245e+00]
   [-2.31652308e+00 -3.77015305e+00  5.44525719e+00]
   [-3.70146513e+00 -1.50669646e+00  2.74833393e+00]
   [-5.06324530e-01  1.19746852e+00 -7.58695304e-01]
   [ 1.02463283e-01  2.12474525e-01 -7.33029768e-02]
   [ 1.23339839e-01  1.57962382e-01 -1.24701383e-02]
   [ 1.23339839e-01  1.57962382e-01 -1.24701383e-02]
   [ 1.23339839e-01  1.57962382e-01 -1.24701383e-02]
   [ 1.23339839e-01  1.57962382e-01 -1.24701383e-02]]

  [[ 1.23339839e-01  1.57962382e-01 -1.24701383e-02]
   [ 1.23339839e-01  1.57962382e-01 -1.24701383e-02]
   [ 1.23339839e-01  1.57962382e-01 -1.24701383e-02]
   [ 1.14654578e-01  1.01394728e-01 -3.16210449e-01]
   [ 8.55734825e-01  1.57980990e+00 -1.45718658e+00]
   [ 4.98620987e+00  3.51574969e+00  1.15567708e+00]
   [ 2.94029379e+00  2.62810373e+00  2.96953368e+00]
   [-1.14781857e+00  2.75526762e+00  1.90182343e-01]
   [-7.60459080e-02  6.04247272e-01 -1.51329160e-01]
   [ 1.23339839e-01  1.57962382e-01 -1.24701383e-02]
   [ 1.23339839e-01  1.57962382e-01 -1.24701383e-02]
   [ 1.23339839e-01  1.57962382e-01 -1.24701383e-02]
   [ 1.23339839e-01  1.57962382e-01 -1.24701383e-02]
   [ 1.23339839e-01  1.57962382e-01 -1.24701383e-02]]

  [[ 1.23339839e-01  1.57962382e-01 -1.24701383e-02]
   [ 1.23339839e-01  1.57962382e-01 -1.24701383e-02]
   [ 1.23339839e-01  1.57962382e-01 -1.24701383e-02]
   [-6.49202108e-01  9.85056877e-01 -6.13063276e-01]
   [-2.15370250e+00  4.07038689e+00 -2.16921687e+00]
   [ 8.66743624e-01  4.16132450e+00 -4.55506861e-01]
   [ 8.23567927e-01  3.58783293e+00 -4.49503452e-01]
   [-3.22426170e-01  2.28209949e+00 -9.97198105e-01]
   [ 7.30459988e-02  3.05581391e-01 -9.19693708e-02]
   [ 1.23339839e-01  1.57962382e-01 -1.24701383e-02]
   [ 1.23339839e-01  1.57962382e-01 -1.24701383e-02]
   [ 1.23339839e-01  1.57962382e-01 -1.24701383e-02]
   [ 1.23339839e-01  1.57962382e-01 -1.24701383e-02]
   [ 1.23339839e-01  1.57962382e-01 -1.24701383e-02]]]]