[[[[0.12333984 0.15796238 0.        ]
   [0.12333984 0.15796238 0.        ]
   [0.12333984 0.15796238 0.        ]
   [0.12333984 0.15796238 0.        ]
   [0.12333984 0.15796238 0.        ]
   [0.12333984 0.15796238 0.        ]
   [0.12333984 0.15796238 0.        ]
   [0.12333984 0.15796238 0.        ]
   [0.12333984 0.15796238 0.        ]
   [0.12333984 0.15796238 0.        ]
   [0.12333984 0.15796238 0.        ]
   [0.12333984 0.15796238 0.        ]
   [0.12333984 0.15796238 0.        ]
   [0.12333984 0.15796238 0.        ]]

  [[0.12333984 0.15796238 0.        ]
   [0.12333984 0.15796238 0.        ]
   [0.12333984 0.15796238 0.        ]
   [0.12333984 0.15796238 0.        ]
   [0.12333984 0.15796238 0.        ]
   [0.12333984 0.15796238 0.        ]
   [0.12333984 0.15796238 0.        ]
   [0.12333984 0.15796238 0.        ]
   [0.12333984 0.15796238 0.        ]
   [0.12333984 0.15796238 0.        ]
   [0.12333984 0.15796238 0.        ]
   [0.12333984 0.15796238 0.        ]
   [0.12333984 0.15796238 0.        ]
   [0.12333984 0.15796238 0.        ]]

  [[0.12333984 0.15796238 0.        ]
   [0.         0.         0.        ]
   [0.05810472 0.         0.        ]
   [0.         0.         0.96927315]
   [0.         0.         2.2007685 ]
   [0.         0.         1.8770808 ]
   [0.         0.         1.1394448 ]
   [0.         0.         0.73801804]
   [0.         0.         0.7563604 ]
   [0.         0.         0.95012385]
   [0.         0.         0.8828591 ]
   [0.         0.07842158 0.41008046]
   [0.12333984 0.15796238 0.        ]
   [0.12333984 0.15796238 0.        ]]

  [[0.12333984 0.15796238 0.        ]
   [0.35639516 0.         0.        ]
   [3.0667088  0.         0.8668368 ]
   [5.0529556  0.         2.7160134 ]
   [2.9611177  0.         4.441865  ]
   [0.7535933  0.         4.3700647 ]
   [0.         0.         4.3923593 ]
   [0.         0.         4.6346087 ]
   [0.         0.         4.474135  ]
   [0.         0.         4.454003  ]
   [0.         0.         3.33053   ]
   [0.         0.         1.7935842 ]
   [0.12333984 0.15796238 0.        ]
   [0.12333984 0.15796238 0.        ]]

  [[0.12333984 0.15796238 0.        ]
   [0.         1.236018   0.        ]
   [0.71780556 3.7810864  0.        ]
   [3.210271   5.8193803  0.        ]
   [3.6685462  6.922234   1.0914413 ]
   [4.5996428  6.1342154  1.811438  ]
   [4.7509327  5.023543   2.2730756 ]
   [4.6762033  4.255024   2.26817   ]
   [5.353984   0.39194256 2.8542244 ]
   [2.6778414  0.         5.4513006 ]
   [0.         0.         5.058453  ]
   [0.         0.         1.6761439 ]
   [0.12333984 0.15796238 0.        ]
   [0.12333984 0.15796238 0.        ]]

  [[0.12333984 0.15796238 0.        ]
   [0.         0.52788556 0.        ]
   [0.         1.2792239  0.        ]
   [0.         1.7565143  0.        ]
   [0.         3.6326785  0.        ]
   [0.         4.492042   0.        ]
   [0.         5.5812464  0.        ]
   [0.         3.494339   0.        ]
   [0.         1.8157728  0.        ]
   [0.         0.34310004 2.73862   ]
   [0.         0.         3.4071054 ]
   [0.         1.7530451  0.16848981]
   [0.12333984 0.15796238 0.        ]
   [0.12333984 0.15796238 0.        ]]

  [[0.12333984 0.15796238 0.        ]
   [0.12333984 0.15796238 0.        ]
   [0.12333984 0.15796238 0.        ]
   [0.12333984 0.15796238 0.        ]
   [0.         0.21620683 0.        ]
   [0.         0.24752277 0.        ]
   [0.         0.         0.        ]
   [1.0831137  0.         0.        ]
   [0.         0.         0.9740677 ]
   [0.         0.         4.3631196 ]
   [0.         0.96048903 1.1534805 ]
   [0.         1.2854011  0.        ]
   [0.12333984 0.15796238 0.        ]
   [0.12333984 0.15796238 0.        ]]

  [[0.12333984 0.15796238 0.        ]
   [0.12333984 0.15796238 0.        ]
   [0.12333984 0.15796238 0.        ]
   [0.12333984 0.15796238 0.        ]
   [0.12333984 0.15796238 0.        ]
   [0.05624992 0.21955818 0.        ]
   [0.3423461  0.         0.        ]
   [0.         0.         0.        ]
   [0.         0.         3.1153421 ]
   [0.         0.         3.5391107 ]
   [0.         2.4647028  0.        ]
   [0.05262762 0.3605265  0.        ]
   [0.12333984 0.15796238 0.        ]
   [0.12333984 0.15796238 0.        ]]

  [[0.12333984 0.15796238 0.        ]
   [0.12333984 0.15796238 0.        ]
   [0.12333984 0.15796238 0.        ]
   [0.12333984 0.15796238 0.        ]
   [0.12065624 0.16042621 0.        ]
   [0.20537889 0.         0.        ]
   [0.02967454 0.         0.        ]
   [0.         0.         1.9453169 ]
   [0.         0.         4.578648  ]
   [0.         1.0252919  0.71383977]
   [0.         1.0833507  0.        ]
   [0.12333984 0.15796238 0.        ]
   [0.12333984 0.15796238 0.        ]
   [0.12333984 0.15796238 0.        ]]

  [[0.12333984 0.15796238 0.        ]
   [0.12333984 0.15796238 0.        ]
   [0.12333984 0.15796238 0.        ]
   [0.12333984 0.15796238 0.        ]
   [0.         0.16916274 0.        ]
   [0.9516513  0.         0.        ]
   [0.         0.         1.0131747 ]
   [0.         0.         4.255232  ]
   [0.         0.         3.006976  ]
   [0.         2.2374604  0.        ]
   [0.0887444  0.2482968  0.        ]
   [0.12333984 0.15796238 0.        ]
   [0.12333984 0.15796238 0.        ]
   [0.12333984 0.15796238 0.        ]]

  [[0.12333984 0.15796238 0.        ]
   [0.12333984 0.15796238 0.        ]
   [0.12333984 0.15796238 0.        ]
   [0.06877337 0.20806031 0.        ]
   [0.55857575 0.         0.        ]
   [0.25240496 0.         0.14191984]
   [0.         0.         2.875986  ]
   [0.         0.         4.807504  ]
   [0.         2.4256256  0.01340808]
   [0.         0.94858575 0.        ]
   [0.12333984 0.15796238 0.        ]
   [0.12333984 0.15796238 0.        ]
   [0.12333984 0.15796238 0.        ]
   [0.12333984 0.15796238 0.        ]]

  [[0.12333984 0.15796238 0.        ]
   [0.12333984 0.15796238 0.        ]
   [0.12333984 0.15796238 0.        ]
   [0.17320387 0.         0.        ]
   [1.6163872  0.         0.        ]
   [0.9135836  0.         1.6379524 ]
   [0.         0.         5.445257  ]
   [0.         0.         2.748334  ]
   [0.         1.1974685  0.        ]
   [0.10246328 0.21247452 0.        ]
   [0.12333984 0.15796238 0.        ]
   [0.12333984 0.15796238 0.        ]
   [0.12333984 0.15796238 0.        ]
   [0.12333984 0.15796238 0.        ]]

  [[0.12333984 0.15796238 0.        ]
   [0.12333984 0.15796238 0.        ]
   [0.12333984 0.15796238 0.        ]
   [0.11465458 0.10139473 0.        ]
   [0.8557348  1.5798099  0.        ]
   [4.98621    3.5157497  1.1556771 ]
   [2.9402938  2.6281037  2.9695337 ]
   [0.         2.7552676  0.19018234]
   [0.         0.6042473  0.        ]
   [0.12333984 0.15796238 0.        ]
   [0.12333984 0.15796238 0.        ]
   [0.12333984 0.15796238 0.        ]
   [0.12333984 0.15796238 0.        ]
   [0.12333984 0.15796238 0.        ]]

  [[0.12333984 0.15796238 0.        ]
   [0.12333984 0.15796238 0.        ]
   [0.12333984 0.15796238 0.        ]
   [0.         0.9850569  0.        ]
   [0.         4.070387   0.        ]
   [0.8667436  4.1613245  0.        ]
   [0.8235679  3.587833   0.        ]
   [0.         2.2820995  0.        ]
   [0.073046   0.3055814  0.        ]
   [0.12333984 0.15796238 0.        ]
   [0.12333984 0.15796238 0.        ]
   [0.12333984 0.15796238 0.        ]
   [0.12333984 0.15796238 0.        ]
   [0.12333984 0.15796238 0.        ]]]]