[[[ 0.0000000e+00  0.0000000e+00  0.0000000e+00]
  [ 0.0000000e+00  0.0000000e+00  0.0000000e+00]
  [ 0.0000000e+00  0.0000000e+00  0.0000000e+00]
  [ 0.0000000e+00  0.0000000e+00  0.0000000e+00]
  [ 0.0000000e+00  0.0000000e+00  0.0000000e+00]
  [ 0.0000000e+00  0.0000000e+00  0.0000000e+00]
  [ 0.0000000e+00  0.0000000e+00  0.0000000e+00]
  [ 0.0000000e+00  0.0000000e+00  0.0000000e+00]
  [ 0.0000000e+00  0.0000000e+00  0.0000000e+00]
  [ 0.0000000e+00  0.0000000e+00  0.0000000e+00]
  [ 0.0000000e+00  0.0000000e+00  0.0000000e+00]
  [ 0.0000000e+00  0.0000000e+00  0.0000000e+00]
  [ 0.0000000e+00  0.0000000e+00  0.0000000e+00]
  [ 0.0000000e+00  0.0000000e+00  0.0000000e+00]]

 [[ 0.0000000e+00  0.0000000e+00  0.0000000e+00]
  [ 0.0000000e+00  0.0000000e+00  0.0000000e+00]
  [ 0.0000000e+00  0.0000000e+00  0.0000000e+00]
  [ 0.0000000e+00  0.0000000e+00  0.0000000e+00]
  [ 0.0000000e+00  0.0000000e+00  0.0000000e+00]
  [ 0.0000000e+00  0.0000000e+00  0.0000000e+00]
  [ 0.0000000e+00  0.0000000e+00  0.0000000e+00]
  [ 0.0000000e+00  0.0000000e+00  0.0000000e+00]
  [ 0.0000000e+00  0.0000000e+00  0.0000000e+00]
  [ 0.0000000e+00  0.0000000e+00  0.0000000e+00]
  [ 0.0000000e+00  0.0000000e+00  0.0000000e+00]
  [ 0.0000000e+00  0.0000000e+00  0.0000000e+00]
  [ 0.0000000e+00  0.0000000e+00  0.0000000e+00]
  [ 0.0000000e+00  0.0000000e+00  0.0000000e+00]]

 [[ 0.0000000e+00  0.0000000e+00  0.0000000e+00]
  [-1.2525749e-01 -1.7551343e-01 -1.4813708e-01]
  [-6.5235123e-02 -1.8373779e+00 -2.1068405e-03]
  [-3.2639277e+00 -3.4297342e+00  9.8174328e-01]
  [-7.5369411e+00 -4.2172852e+00  2.2132387e+00]
  [-7.2455277e+00 -2.8904378e+00  1.8895509e+00]
  [-5.4724250e+00 -1.1080414e+00  1.1519150e+00]
  [-4.6655045e+00 -5.2166754e-01  7.5048816e-01]
  [-4.6404576e+00 -5.4466331e-01  7.6883054e-01]
  [-4.4445972e+00 -6.4665961e-01  9.6259397e-01]
  [-3.1796746e+00 -3.3873817e-01  8.9532924e-01]
  [-9.4041860e-01 -7.9540804e-02  4.2255059e-01]
  [ 0.0000000e+00  0.0000000e+00  0.0000000e+00]
  [ 0.0000000e+00  0.0000000e+00  0.0000000e+00]]

 [[ 0.0000000e+00  0.0000000e+00  0.0000000e+00]
  [ 2.3305532e-01 -9.0358698e-01 -1.2418629e-01]
  [ 2.9433689e+00 -3.3391626e+00  8.7930691e-01]
  [ 4.9296160e+00 -6.1458020e+00  2.7284837e+00]
  [ 2.8377779e+00 -9.8572836e+00  4.4543352e+00]
  [ 6.3025349e-01 -1.1445119e+01  4.3825350e+00]
  [-1.3332870e+00 -1.3141405e+01  4.4048295e+00]
  [-1.8122460e+00 -1.3516661e+01  4.6470790e+00]
  [-2.3265433e+00 -1.3350500e+01  4.4866052e+00]
  [-4.1725497e+00 -1.1109528e+01  4.4664731e+00]
  [-7.1095991e+00 -7.3798895e+00  3.3430002e+00]
  [-3.4936399e+00 -3.2252924e+00  1.8060544e+00]
  [ 0.0000000e+00  0.0000000e+00  0.0000000e+00]
  [ 0.0000000e+00  0.0000000e+00  0.0000000e+00]]

 [[ 0.0000000e+00  0.0000000e+00  0.0000000e+00]
  [-5.7581204e-01  1.0780555e+00 -7.9410380e-01]
  [ 5.9446573e-01  3.6231241e+00 -1.5263306e+00]
  [ 3.0869310e+00  5.6614180e+00 -2.9428071e-01]
  [ 3.5452063e+00  6.7642717e+00  1.1039114e+00]
  [ 4.4763031e+00  5.9762530e+00  1.8239081e+00]
  [ 4.6275930e+00  4.8655806e+00  2.2855458e+00]
  [ 4.5528636e+00  4.0970616e+00  2.2806404e+00]
  [ 5.2306442e+00  2.3398019e-01  2.8666947e+00]
  [ 2.5545015e+00 -1.7126447e+00  5.4637709e+00]
  [-4.0391707e+00 -2.8703089e+00  5.0709233e+00]
  [-2.3219306e+00 -1.7814044e+00  1.6886140e+00]
  [ 0.0000000e+00  0.0000000e+00  0.0000000e+00]
  [ 0.0000000e+00  0.0000000e+00  0.0000000e+00]]

 [[ 0.0000000e+00  0.0000000e+00  0.0000000e+00]
  [-1.1088064e+00  3.6992317e-01 -3.1663725e-01]
  [-2.2138505e+00  1.1212615e+00 -7.6751834e-01]
  [-2.0843813e+00  1.5985520e+00 -1.4600085e+00]
  [-2.3015532e+00  3.4747162e+00 -3.1240909e+00]
  [-1.7352171e+00  4.3340797e+00 -3.0466061e+00]
  [-1.7079123e+00  5.4232841e+00 -2.8955090e+00]
  [-1.0421900e+00  3.3363767e+00 -2.6535242e+00]
  [-4.3325919e-01  1.6578104e+00 -1.2894526e+00]
  [-3.9506820e-01  1.8513766e-01  2.7510903e+00]
  [-3.0326037e+00 -9.1714644e-01  3.4195757e+00]
  [-1.2267518e+00  1.5950828e+00  1.8095995e-01]
  [ 0.0000000e+00  0.0000000e+00  0.0000000e+00]
  [ 0.0000000e+00  0.0000000e+00  0.0000000e+00]]

 [[ 0.0000000e+00  0.0000000e+00  0.0000000e+00]
  [ 0.0000000e+00  0.0000000e+00  0.0000000e+00]
  [ 0.0000000e+00  0.0000000e+00  0.0000000e+00]
  [ 0.0000000e+00  0.0000000e+00  0.0000000e+00]
  [-3.2618627e-01  5.8244448e-02 -5.5093698e-02]
  [-3.4036085e-01  8.9560397e-02 -8.2713634e-02]
  [-4.8840588e-01 -4.8681530e-01 -3.8439092e-01]
  [ 9.5977378e-01 -3.0822151e+00 -7.3336542e-01]
  [-5.8253050e-01 -1.1829282e+00  9.8653781e-01]
  [-1.8399003e+00 -1.7045236e+00  4.3755898e+00]
  [-1.6823781e+00  8.0252665e-01  1.1659507e+00]
  [-3.5606310e-01  1.1274388e+00 -5.7273865e-01]
  [ 0.0000000e+00  0.0000000e+00  0.0000000e+00]
  [ 0.0000000e+00  0.0000000e+00  0.0000000e+00]]

 [[ 0.0000000e+00  0.0000000e+00  0.0000000e+00]
  [ 0.0000000e+00  0.0000000e+00  0.0000000e+00]
  [ 0.0000000e+00  0.0000000e+00  0.0000000e+00]
  [ 0.0000000e+00  0.0000000e+00  0.0000000e+00]
  [ 0.0000000e+00  0.0000000e+00  0.0000000e+00]
  [-6.7089915e-02  6.1595805e-02 -4.9131371e-02]
  [ 2.1900627e-01 -1.8247538e+00 -5.0857943e-01]
  [-6.1148959e-01 -1.4617976e+00 -7.7734195e-02]
  [-1.6627324e+00 -6.9977820e-01  3.1278124e+00]
  [-2.3131967e+00 -9.8890281e-01  3.5515809e+00]
  [-9.1695434e-01  2.3067405e+00 -7.5724852e-01]
  [-7.0712224e-02  2.0256412e-01 -1.3229164e-01]
  [ 0.0000000e+00  0.0000000e+00  0.0000000e+00]
  [ 0.0000000e+00  0.0000000e+00  0.0000000e+00]]

 [[ 0.0000000e+00  0.0000000e+00  0.0000000e+00]
  [ 0.0000000e+00  0.0000000e+00  0.0000000e+00]
  [ 0.0000000e+00  0.0000000e+00  0.0000000e+00]
  [ 0.0000000e+00  0.0000000e+00  0.0000000e+00]
  [-2.6835969e-03  2.4638325e-03 -1.9652550e-03]
  [ 8.2039043e-02 -1.0558486e+00 -2.7374208e-01]
  [-9.3665302e-02 -3.7968154e+00 -7.3402107e-02]
  [-2.5478034e+00 -2.0316410e+00  1.9577870e+00]
  [-2.3084922e+00 -2.5474100e+00  4.5911183e+00]
  [-1.7184548e+00  8.6732954e-01  7.2630990e-01]
  [-2.7014720e-01  9.2538834e-01 -5.1107150e-01]
  [ 0.0000000e+00  0.0000000e+00  0.0000000e+00]
  [ 0.0000000e+00  0.0000000e+00  0.0000000e+00]
  [ 0.0000000e+00  0.0000000e+00  0.0000000e+00]]

 [[ 0.0000000e+00  0.0000000e+00  0.0000000e+00]
  [ 0.0000000e+00  0.0000000e+00  0.0000000e+00]
  [ 0.0000000e+00  0.0000000e+00  0.0000000e+00]
  [ 0.0000000e+00  0.0000000e+00  0.0000000e+00]
  [-1.6152456e-01  1.1200356e-02 -1.6510040e-01]
  [ 8.2831144e-01 -3.6083159e+00 -1.5801683e-01]
  [-5.5106491e-01 -2.4738238e+00  1.0256448e+00]
  [-1.9464421e+00 -1.8495035e+00  4.2677021e+00]
  [-1.4033185e+00 -5.5887437e-01  3.0194461e+00]
  [-8.0926675e-01  2.0794981e+00 -7.1239102e-01]
  [-3.4595441e-02  9.0334415e-02 -1.0080871e-01]
  [ 0.0000000e+00  0.0000000e+00  0.0000000e+00]
  [ 0.0000000e+00  0.0000000e+00  0.0000000e+00]
  [ 0.0000000e+00  0.0000000e+00  0.0000000e+00]]

 [[ 0.0000000e+00  0.0000000e+00  0.0000000e+00]
  [ 0.0000000e+00  0.0000000e+00  0.0000000e+00]
  [ 0.0000000e+00  0.0000000e+00  0.0000000e+00]
  [-5.4566469e-02  5.0097924e-02 -3.9960183e-02]
  [ 4.3523592e-01 -2.2574871e+00 -2.3188262e-01]
  [ 1.2906513e-01 -3.1521668e+00  1.5438998e-01]
  [-3.4888282e+00 -1.4428406e+00  2.8884563e+00]
  [-3.3794556e+00 -1.4778916e+00  4.8199744e+00]
  [-1.2478460e+00  2.2676632e+00  2.5878221e-02]
  [-2.2975405e-01  7.9062337e-01 -4.8913914e-01]
  [ 0.0000000e+00  0.0000000e+00  0.0000000e+00]
  [ 0.0000000e+00  0.0000000e+00  0.0000000e+00]
  [ 0.0000000e+00  0.0000000e+00  0.0000000e+00]
  [ 0.0000000e+00  0.0000000e+00  0.0000000e+00]]

 [[ 0.0000000e+00  0.0000000e+00  0.0000000e+00]
  [ 0.0000000e+00  0.0000000e+00  0.0000000e+00]
  [ 0.0000000e+00  0.0000000e+00  0.0000000e+00]
  [ 4.9864035e-02 -6.0802180e-01 -8.8182062e-02]
  [ 1.4930474e+00 -3.3512514e+00 -4.0287566e-01]
  [ 7.9024374e-01 -3.4379497e+00  1.6504226e+00]
  [-2.4398630e+00 -3.9281154e+00  5.4577274e+00]
  [-3.8248050e+00 -1.6646589e+00  2.7608042e+00]
  [-6.2966436e-01  1.0395061e+00 -7.4622518e-01]
  [-2.0876558e-02  5.4512147e-02 -6.0832839e-02]
  [ 0.0000000e+00  0.0000000e+00  0.0000000e+00]
  [ 0.0000000e+00  0.0000000e+00  0.0000000e+00]
  [ 0.0000000e+00  0.0000000e+00  0.0000000e+00]
  [ 0.0000000e+00  0.0000000e+00  0.0000000e+00]]

 [[ 0.0000000e+00  0.0000000e+00  0.0000000e+00]
  [ 0.0000000e+00  0.0000000e+00  0.0000000e+00]
  [ 0.0000000e+00  0.0000000e+00  0.0000000e+00]
  [-8.6852582e-03 -5.6567654e-02 -3.0374032e-01]
  [ 7.3239499e-01  1.4218476e+00 -1.4447165e+00]
  [ 4.8628702e+00  3.3577874e+00  1.1681472e+00]
  [ 2.8169539e+00  2.4701414e+00  2.9820039e+00]
  [-1.2711585e+00  2.5973053e+00  2.0265248e-01]
  [-1.9938575e-01  4.4628489e-01 -1.3885902e-01]
  [ 0.0000000e+00  0.0000000e+00  0.0000000e+00]
  [ 0.0000000e+00  0.0000000e+00  0.0000000e+00]
  [ 0.0000000e+00  0.0000000e+00  0.0000000e+00]
  [ 0.0000000e+00  0.0000000e+00  0.0000000e+00]
  [ 0.0000000e+00  0.0000000e+00  0.0000000e+00]]

 [[ 0.0000000e+00  0.0000000e+00  0.0000000e+00]
  [ 0.0000000e+00  0.0000000e+00  0.0000000e+00]
  [ 0.0000000e+00  0.0000000e+00  0.0000000e+00]
  [-7.7254194e-01  8.2709450e-01 -6.0059315e-01]
  [-2.2770424e+00  3.9124246e+00 -2.1567466e+00]
  [ 7.4340379e-01  4.0033622e+00 -4.4303674e-01]
  [ 7.0022810e-01  3.4298706e+00 -4.3703333e-01]
  [-4.4576600e-01  2.1241372e+00 -9.8472798e-01]
  [-5.0293837e-02  1.4761899e-01 -7.9499230e-02]
  [ 0.0000000e+00  0.0000000e+00  0.0000000e+00]
  [ 0.0000000e+00  0.0000000e+00  0.0000000e+00]
  [ 0.0000000e+00  0.0000000e+00  0.0000000e+00]
  [ 0.0000000e+00  0.0000000e+00  0.0000000e+00]
  [ 0.0000000e+00  0.0000000e+00  0.0000000e+00]]]