[[[[ 0.10384268 -0.07649615 -0.01367119]
   [ 0.10384268 -0.07649615 -0.01367119]
   [ 0.10384268 -0.07649615 -0.01367119]
   [ 0.10384268 -0.07649615 -0.01367119]
   [ 0.10384268 -0.07649615 -0.01367119]
   [ 0.10384268 -0.07649615 -0.01367119]
   [ 0.10384268 -0.07649615 -0.01367119]
   [ 0.10384268 -0.07649615 -0.01367119]
   [ 0.10384268 -0.07649615 -0.01367119]
   [ 0.10384268 -0.07649615 -0.01367119]
   [ 0.10384268 -0.07649615 -0.01367119]
   [ 0.10384268 -0.07649615 -0.01367119]
   [ 0.10384268 -0.07649615 -0.01367119]
   [ 0.10384268 -0.07649615 -0.01367119]
   [ 0.10384268 -0.07649615 -0.01367119]
   [ 0.10384268 -0.07649615 -0.01367119]
   [ 0.10384268 -0.07649615 -0.01367119]
   [ 0.10384268 -0.07649615 -0.01367119]
   [ 0.10384268 -0.07649615 -0.01367119]
   [ 0.10384268 -0.07649615 -0.01367119]
   [ 0.10384268 -0.07649615 -0.01367119]
   [ 0.10384268 -0.07649615 -0.01367119]
   [ 0.10384268 -0.07649615 -0.01367119]
   [ 0.10384268 -0.07649615 -0.01367119]
   [ 0.10384268 -0.07649615 -0.01367119]
   [ 0.10384268 -0.07649615 -0.01367119]
   [ 0.10384268 -0.07649615 -0.01367119]
   [ 0.10384268 -0.07649615 -0.01367119]]

  [[ 0.10384268 -0.07649615 -0.01367119]
   [ 0.10384268 -0.07649615 -0.01367119]
   [ 0.10384268 -0.07649615 -0.01367119]
   [ 0.10384268 -0.07649615 -0.01367119]
   [ 0.10384268 -0.07649615 -0.01367119]
   [ 0.10384268 -0.07649615 -0.01367119]
   [ 0.10384268 -0.07649615 -0.01367119]
   [ 0.10384268 -0.07649615 -0.01367119]
   [ 0.10384268 -0.07649615 -0.01367119]
   [ 0.10384268 -0.07649615 -0.01367119]
   [ 0.10384268 -0.07649615 -0.01367119]
   [ 0.10384268 -0.07649615 -0.01367119]
   [ 0.10384268 -0.07649615 -0.01367119]
   [ 0.10384268 -0.07649615 -0.01367119]
   [ 0.10384268 -0.07649615 -0.01367119]
   [ 0.10384268 -0.07649615 -0.01367119]
   [ 0.10384268 -0.07649615 -0.01367119]
   [ 0.10384268 -0.07649615 -0.01367119]
   [ 0.10384268 -0.07649615 -0.01367119]
   [ 0.10384268 -0.07649615 -0.01367119]
   [ 0.10384268 -0.07649615 -0.01367119]
   [ 0.10384268 -0.07649615 -0.01367119]
   [ 0.10384268 -0.07649615 -0.01367119]
   [ 0.10384268 -0.07649615 -0.01367119]
   [ 0.10384268 -0.07649615 -0.01367119]
   [ 0.10384268 -0.07649615 -0.01367119]
   [ 0.10384268 -0.07649615 -0.01367119]
   [ 0.10384268 -0.07649615 -0.01367119]]

  [[ 0.10384268 -0.07649615 -0.01367119]
   [ 0.10384268 -0.07649615 -0.01367119]
   [ 0.10384268 -0.07649615 -0.01367119]
   [ 0.10384268 -0.07649615 -0.01367119]
   [ 0.10384268 -0.07649615 -0.01367119]
   [ 0.10384268 -0.07649615 -0.01367119]
   [ 0.10384268 -0.07649615 -0.01367119]
   [ 0.10384268 -0.07649615 -0.01367119]
   [ 0.10384268 -0.07649615 -0.01367119]
   [ 0.10384268 -0.07649615 -0.01367119]
   [ 0.10384268 -0.07649615 -0.01367119]
   [ 0.10384268 -0.07649615 -0.01367119]
   [ 0.10384268 -0.07649615 -0.01367119]
   [ 0.10384268 -0.07649615 -0.01367119]
   [ 0.10384268 -0.07649615 -0.01367119]
   [ 0.10384268 -0.07649615 -0.01367119]
   [ 0.10384268 -0.07649615 -0.01367119]
   [ 0.10384268 -0.07649615 -0.01367119]
   [ 0.10384268 -0.07649615 -0.01367119]
   [ 0.10384268 -0.07649615 -0.01367119]
   [ 0.10384268 -0.07649615 -0.01367119]
   [ 0.10384268 -0.07649615 -0.01367119]
   [ 0.10384268 -0.07649615 -0.01367119]
   [ 0.10384268 -0.07649615 -0.01367119]
   [ 0.10384268 -0.07649615 -0.01367119]
   [ 0.10384268 -0.07649615 -0.01367119]
   [ 0.10384268 -0.07649615 -0.01367119]
   [ 0.10384268 -0.07649615 -0.01367119]]

  [[ 0.10384268 -0.07649615 -0.01367119]
   [ 0.10384268 -0.07649615 -0.01367119]
   [ 0.10384268 -0.07649615 -0.01367119]
   [ 0.10384268 -0.07649615 -0.01367119]
   [ 0.10384268 -0.07649615 -0.01367119]
   [ 0.10384268 -0.07649615 -0.01367119]
   [ 0.10384268 -0.07649615 -0.01367119]
   [ 0.10384268 -0.07649615 -0.01367119]
   [ 0.10384268 -0.07649615 -0.01367119]
   [ 0.10384268 -0.07649615 -0.01367119]
   [ 0.10384268 -0.07649615 -0.01367119]
   [ 0.10384268 -0.07649615 -0.01367119]
   [ 0.10384268 -0.07649615 -0.01367119]
   [ 0.10384268 -0.07649615 -0.01367119]
   [ 0.10384268 -0.07649615 -0.01367119]
   [ 0.10384268 -0.07649615 -0.01367119]
   [ 0.10384268 -0.07649615 -0.01367119]
   [ 0.10384268 -0.07649615 -0.01367119]
   [ 0.10384268 -0.07649615 -0.01367119]
   [ 0.10384268 -0.07649615 -0.01367119]
   [ 0.10384268 -0.07649615 -0.01367119]
   [ 0.10384268 -0.07649615 -0.01367119]
   [ 0.10384268 -0.07649615 -0.01367119]
   [ 0.10384268 -0.07649615 -0.01367119]
   [ 0.10384268 -0.07649615 -0.01367119]
   [ 0.10384268 -0.07649615 -0.01367119]
   [ 0.10384268 -0.07649615 -0.01367119]
   [ 0.10384268 -0.07649615 -0.01367119]]

  [[ 0.10384268 -0.07649615 -0.01367119]
   [ 0.10384268 -0.07649615 -0.01367119]
   [ 0.10384268 -0.07649615 -0.01367119]
   [ 0.10384268 -0.07649615 -0.01367119]
   [ 0.10384268 -0.07649615 -0.01367119]
   [ 0.10384268 -0.07649615 -0.01367119]
   [ 0.10384268 -0.07649615 -0.01367119]
   [ 0.10384268 -0.07649615 -0.01367119]
   [ 0.10384268 -0.07649615 -0.01367119]
   [ 0.10384268 -0.07649615 -0.01367119]
   [ 0.10384268 -0.07649615 -0.01367119]
   [ 0.10384268 -0.07649615 -0.01367119]
   [ 0.10384268 -0.07649615 -0.01367119]
   [ 0.10384268 -0.07649615 -0.01367119]
   [ 0.10384268 -0.07649615 -0.01367119]
   [ 0.10384268 -0.07649615 -0.01367119]
   [ 0.10384268 -0.07649615 -0.01367119]
   [ 0.10384268 -0.07649615 -0.01367119]
   [ 0.10384268 -0.07649615 -0.01367119]
   [ 0.10384268 -0.07649615 -0.01367119]
   [ 0.10384268 -0.07649615 -0.01367119]
   [ 0.10384268 -0.07649615 -0.01367119]
   [ 0.10384268 -0.07649615 -0.01367119]
   [ 0.10384268 -0.07649615 -0.01367119]
   [ 0.10384268 -0.07649615 -0.01367119]
   [ 0.10384268 -0.07649615 -0.01367119]
   [ 0.10384268 -0.07649615 -0.01367119]
   [ 0.10384268 -0.07649615 -0.01367119]]

  [[ 0.10384268 -0.07649615 -0.01367119]
   [ 0.10384268 -0.07649615 -0.01367119]
   [ 0.10384268 -0.07649615 -0.01367119]
   [ 0.10384268 -0.07649615 -0.01367119]
   [ 0.10384268 -0.07649615 -0.01367119]
   [ 0.10384268 -0.07649615 -0.01367119]
   [ 0.10384268 -0.07649615 -0.01367119]
   [ 0.10384268 -0.07649615 -0.01367119]
   [ 0.10384268 -0.07649615 -0.01367119]
   [ 0.10384268 -0.07649615 -0.01367119]
   [ 0.10384268 -0.07649615 -0.01367119]
   [ 0.10384268 -0.07649615 -0.01367119]
   [ 0.10384268 -0.07649615 -0.01367119]
   [ 0.10384268 -0.07649615 -0.01367119]
   [ 0.10384268 -0.07649615 -0.01367119]
   [ 0.10384268 -0.07649615 -0.01367119]
   [ 0.10384268 -0.07649615 -0.01367119]
   [ 0.10384268 -0.07649615 -0.01367119]
   [ 0.10384268 -0.07649615 -0.01367119]
   [ 0.10384268 -0.07649615 -0.01367119]
   [ 0.10384268 -0.07649615 -0.01367119]
   [ 0.10384268 -0.07649615 -0.01367119]
   [ 0.10384268 -0.07649615 -0.01367119]
   [ 0.10384268 -0.07649615 -0.01367119]
   [ 0.10384268 -0.07649615 -0.01367119]
   [ 0.10384268 -0.07649615 -0.01367119]
   [ 0.10384268 -0.07649615 -0.01367119]
   [ 0.10384268 -0.07649615 -0.01367119]]

  [[ 0.10384268 -0.07649615 -0.01367119]
   [ 0.10384268 -0.07649615 -0.01367119]
   [ 0.10384268 -0.07649615 -0.01367119]
   [ 0.10384268 -0.07649615 -0.01367119]
   [ 0.10384268 -0.07649615 -0.01367119]
   [ 0.10384268 -0.07649615 -0.01367119]
   [ 0.10384268 -0.07649615 -0.01367119]
   [ 0.10384268 -0.07649615 -0.01367119]
   [ 0.10384268 -0.07649615 -0.01367119]
   [ 0.10384268 -0.07649615 -0.01367119]
   [ 0.10384268 -0.07649615 -0.01367119]
   [ 0.10384268 -0.07649615 -0.01367119]
   [ 0.10384268 -0.07649615 -0.01367119]
   [ 0.10384268 -0.07649615 -0.01367119]
   [ 0.10384268 -0.07649615 -0.01367119]
   [ 0.10384268 -0.07649615 -0.01367119]
   [ 0.10384268 -0.07649615 -0.01367119]
   [ 0.10384268 -0.07649615 -0.01367119]
   [ 0.10384268 -0.07649615 -0.01367119]
   [ 0.10384268 -0.07649615 -0.01367119]
   [ 0.10384268 -0.07649615 -0.01367119]
   [ 0.10384268 -0.07649615 -0.01367119]
   [ 0.10384268 -0.07649615 -0.01367119]
   [ 0.10384268 -0.07649615 -0.01367119]
   [ 0.10384268 -0.07649615 -0.01367119]
   [ 0.10384268 -0.07649615 -0.01367119]
   [ 0.10384268 -0.07649615 -0.01367119]
   [ 0.10384268 -0.07649615 -0.01367119]]

  [[ 0.10384268 -0.07649615 -0.01367119]
   [ 0.10384268 -0.07649615 -0.01367119]
   [ 0.10384268 -0.07649615 -0.01367119]
   [ 0.10384268 -0.07649615 -0.01367119]
   [ 0.10384268 -0.07649615 -0.01367119]
   [ 0.10384268 -0.07649615 -0.01367119]
   [ 0.1157582  -0.0758181   0.01564544]
   [ 0.1300852  -0.07500281  0.0508952 ]
   [ 0.12639706 -0.07521269  0.041821  ]
   [ 0.12526225 -0.07527727  0.03902894]
   [ 0.11235376 -0.07601183  0.00726926]
   [ 0.10894933 -0.07620556 -0.00110692]
   [ 0.10384268 -0.07649615 -0.01367119]
   [ 0.10384268 -0.07649615 -0.01367119]
   [ 0.10384268 -0.07649615 -0.01367119]
   [ 0.10384268 -0.07649615 -0.01367119]
   [ 0.10384268 -0.07649615 -0.01367119]
   [ 0.10384268 -0.07649615 -0.01367119]
   [ 0.10384268 -0.07649615 -0.01367119]
   [ 0.10384268 -0.07649615 -0.01367119]
   [ 0.10384268 -0.07649615 -0.01367119]
   [ 0.10384268 -0.07649615 -0.01367119]
   [ 0.10384268 -0.07649615 -0.01367119]
   [ 0.10384268 -0.07649615 -0.01367119]
   [ 0.10384268 -0.07649615 -0.01367119]
   [ 0.10384268 -0.07649615 -0.01367119]
   [ 0.10384268 -0.07649615 -0.01367119]
   [ 0.10384268 -0.07649615 -0.01367119]]

  [[ 0.10384268 -0.07649615 -0.01367119]
   [ 0.10384268 -0.07649615 -0.01367119]
   [ 0.10384268 -0.07649615 -0.01367119]
   [ 0.10384268 -0.07649615 -0.01367119]
   [ 0.10384268 -0.07649615 -0.01367119]
   [ 0.10384268 -0.07649615 -0.01367119]
   [ 0.1353337  -0.07470415  0.06380849]
   [ 0.13987295 -0.07444584  0.07497673]
   [ 0.13987295 -0.07444584  0.07497673]
   [ 0.13987295 -0.07444584  0.07497673]
   [ 0.13987295 -0.07444584  0.07497673]
   [ 0.13802887 -0.07455078  0.07043963]
   [ 0.13192926 -0.07489788  0.0554323 ]
   [ 0.13192926 -0.07489788  0.0554323 ]
   [ 0.13192926 -0.07489788  0.0554323 ]
   [ 0.13192926 -0.07489788  0.0554323 ]
   [ 0.13192926 -0.07489788  0.0554323 ]
   [ 0.13192926 -0.07489788  0.0554323 ]
   [ 0.13192926 -0.07489788  0.0554323 ]
   [ 0.13192926 -0.07489788  0.0554323 ]
   [ 0.12795742 -0.0751239   0.04566009]
   [ 0.11121895 -0.0760764   0.0044772 ]
   [ 0.10384268 -0.07649615 -0.01367119]
   [ 0.10384268 -0.07649615 -0.01367119]
   [ 0.10384268 -0.07649615 -0.01367119]
   [ 0.10384268 -0.07649615 -0.01367119]
   [ 0.10384268 -0.07649615 -0.01367119]
   [ 0.10384268 -0.07649615 -0.01367119]]

  [[ 0.10384268 -0.07649615 -0.01367119]
   [ 0.10384268 -0.07649615 -0.01367119]
   [ 0.10384268 -0.07649615 -0.01367119]
   [ 0.10384268 -0.07649615 -0.01367119]
   [ 0.10384268 -0.07649615 -0.01367119]
   [ 0.10384268 -0.07649615 -0.01367119]
   [ 0.11334673 -0.07595532  0.00971231]
   [ 0.12001374 -0.07557593  0.02611567]
   [ 0.11405598 -0.07591496  0.01145735]
   [ 0.12001374 -0.07557593  0.02611567]
   [ 0.12696446 -0.0751804   0.04321703]
   [ 0.13604295 -0.07466379  0.06555352]
   [ 0.13987295 -0.07444584  0.07497673]
   [ 0.13575926 -0.07467993  0.06485551]
   [ 0.13987295 -0.07444584  0.07497673]
   [ 0.13987295 -0.07444584  0.07497673]
   [ 0.13987295 -0.07444584  0.07497673]
   [ 0.13930555 -0.07447813  0.0735807 ]
   [ 0.13632667 -0.07464764  0.06625154]
   [ 0.13987295 -0.07444584  0.07497673]
   [ 0.13987295 -0.07444584  0.07497673]
   [ 0.12370189 -0.07536606  0.03518987]
   [ 0.10384268 -0.07649615 -0.01367119]
   [ 0.10384268 -0.07649615 -0.01367119]
   [ 0.10384268 -0.07649615 -0.01367119]
   [ 0.10384268 -0.07649615 -0.01367119]
   [ 0.10384268 -0.07649615 -0.01367119]
   [ 0.10384268 -0.07649615 -0.01367119]]

  [[ 0.10384268 -0.07649615 -0.01367119]
   [ 0.10384268 -0.07649615 -0.01367119]
   [ 0.10384268 -0.07649615 -0.01367119]
   [ 0.10384268 -0.07649615 -0.01367119]
   [ 0.10384268 -0.07649615 -0.01367119]
   [ 0.10384268 -0.07649615 -0.01367119]
   [ 0.10384268 -0.07649615 -0.01367119]
   [ 0.10384268 -0.07649615 -0.01367119]
   [ 0.10384268 -0.07649615 -0.01367119]
   [ 0.10384268 -0.07649615 -0.01367119]
   [ 0.10384268 -0.07649615 -0.01367119]
   [ 0.10625415 -0.07635893 -0.00773806]
   [ 0.11320487 -0.07596339  0.00936331]
   [ 0.1058286  -0.07638314 -0.00878509]
   [ 0.11334673 -0.07595532  0.00971231]
   [ 0.11334673 -0.07595532  0.00971231]
   [ 0.11334673 -0.07595532  0.00971231]
   [ 0.11221191 -0.0760199   0.00692025]
   [ 0.10682156 -0.07632664 -0.00634203]
   [ 0.13731962 -0.07459114  0.06869459]
   [ 0.13987295 -0.07444584  0.07497673]
   [ 0.11887893 -0.07564051  0.02332361]
   [ 0.10384268 -0.07649615 -0.01367119]
   [ 0.10384268 -0.07649615 -0.01367119]
   [ 0.10384268 -0.07649615 -0.01367119]
   [ 0.10384268 -0.07649615 -0.01367119]
   [ 0.10384268 -0.07649615 -0.01367119]
   [ 0.10384268 -0.07649615 -0.01367119]]

  [[ 0.10384268 -0.07649615 -0.01367119]
   [ 0.10384268 -0.07649615 -0.01367119]
   [ 0.10384268 -0.07649615 -0.01367119]
   [ 0.10384268 -0.07649615 -0.01367119]
   [ 0.10384268 -0.07649615 -0.01367119]
   [ 0.10384268 -0.07649615 -0.01367119]
   [ 0.10384268 -0.07649615 -0.01367119]
   [ 0.10384268 -0.07649615 -0.01367119]
   [ 0.10384268 -0.07649615 -0.01367119]
   [ 0.10384268 -0.07649615 -0.01367119]
   [ 0.10384268 -0.07649615 -0.01367119]
   [ 0.10384268 -0.07649615 -0.01367119]
   [ 0.10384268 -0.07649615 -0.01367119]
   [ 0.10384268 -0.07649615 -0.01367119]
   [ 0.10384268 -0.07649615 -0.01367119]
   [ 0.10384268 -0.07649615 -0.01367119]
   [ 0.10384268 -0.07649615 -0.01367119]
   [ 0.10384268 -0.07649615 -0.01367119]
   [ 0.11561634 -0.07582617  0.01529643]
   [ 0.1397311  -0.07445391  0.07462772]
   [ 0.13348964 -0.07480908  0.05927139]
   [ 0.106396   -0.07635085 -0.00738906]
   [ 0.10384268 -0.07649615 -0.01367119]
   [ 0.10384268 -0.07649615 -0.01367119]
   [ 0.10384268 -0.07649615 -0.01367119]
   [ 0.10384268 -0.07649615 -0.01367119]
   [ 0.10384268 -0.07649615 -0.01367119]
   [ 0.10384268 -0.07649615 -0.01367119]]

  [[ 0.10384268 -0.07649615 -0.01367119]
   [ 0.10384268 -0.07649615 -0.01367119]
   [ 0.10384268 -0.07649615 -0.01367119]
   [ 0.10384268 -0.07649615 -0.01367119]
   [ 0.10384268 -0.07649615 -0.01367119]
   [ 0.10384268 -0.07649615 -0.01367119]
   [ 0.10384268 -0.07649615 -0.01367119]
   [ 0.10384268 -0.07649615 -0.01367119]
   [ 0.10384268 -0.07649615 -0.01367119]
   [ 0.10384268 -0.07649615 -0.01367119]
   [ 0.10384268 -0.07649615 -0.01367119]
   [ 0.10384268 -0.07649615 -0.01367119]
   [ 0.10384268 -0.07649615 -0.01367119]
   [ 0.10384268 -0.07649615 -0.01367119]
   [ 0.10384268 -0.07649615 -0.01367119]
   [ 0.10384268 -0.07649615 -0.01367119]
   [ 0.10384268 -0.07649615 -0.01367119]
   [ 0.10696341 -0.07631857 -0.00599303]
   [ 0.13689406 -0.07461535  0.06764757]
   [ 0.1400148  -0.07443777  0.07532573]
   [ 0.11561634 -0.07582617  0.01529643]
   [ 0.10384268 -0.07649615 -0.01367119]
   [ 0.10384268 -0.07649615 -0.01367119]
   [ 0.10384268 -0.07649615 -0.01367119]
   [ 0.10384268 -0.07649615 -0.01367119]
   [ 0.10384268 -0.07649615 -0.01367119]
   [ 0.10384268 -0.07649615 -0.01367119]
   [ 0.10384268 -0.07649615 -0.01367119]]

  [[ 0.10384268 -0.07649615 -0.01367119]
   [ 0.10384268 -0.07649615 -0.01367119]
   [ 0.10384268 -0.07649615 -0.01367119]
   [ 0.10384268 -0.07649615 -0.01367119]
   [ 0.10384268 -0.07649615 -0.01367119]
   [ 0.10384268 -0.07649615 -0.01367119]
   [ 0.10384268 -0.07649615 -0.01367119]
   [ 0.10384268 -0.07649615 -0.01367119]
   [ 0.10384268 -0.07649615 -0.01367119]
   [ 0.10384268 -0.07649615 -0.01367119]
   [ 0.10384268 -0.07649615 -0.01367119]
   [ 0.10384268 -0.07649615 -0.01367119]
   [ 0.10384268 -0.07649615 -0.01367119]
   [ 0.10384268 -0.07649615 -0.01367119]
   [ 0.10384268 -0.07649615 -0.01367119]
   [ 0.10384268 -0.07649615 -0.01367119]
   [ 0.10384268 -0.07649615 -0.01367119]
   [ 0.12214151 -0.07545485  0.03135078]
   [ 0.13987295 -0.07444584  0.07497673]
   [ 0.13760333 -0.07457499  0.06939261]
   [ 0.11008414 -0.07614098  0.00168514]
   [ 0.10384268 -0.07649615 -0.01367119]
   [ 0.10384268 -0.07649615 -0.01367119]
   [ 0.10384268 -0.07649615 -0.01367119]
   [ 0.10384268 -0.07649615 -0.01367119]
   [ 0.10384268 -0.07649615 -0.01367119]
   [ 0.10384268 -0.07649615 -0.01367119]
   [ 0.10384268 -0.07649615 -0.01367119]]

  [[ 0.10384268 -0.07649615 -0.01367119]
   [ 0.10384268 -0.07649615 -0.01367119]
   [ 0.10384268 -0.07649615 -0.01367119]
   [ 0.10384268 -0.07649615 -0.01367119]
   [ 0.10384268 -0.07649615 -0.01367119]
   [ 0.10384268 -0.07649615 -0.01367119]
   [ 0.10384268 -0.07649615 -0.01367119]
   [ 0.10384268 -0.07649615 -0.01367119]
   [ 0.10384268 -0.07649615 -0.01367119]
   [ 0.10384268 -0.07649615 -0.01367119]
   [ 0.10384268 -0.07649615 -0.01367119]
   [ 0.10384268 -0.07649615 -0.01367119]
   [ 0.10384268 -0.07649615 -0.01367119]
   [ 0.10384268 -0.07649615 -0.01367119]
   [ 0.10384268 -0.07649615 -0.01367119]
   [ 0.10384268 -0.07649615 -0.01367119]
   [ 0.11221191 -0.0760199   0.00692025]
   [ 0.13916369 -0.0744862   0.07323169]
   [ 0.13987295 -0.07444584  0.07497673]
   [ 0.11263747 -0.07599568  0.00796728]
   [ 0.10384268 -0.07649615 -0.01367119]
   [ 0.10384268 -0.07649615 -0.01367119]
   [ 0.10384268 -0.07649615 -0.01367119]
   [ 0.10384268 -0.07649615 -0.01367119]
   [ 0.10384268 -0.07649615 -0.01367119]
   [ 0.10384268 -0.07649615 -0.01367119]
   [ 0.10384268 -0.07649615 -0.01367119]
   [ 0.10384268 -0.07649615 -0.01367119]]

  [[ 0.10384268 -0.07649615 -0.01367119]
   [ 0.10384268 -0.07649615 -0.01367119]
   [ 0.10384268 -0.07649615 -0.01367119]
   [ 0.10384268 -0.07649615 -0.01367119]
   [ 0.10384268 -0.07649615 -0.01367119]
   [ 0.10384268 -0.07649615 -0.01367119]
   [ 0.10384268 -0.07649615 -0.01367119]
   [ 0.10384268 -0.07649615 -0.01367119]
   [ 0.10384268 -0.07649615 -0.01367119]
   [ 0.10384268 -0.07649615 -0.01367119]
   [ 0.10384268 -0.07649615 -0.01367119]
   [ 0.10384268 -0.07649615 -0.01367119]
   [ 0.10384268 -0.07649615 -0.01367119]
   [ 0.10384268 -0.07649615 -0.01367119]
   [ 0.10384268 -0.07649615 -0.01367119]
   [ 0.10384268 -0.07649615 -0.01367119]
   [ 0.12270892 -0.07542256  0.03274681]
   [ 0.13987295 -0.07444584  0.07497673]
   [ 0.1303689  -0.07498667  0.05159321]
   [ 0.10455193 -0.07645579 -0.01192615]
   [ 0.10384268 -0.07649615 -0.01367119]
   [ 0.10384268 -0.07649615 -0.01367119]
   [ 0.10384268 -0.07649615 -0.01367119]
   [ 0.10384268 -0.07649615 -0.01367119]
   [ 0.10384268 -0.07649615 -0.01367119]
   [ 0.10384268 -0.07649615 -0.01367119]
   [ 0.10384268 -0.07649615 -0.01367119]
   [ 0.10384268 -0.07649615 -0.01367119]]

  [[ 0.10384268 -0.07649615 -0.01367119]
   [ 0.10384268 -0.07649615 -0.01367119]
   [ 0.10384268 -0.07649615 -0.01367119]
   [ 0.10384268 -0.07649615 -0.01367119]
   [ 0.10384268 -0.07649615 -0.01367119]
   [ 0.10384268 -0.07649615 -0.01367119]
   [ 0.10384268 -0.07649615 -0.01367119]
   [ 0.10384268 -0.07649615 -0.01367119]
   [ 0.10384268 -0.07649615 -0.01367119]
   [ 0.10384268 -0.07649615 -0.01367119]
   [ 0.10384268 -0.07649615 -0.01367119]
   [ 0.10384268 -0.07649615 -0.01367119]
   [ 0.10384268 -0.07649615 -0.01367119]
   [ 0.10384268 -0.07649615 -0.01367119]
   [ 0.10384268 -0.07649615 -0.01367119]
   [ 0.10511934 -0.0764235  -0.01053012]
   [ 0.13292223 -0.07484137  0.05787536]
   [ 0.13902184 -0.07449427  0.07288268]
   [ 0.11207006 -0.07602797  0.00657125]
   [ 0.10384268 -0.07649615 -0.01367119]
   [ 0.10384268 -0.07649615 -0.01367119]
   [ 0.10384268 -0.07649615 -0.01367119]
   [ 0.10384268 -0.07649615 -0.01367119]
   [ 0.10384268 -0.07649615 -0.01367119]
   [ 0.10384268 -0.07649615 -0.01367119]
   [ 0.10384268 -0.07649615 -0.01367119]
   [ 0.10384268 -0.07649615 -0.01367119]
   [ 0.10384268 -0.07649615 -0.01367119]]

  [[ 0.10384268 -0.07649615 -0.01367119]
   [ 0.10384268 -0.07649615 -0.01367119]
   [ 0.10384268 -0.07649615 -0.01367119]
   [ 0.10384268 -0.07649615 -0.01367119]
   [ 0.10384268 -0.07649615 -0.01367119]
   [ 0.10384268 -0.07649615 -0.01367119]
   [ 0.10384268 -0.07649615 -0.01367119]
   [ 0.10384268 -0.07649615 -0.01367119]
   [ 0.10384268 -0.07649615 -0.01367119]
   [ 0.10384268 -0.07649615 -0.01367119]
   [ 0.10384268 -0.07649615 -0.01367119]
   [ 0.10384268 -0.07649615 -0.01367119]
   [ 0.10384268 -0.07649615 -0.01367119]
   [ 0.10384268 -0.07649615 -0.01367119]
   [ 0.10384268 -0.07649615 -0.01367119]
   [ 0.12171596 -0.07547907  0.03030376]
   [ 0.13987295 -0.07444584  0.07497673]
   [ 0.12965964 -0.07502703  0.04984818]
   [ 0.10384268 -0.07649615 -0.01367119]
   [ 0.10384268 -0.07649615 -0.01367119]
   [ 0.10384268 -0.07649615 -0.01367119]
   [ 0.10384268 -0.07649615 -0.01367119]
   [ 0.10384268 -0.07649615 -0.01367119]
   [ 0.10384268 -0.07649615 -0.01367119]
   [ 0.10384268 -0.07649615 -0.01367119]
   [ 0.10384268 -0.07649615 -0.01367119]
   [ 0.10384268 -0.07649615 -0.01367119]
   [ 0.10384268 -0.07649615 -0.01367119]]

  [[ 0.10384268 -0.07649615 -0.01367119]
   [ 0.10384268 -0.07649615 -0.01367119]
   [ 0.10384268 -0.07649615 -0.01367119]
   [ 0.10384268 -0.07649615 -0.01367119]
   [ 0.10384268 -0.07649615 -0.01367119]
   [ 0.10384268 -0.07649615 -0.01367119]
   [ 0.10384268 -0.07649615 -0.01367119]
   [ 0.10384268 -0.07649615 -0.01367119]
   [ 0.10384268 -0.07649615 -0.01367119]
   [ 0.10384268 -0.07649615 -0.01367119]
   [ 0.10384268 -0.07649615 -0.01367119]
   [ 0.10384268 -0.07649615 -0.01367119]
   [ 0.10384268 -0.07649615 -0.01367119]
   [ 0.10384268 -0.07649615 -0.01367119]
   [ 0.11448154 -0.07589074  0.01250437]
   [ 0.13944739 -0.07447006  0.0739297 ]
   [ 0.13788703 -0.07455885  0.07009062]
   [ 0.11192821 -0.07603604  0.00622224]
   [ 0.10384268 -0.07649615 -0.01367119]
   [ 0.10384268 -0.07649615 -0.01367119]
   [ 0.10384268 -0.07649615 -0.01367119]
   [ 0.10384268 -0.07649615 -0.01367119]
   [ 0.10384268 -0.07649615 -0.01367119]
   [ 0.10384268 -0.07649615 -0.01367119]
   [ 0.10384268 -0.07649615 -0.01367119]
   [ 0.10384268 -0.07649615 -0.01367119]
   [ 0.10384268 -0.07649615 -0.01367119]
   [ 0.10384268 -0.07649615 -0.01367119]]

  [[ 0.10384268 -0.07649615 -0.01367119]
   [ 0.10384268 -0.07649615 -0.01367119]
   [ 0.10384268 -0.07649615 -0.01367119]
   [ 0.10384268 -0.07649615 -0.01367119]
   [ 0.10384268 -0.07649615 -0.01367119]
   [ 0.10384268 -0.07649615 -0.01367119]
   [ 0.10384268 -0.07649615 -0.01367119]
   [ 0.10384268 -0.07649615 -0.01367119]
   [ 0.10384268 -0.07649615 -0.01367119]
   [ 0.10384268 -0.07649615 -0.01367119]
   [ 0.10384268 -0.07649615 -0.01367119]
   [ 0.10384268 -0.07649615 -0.01367119]
   [ 0.10384268 -0.07649615 -0.01367119]
   [ 0.10653786 -0.07634278 -0.00704005]
   [ 0.13519186 -0.07471222  0.06345948]
   [ 0.13987295 -0.07444584  0.07497673]
   [ 0.12739001 -0.07515618  0.04426406]
   [ 0.10384268 -0.07649615 -0.01367119]
   [ 0.10384268 -0.07649615 -0.01367119]
   [ 0.10384268 -0.07649615 -0.01367119]
   [ 0.10384268 -0.07649615 -0.01367119]
   [ 0.10384268 -0.07649615 -0.01367119]
   [ 0.10384268 -0.07649615 -0.01367119]
   [ 0.10384268 -0.07649615 -0.01367119]
   [ 0.10384268 -0.07649615 -0.01367119]
   [ 0.10384268 -0.07649615 -0.01367119]
   [ 0.10384268 -0.07649615 -0.01367119]
   [ 0.10384268 -0.07649615 -0.01367119]]

  [[ 0.10384268 -0.07649615 -0.01367119]
   [ 0.10384268 -0.07649615 -0.01367119]
   [ 0.10384268 -0.07649615 -0.01367119]
   [ 0.10384268 -0.07649615 -0.01367119]
   [ 0.10384268 -0.07649615 -0.01367119]
   [ 0.10384268 -0.07649615 -0.01367119]
   [ 0.10384268 -0.07649615 -0.01367119]
   [ 0.10384268 -0.07649615 -0.01367119]
   [ 0.10384268 -0.07649615 -0.01367119]
   [ 0.10384268 -0.07649615 -0.01367119]
   [ 0.10384268 -0.07649615 -0.01367119]
   [ 0.10384268 -0.07649615 -0.01367119]
   [ 0.10426823 -0.07647194 -0.01262417]
   [ 0.13263853 -0.07485752  0.05717734]
   [ 0.13987295 -0.07444584  0.07497673]
   [ 0.13490814 -0.07472836  0.06276146]
   [ 0.10880747 -0.07621363 -0.00145593]
   [ 0.10384268 -0.07649615 -0.01367119]
   [ 0.10384268 -0.07649615 -0.01367119]
   [ 0.10384268 -0.07649615 -0.01367119]
   [ 0.10384268 -0.07649615 -0.01367119]
   [ 0.10384268 -0.07649615 -0.01367119]
   [ 0.10384268 -0.07649615 -0.01367119]
   [ 0.10384268 -0.07649615 -0.01367119]
   [ 0.10384268 -0.07649615 -0.01367119]
   [ 0.10384268 -0.07649615 -0.01367119]
   [ 0.10384268 -0.07649615 -0.01367119]
   [ 0.10384268 -0.07649615 -0.01367119]]

  [[ 0.10384268 -0.07649615 -0.01367119]
   [ 0.10384268 -0.07649615 -0.01367119]
   [ 0.10384268 -0.07649615 -0.01367119]
   [ 0.10384268 -0.07649615 -0.01367119]
   [ 0.10384268 -0.07649615 -0.01367119]
   [ 0.10384268 -0.07649615 -0.01367119]
   [ 0.10384268 -0.07649615 -0.01367119]
   [ 0.10384268 -0.07649615 -0.01367119]
   [ 0.10384268 -0.07649615 -0.01367119]
   [ 0.10384268 -0.07649615 -0.01367119]
   [ 0.10384268 -0.07649615 -0.01367119]
   [ 0.10384268 -0.07649615 -0.01367119]
   [ 0.10923303 -0.07618941 -0.00040891]
   [ 0.13987295 -0.07444584  0.07497673]
   [ 0.13987295 -0.07444584  0.07497673]
   [ 0.11476524 -0.0758746   0.01320239]
   [ 0.10384268 -0.07649615 -0.01367119]
   [ 0.10384268 -0.07649615 -0.01367119]
   [ 0.10384268 -0.07649615 -0.01367119]
   [ 0.10384268 -0.07649615 -0.01367119]
   [ 0.10384268 -0.07649615 -0.01367119]
   [ 0.10384268 -0.07649615 -0.01367119]
   [ 0.10384268 -0.07649615 -0.01367119]
   [ 0.10384268 -0.07649615 -0.01367119]
   [ 0.10384268 -0.07649615 -0.01367119]
   [ 0.10384268 -0.07649615 -0.01367119]
   [ 0.10384268 -0.07649615 -0.01367119]
   [ 0.10384268 -0.07649615 -0.01367119]]

  [[ 0.10384268 -0.07649615 -0.01367119]
   [ 0.10384268 -0.07649615 -0.01367119]
   [ 0.10384268 -0.07649615 -0.01367119]
   [ 0.10384268 -0.07649615 -0.01367119]
   [ 0.10384268 -0.07649615 -0.01367119]
   [ 0.10384268 -0.07649615 -0.01367119]
   [ 0.10384268 -0.07649615 -0.01367119]
   [ 0.10384268 -0.07649615 -0.01367119]
   [ 0.10384268 -0.07649615 -0.01367119]
   [ 0.10384268 -0.07649615 -0.01367119]
   [ 0.10384268 -0.07649615 -0.01367119]
   [ 0.10824007 -0.07624592 -0.00285196]
   [ 0.1356174  -0.074688    0.0645065 ]
   [ 0.13987295 -0.07444584  0.07497673]
   [ 0.1201556  -0.07556786  0.02646468]
   [ 0.10398453 -0.07648809 -0.01332218]
   [ 0.10384268 -0.07649615 -0.01367119]
   [ 0.10384268 -0.07649615 -0.01367119]
   [ 0.10384268 -0.07649615 -0.01367119]
   [ 0.10384268 -0.07649615 -0.01367119]
   [ 0.10384268 -0.07649615 -0.01367119]
   [ 0.10384268 -0.07649615 -0.01367119]
   [ 0.10384268 -0.07649615 -0.01367119]
   [ 0.10384268 -0.07649615 -0.01367119]
   [ 0.10384268 -0.07649615 -0.01367119]
   [ 0.10384268 -0.07649615 -0.01367119]
   [ 0.10384268 -0.07649615 -0.01367119]
   [ 0.10384268 -0.07649615 -0.01367119]]

  [[ 0.10384268 -0.07649615 -0.01367119]
   [ 0.10384268 -0.07649615 -0.01367119]
   [ 0.10384268 -0.07649615 -0.01367119]
   [ 0.10384268 -0.07649615 -0.01367119]
   [ 0.10384268 -0.07649615 -0.01367119]
   [ 0.10384268 -0.07649615 -0.01367119]
   [ 0.10384268 -0.07649615 -0.01367119]
   [ 0.10384268 -0.07649615 -0.01367119]
   [ 0.10384268 -0.07649615 -0.01367119]
   [ 0.10384268 -0.07649615 -0.01367119]
   [ 0.10384268 -0.07649615 -0.01367119]
   [ 0.12270892 -0.07542256  0.03274681]
   [ 0.13987295 -0.07444584  0.07497673]
   [ 0.13987295 -0.07444584  0.07497673]
   [ 0.11121895 -0.0760764   0.0044772 ]
   [ 0.10384268 -0.07649615 -0.01367119]
   [ 0.10384268 -0.07649615 -0.01367119]
   [ 0.10384268 -0.07649615 -0.01367119]
   [ 0.10384268 -0.07649615 -0.01367119]
   [ 0.10384268 -0.07649615 -0.01367119]
   [ 0.10384268 -0.07649615 -0.01367119]
   [ 0.10384268 -0.07649615 -0.01367119]
   [ 0.10384268 -0.07649615 -0.01367119]
   [ 0.10384268 -0.07649615 -0.01367119]
   [ 0.10384268 -0.07649615 -0.01367119]
   [ 0.10384268 -0.07649615 -0.01367119]
   [ 0.10384268 -0.07649615 -0.01367119]
   [ 0.10384268 -0.07649615 -0.01367119]]

  [[ 0.10384268 -0.07649615 -0.01367119]
   [ 0.10384268 -0.07649615 -0.01367119]
   [ 0.10384268 -0.07649615 -0.01367119]
   [ 0.10384268 -0.07649615 -0.01367119]
   [ 0.10384268 -0.07649615 -0.01367119]
   [ 0.10384268 -0.07649615 -0.01367119]
   [ 0.10384268 -0.07649615 -0.01367119]
   [ 0.10384268 -0.07649615 -0.01367119]
   [ 0.10384268 -0.07649615 -0.01367119]
   [ 0.10384268 -0.07649615 -0.01367119]
   [ 0.11249562 -0.07600375  0.00761827]
   [ 0.13817073 -0.0745427   0.07078864]
   [ 0.13987295 -0.07444584  0.07497673]
   [ 0.13987295 -0.07444584  0.07497673]
   [ 0.11121895 -0.0760764   0.0044772 ]
   [ 0.10384268 -0.07649615 -0.01367119]
   [ 0.10384268 -0.07649615 -0.01367119]
   [ 0.10384268 -0.07649615 -0.01367119]
   [ 0.10384268 -0.07649615 -0.01367119]
   [ 0.10384268 -0.07649615 -0.01367119]
   [ 0.10384268 -0.07649615 -0.01367119]
   [ 0.10384268 -0.07649615 -0.01367119]
   [ 0.10384268 -0.07649615 -0.01367119]
   [ 0.10384268 -0.07649615 -0.01367119]
   [ 0.10384268 -0.07649615 -0.01367119]
   [ 0.10384268 -0.07649615 -0.01367119]
   [ 0.10384268 -0.07649615 -0.01367119]
   [ 0.10384268 -0.07649615 -0.01367119]]

  [[ 0.10384268 -0.07649615 -0.01367119]
   [ 0.10384268 -0.07649615 -0.01367119]
   [ 0.10384268 -0.07649615 -0.01367119]
   [ 0.10384268 -0.07649615 -0.01367119]
   [ 0.10384268 -0.07649615 -0.01367119]
   [ 0.10384268 -0.07649615 -0.01367119]
   [ 0.10384268 -0.07649615 -0.01367119]
   [ 0.10384268 -0.07649615 -0.01367119]
   [ 0.10384268 -0.07649615 -0.01367119]
   [ 0.10384268 -0.07649615 -0.01367119]
   [ 0.1210067  -0.07551943  0.02855872]
   [ 0.13987295 -0.07444584  0.07497673]
   [ 0.13987295 -0.07444584  0.07497673]
   [ 0.13490814 -0.07472836  0.06276146]
   [ 0.10951673 -0.07617327  0.00028911]
   [ 0.10384268 -0.07649615 -0.01367119]
   [ 0.10384268 -0.07649615 -0.01367119]
   [ 0.10384268 -0.07649615 -0.01367119]
   [ 0.10384268 -0.07649615 -0.01367119]
   [ 0.10384268 -0.07649615 -0.01367119]
   [ 0.10384268 -0.07649615 -0.01367119]
   [ 0.10384268 -0.07649615 -0.01367119]
   [ 0.10384268 -0.07649615 -0.01367119]
   [ 0.10384268 -0.07649615 -0.01367119]
   [ 0.10384268 -0.07649615 -0.01367119]
   [ 0.10384268 -0.07649615 -0.01367119]
   [ 0.10384268 -0.07649615 -0.01367119]
   [ 0.10384268 -0.07649615 -0.01367119]]

  [[ 0.10384268 -0.07649615 -0.01367119]
   [ 0.10384268 -0.07649615 -0.01367119]
   [ 0.10384268 -0.07649615 -0.01367119]
   [ 0.10384268 -0.07649615 -0.01367119]
   [ 0.10384268 -0.07649615 -0.01367119]
   [ 0.10384268 -0.07649615 -0.01367119]
   [ 0.10384268 -0.07649615 -0.01367119]
   [ 0.10384268 -0.07649615 -0.01367119]
   [ 0.10384268 -0.07649615 -0.01367119]
   [ 0.10384268 -0.07649615 -0.01367119]
   [ 0.1210067  -0.07551943  0.02855872]
   [ 0.13987295 -0.07444584  0.07497673]
   [ 0.13320594 -0.07482523  0.05857337]
   [ 0.106396   -0.07635085 -0.00738906]
   [ 0.10384268 -0.07649615 -0.01367119]
   [ 0.10384268 -0.07649615 -0.01367119]
   [ 0.10384268 -0.07649615 -0.01367119]
   [ 0.10384268 -0.07649615 -0.01367119]
   [ 0.10384268 -0.07649615 -0.01367119]
   [ 0.10384268 -0.07649615 -0.01367119]
   [ 0.10384268 -0.07649615 -0.01367119]
   [ 0.10384268 -0.07649615 -0.01367119]
   [ 0.10384268 -0.07649615 -0.01367119]
   [ 0.10384268 -0.07649615 -0.01367119]
   [ 0.10384268 -0.07649615 -0.01367119]
   [ 0.10384268 -0.07649615 -0.01367119]
   [ 0.10384268 -0.07649615 -0.01367119]
   [ 0.10384268 -0.07649615 -0.01367119]]

  [[ 0.10384268 -0.07649615 -0.01367119]
   [ 0.10384268 -0.07649615 -0.01367119]
   [ 0.10384268 -0.07649615 -0.01367119]
   [ 0.10384268 -0.07649615 -0.01367119]
   [ 0.10384268 -0.07649615 -0.01367119]
   [ 0.10384268 -0.07649615 -0.01367119]
   [ 0.10384268 -0.07649615 -0.01367119]
   [ 0.10384268 -0.07649615 -0.01367119]
   [ 0.10384268 -0.07649615 -0.01367119]
   [ 0.10384268 -0.07649615 -0.01367119]
   [ 0.10384268 -0.07649615 -0.01367119]
   [ 0.10384268 -0.07649615 -0.01367119]
   [ 0.10384268 -0.07649615 -0.01367119]
   [ 0.10384268 -0.07649615 -0.01367119]
   [ 0.10384268 -0.07649615 -0.01367119]
   [ 0.10384268 -0.07649615 -0.01367119]
   [ 0.10384268 -0.07649615 -0.01367119]
   [ 0.10384268 -0.07649615 -0.01367119]
   [ 0.10384268 -0.07649615 -0.01367119]
   [ 0.10384268 -0.07649615 -0.01367119]
   [ 0.10384268 -0.07649615 -0.01367119]
   [ 0.10384268 -0.07649615 -0.01367119]
   [ 0.10384268 -0.07649615 -0.01367119]
   [ 0.10384268 -0.07649615 -0.01367119]
   [ 0.10384268 -0.07649615 -0.01367119]
   [ 0.10384268 -0.07649615 -0.01367119]
   [ 0.10384268 -0.07649615 -0.01367119]
   [ 0.10384268 -0.07649615 -0.01367119]]]]