[[[[-0.06384665 -0.03844401]
   [-0.06384665 -0.03844401]
   [-0.06384665 -0.03844401]
   [-0.06384665 -0.03844401]
   [-0.06384665 -0.03844401]
   [-0.06384665 -0.03844401]
   [-0.06384665 -0.03844401]
   [-0.06384665 -0.03844401]
   [-0.06384665 -0.03844401]
   [-0.06384665 -0.03844401]
   [-0.06384665 -0.03844401]
   [-0.06384665 -0.03844401]
   [-0.06384665 -0.03844401]
   [-0.06384665 -0.03844401]]

  [[-0.06384665 -0.03844401]
   [-0.06384665 -0.03844401]
   [-0.06384665 -0.03844401]
   [-0.06384665 -0.03844401]
   [-0.06384665 -0.03844401]
   [-0.06384665 -0.03844401]
   [-0.06384665 -0.03844401]
   [-0.06384665 -0.03844401]
   [-0.06384665 -0.03844401]
   [-0.06384665 -0.03844401]
   [-0.06384665 -0.03844401]
   [-0.06384665 -0.03844401]
   [-0.06384665 -0.03844401]
   [-0.06384665 -0.03844401]]

  [[-0.06384665 -0.03844401]
   [-0.06384665 -0.03844401]
   [-0.06384665 -0.03844401]
   [-0.06384665 -0.03844401]
   [-0.06384665 -0.03844401]
   [-0.06384665 -0.03844401]
   [-0.06384665 -0.03844401]
   [-0.06384665 -0.03844401]
   [-0.06384665 -0.03844401]
   [-0.06384665 -0.03844401]
   [-0.06384665 -0.03844401]
   [-0.06384665 -0.03844401]
   [-0.06384665 -0.03844401]
   [-0.06384665 -0.03844401]]

  [[-0.06384665 -0.03844401]
   [-0.06384665 -0.03844401]
   [-0.06384665 -0.03844401]
   [-0.06384665 -0.03844401]
   [-0.06384665 -0.03844401]
   [-0.06384665 -0.03844401]
   [-0.06384665 -0.03844401]
   [-0.06384665 -0.03844401]
   [-0.06384665 -0.03844401]
   [-0.06384665 -0.03844401]
   [-0.06384665 -0.03844401]
   [-0.06384665 -0.03844401]
   [-0.06384665 -0.03844401]
   [-0.06384665 -0.03844401]]

  [[-0.06384665 -0.03844401]
   [-0.06384665 -0.03844401]
   [-0.06384665 -0.03844401]
   [-0.07726133 -0.03725756]
   [-0.07943361 -0.03698716]
   [-0.07943361 -0.03698716]
   [-0.07563211 -0.03746037]
   [-0.07563211 -0.03746037]
   [-0.07563211 -0.03746037]
   [-0.07563211 -0.03746037]
   [-0.07373136 -0.03769698]
   [-0.06384665 -0.03844401]
   [-0.06384665 -0.03844401]
   [-0.06384665 -0.03844401]]

  [[-0.06384665 -0.03844401]
   [-0.06384665 -0.03844401]
   [-0.06384665 -0.03844401]
   [-0.06384665 -0.03844401]
   [-0.06384665 -0.03844401]
   [-0.06384665 -0.03844401]
   [-0.06667143 -0.0385758 ]
   [-0.06673932 -0.03856735]
   [-0.06673932 -0.03856735]
   [-0.06438467 -0.0386362 ]
   [-0.07943361 -0.03698716]
   [-0.06384665 -0.03844401]
   [-0.06384665 -0.03844401]
   [-0.06384665 -0.03844401]]

  [[-0.06384665 -0.03844401]
   [-0.06384665 -0.03844401]
   [-0.06384665 -0.03844401]
   [-0.06384665 -0.03844401]
   [-0.06384665 -0.03844401]
   [-0.06384665 -0.03844401]
   [-0.06384665 -0.03844401]
   [-0.06384665 -0.03844401]
   [-0.06384665 -0.03844401]
   [-0.07800805 -0.03716461]
   [-0.06782546 -0.03843214]
   [-0.06384665 -0.03844401]
   [-0.06384665 -0.03844401]
   [-0.06384665 -0.03844401]]

  [[-0.06384665 -0.03844401]
   [-0.06384665 -0.03844401]
   [-0.06384665 -0.03844401]
   [-0.06384665 -0.03844401]
   [-0.06384665 -0.03844401]
   [-0.06384665 -0.03844401]
   [-0.06384665 -0.03844401]
   [-0.06384665 -0.03844401]
   [-0.06619625 -0.03863495]
   [-0.07943361 -0.03698716]
   [-0.06384665 -0.03844401]
   [-0.06384665 -0.03844401]
   [-0.06384665 -0.03844401]
   [-0.06384665 -0.03844401]]

  [[-0.06384665 -0.03844401]
   [-0.06384665 -0.03844401]
   [-0.06384665 -0.03844401]
   [-0.06384665 -0.03844401]
   [-0.06384665 -0.03844401]
   [-0.06384665 -0.03844401]
   [-0.06384665 -0.03844401]
   [-0.06384665 -0.03844401]
   [-0.0761073  -0.03740122]
   [-0.06612836 -0.0386434 ]
   [-0.06384665 -0.03844401]
   [-0.06384665 -0.03844401]
   [-0.06384665 -0.03844401]
   [-0.06384665 -0.03844401]]

  [[-0.06384665 -0.03844401]
   [-0.06384665 -0.03844401]
   [-0.06384665 -0.03844401]
   [-0.06384665 -0.03844401]
   [-0.06384665 -0.03844401]
   [-0.06384665 -0.03844401]
   [-0.06384665 -0.03844401]
   [-0.06728239 -0.03849975]
   [-0.07848324 -0.03710546]
   [-0.06384665 -0.03844401]
   [-0.06384665 -0.03844401]
   [-0.06384665 -0.03844401]
   [-0.06384665 -0.03844401]
   [-0.06384665 -0.03844401]]

  [[-0.06384665 -0.03844401]
   [-0.06384665 -0.03844401]
   [-0.06384665 -0.03844401]
   [-0.06384665 -0.03844401]
   [-0.06384665 -0.03844401]
   [-0.06384665 -0.03844401]
   [-0.06392351 -0.03847147]
   [-0.07943361 -0.03698716]
   [-0.06474334 -0.03876433]
   [-0.06384665 -0.03844401]
   [-0.06384665 -0.03844401]
   [-0.06384665 -0.03844401]
   [-0.06384665 -0.03844401]
   [-0.06384665 -0.03844401]]

  [[-0.06384665 -0.03844401]
   [-0.06384665 -0.03844401]
   [-0.06384665 -0.03844401]
   [-0.06384665 -0.03844401]
   [-0.06384665 -0.03844401]
   [-0.06384665 -0.03844401]
   [-0.07739709 -0.03724067]
   [-0.06999774 -0.03816174]
   [-0.06384665 -0.03844401]
   [-0.06384665 -0.03844401]
   [-0.06384665 -0.03844401]
   [-0.06384665 -0.03844401]
   [-0.06384665 -0.03844401]
   [-0.06384665 -0.03844401]]

  [[-0.06384665 -0.03844401]
   [-0.06384665 -0.03844401]
   [-0.06384665 -0.03844401]
   [-0.06384665 -0.03844401]
   [-0.06384665 -0.03844401]
   [-0.06633201 -0.03861805]
   [-0.07943361 -0.03698716]
   [-0.06572106 -0.0386941 ]
   [-0.06384665 -0.03844401]
   [-0.06384665 -0.03844401]
   [-0.06384665 -0.03844401]
   [-0.06384665 -0.03844401]
   [-0.06384665 -0.03844401]
   [-0.06384665 -0.03844401]]

  [[-0.06384665 -0.03844401]
   [-0.06384665 -0.03844401]
   [-0.06384665 -0.03844401]
   [-0.06384665 -0.03844401]
   [-0.06384665 -0.03844401]
   [-0.07040505 -0.03811104]
   [-0.07624307 -0.03738432]
   [-0.06384665 -0.03844401]
   [-0.06384665 -0.03844401]
   [-0.06384665 -0.03844401]
   [-0.06384665 -0.03844401]
   [-0.06384665 -0.03844401]
   [-0.06384665 -0.03844401]
   [-0.06384665 -0.03844401]]]]