[[[-0.01875495 -0.00669965]
  [-0.01875495 -0.00669965]
  [-0.01875495 -0.00669965]
  [-0.01875495 -0.00669965]
  [-0.01875495 -0.00669965]
  [-0.01875495 -0.00669965]
  [-0.01875495 -0.00669965]
  [-0.01875495 -0.00669965]
  [-0.01875495 -0.00669965]
  [-0.01875495 -0.00669965]
  [-0.01875495 -0.00669965]
  [-0.01875495 -0.00669965]
  [-0.01875495 -0.00669965]
  [-0.01875495 -0.00669965]]

 [[-0.01875495 -0.00669965]
  [-0.01875495 -0.00669965]
  [-0.01875495 -0.00669965]
  [-0.01875495 -0.00669965]
  [-0.01875495 -0.00669965]
  [-0.01875495 -0.00669965]
  [-0.01875495 -0.00669965]
  [-0.01875495 -0.00669965]
  [-0.01875495 -0.00669965]
  [-0.01875495 -0.00669965]
  [-0.01875495 -0.00669965]
  [-0.01875495 -0.00669965]
  [-0.01875495 -0.00669965]
  [-0.01875495 -0.00669965]]

 [[-0.01875495 -0.00669965]
  [-0.01875495 -0.00669965]
  [-0.01875495 -0.00669965]
  [-0.01875495 -0.00669965]
  [-0.01875495 -0.00669965]
  [-0.01875495 -0.00669965]
  [-0.01875495 -0.00669965]
  [-0.01875495 -0.00669965]
  [-0.01875495 -0.00669965]
  [-0.01875495 -0.00669965]
  [-0.01875495 -0.00669965]
  [-0.01875495 -0.00669965]
  [-0.01875495 -0.00669965]
  [-0.01875495 -0.00669965]]

 [[-0.01875495 -0.00669965]
  [-0.01875495 -0.00669965]
  [-0.01875495 -0.00669965]
  [-0.01875495 -0.00669965]
  [-0.01875495 -0.00669965]
  [-0.01875495 -0.00669965]
  [-0.01875495 -0.00669965]
  [-0.01875495 -0.00669965]
  [-0.01875495 -0.00669965]
  [-0.01875495 -0.00669965]
  [-0.01875495 -0.00669965]
  [-0.01875495 -0.00669965]
  [-0.01875495 -0.00669965]
  [-0.01875495 -0.00669965]]

 [[-0.01875495 -0.00669965]
  [-0.01875495 -0.00669965]
  [-0.01875495 -0.00669965]
  [-0.03216962 -0.0055132 ]
  [-0.03434191 -0.0052428 ]
  [-0.03434191 -0.0052428 ]
  [-0.03054041 -0.00571601]
  [-0.03054041 -0.00571601]
  [-0.03054041 -0.00571601]
  [-0.03054041 -0.00571601]
  [-0.02863966 -0.00595262]
  [-0.01875495 -0.00669965]
  [-0.01875495 -0.00669965]
  [-0.01875495 -0.00669965]]

 [[-0.01875495 -0.00669965]
  [-0.01875495 -0.00669965]
  [-0.01875495 -0.00669965]
  [-0.01875495 -0.00669965]
  [-0.01875495 -0.00669965]
  [-0.01875495 -0.00669965]
  [-0.02157973 -0.00683144]
  [-0.02164761 -0.00682299]
  [-0.02164761 -0.00682299]
  [-0.01929296 -0.00689184]
  [-0.03434191 -0.0052428 ]
  [-0.01875495 -0.00669965]
  [-0.01875495 -0.00669965]
  [-0.01875495 -0.00669965]]

 [[-0.01875495 -0.00669965]
  [-0.01875495 -0.00669965]
  [-0.01875495 -0.00669965]
  [-0.01875495 -0.00669965]
  [-0.01875495 -0.00669965]
  [-0.01875495 -0.00669965]
  [-0.01875495 -0.00669965]
  [-0.01875495 -0.00669965]
  [-0.01875495 -0.00669965]
  [-0.03291634 -0.00542025]
  [-0.02273376 -0.00668778]
  [-0.01875495 -0.00669965]
  [-0.01875495 -0.00669965]
  [-0.01875495 -0.00669965]]

 [[-0.01875495 -0.00669965]
  [-0.01875495 -0.00669965]
  [-0.01875495 -0.00669965]
  [-0.01875495 -0.00669965]
  [-0.01875495 -0.00669965]
  [-0.01875495 -0.00669965]
  [-0.01875495 -0.00669965]
  [-0.01875495 -0.00669965]
  [-0.02110454 -0.00689059]
  [-0.03434191 -0.0052428 ]
  [-0.01875495 -0.00669965]
  [-0.01875495 -0.00669965]
  [-0.01875495 -0.00669965]
  [-0.01875495 -0.00669965]]

 [[-0.01875495 -0.00669965]
  [-0.01875495 -0.00669965]
  [-0.01875495 -0.00669965]
  [-0.01875495 -0.00669965]
  [-0.01875495 -0.00669965]
  [-0.01875495 -0.00669965]
  [-0.01875495 -0.00669965]
  [-0.01875495 -0.00669965]
  [-0.0310156  -0.00565686]
  [-0.02103666 -0.00689904]
  [-0.01875495 -0.00669965]
  [-0.01875495 -0.00669965]
  [-0.01875495 -0.00669965]
  [-0.01875495 -0.00669965]]

 [[-0.01875495 -0.00669965]
  [-0.01875495 -0.00669965]
  [-0.01875495 -0.00669965]
  [-0.01875495 -0.00669965]
  [-0.01875495 -0.00669965]
  [-0.01875495 -0.00669965]
  [-0.01875495 -0.00669965]
  [-0.02219068 -0.00675539]
  [-0.03339153 -0.0053611 ]
  [-0.01875495 -0.00669965]
  [-0.01875495 -0.00669965]
  [-0.01875495 -0.00669965]
  [-0.01875495 -0.00669965]
  [-0.01875495 -0.00669965]]

 [[-0.01875495 -0.00669965]
  [-0.01875495 -0.00669965]
  [-0.01875495 -0.00669965]
  [-0.01875495 -0.00669965]
  [-0.01875495 -0.00669965]
  [-0.01875495 -0.00669965]
  [-0.01883181 -0.00672711]
  [-0.03434191 -0.0052428 ]
  [-0.01965164 -0.00701996]
  [-0.01875495 -0.00669965]
  [-0.01875495 -0.00669965]
  [-0.01875495 -0.00669965]
  [-0.01875495 -0.00669965]
  [-0.01875495 -0.00669965]]

 [[-0.01875495 -0.00669965]
  [-0.01875495 -0.00669965]
  [-0.01875495 -0.00669965]
  [-0.01875495 -0.00669965]
  [-0.01875495 -0.00669965]
  [-0.01875495 -0.00669965]
  [-0.03230539 -0.0054963 ]
  [-0.02490604 -0.00641738]
  [-0.01875495 -0.00669965]
  [-0.01875495 -0.00669965]
  [-0.01875495 -0.00669965]
  [-0.01875495 -0.00669965]
  [-0.01875495 -0.00669965]
  [-0.01875495 -0.00669965]]

 [[-0.01875495 -0.00669965]
  [-0.01875495 -0.00669965]
  [-0.01875495 -0.00669965]
  [-0.01875495 -0.00669965]
  [-0.01875495 -0.00669965]
  [-0.02124031 -0.00687369]
  [-0.03434191 -0.0052428 ]
  [-0.02062935 -0.00694974]
  [-0.01875495 -0.00669965]
  [-0.01875495 -0.00669965]
  [-0.01875495 -0.00669965]
  [-0.01875495 -0.00669965]
  [-0.01875495 -0.00669965]
  [-0.01875495 -0.00669965]]

 [[-0.01875495 -0.00669965]
  [-0.01875495 -0.00669965]
  [-0.01875495 -0.00669965]
  [-0.01875495 -0.00669965]
  [-0.01875495 -0.00669965]
  [-0.02531335 -0.00636668]
  [-0.03115136 -0.00563996]
  [-0.01875495 -0.00669965]
  [-0.01875495 -0.00669965]
  [-0.01875495 -0.00669965]
  [-0.01875495 -0.00669965]
  [-0.01875495 -0.00669965]
  [-0.01875495 -0.00669965]
  [-0.01875495 -0.00669965]]]