[[[0.0000000e+00 0.0000000e+00 0.0000000e+00]
  [0.0000000e+00 0.0000000e+00 0.0000000e+00]
  [0.0000000e+00 0.0000000e+00 0.0000000e+00]
  [0.0000000e+00 0.0000000e+00 0.0000000e+00]
  [0.0000000e+00 0.0000000e+00 0.0000000e+00]
  [0.0000000e+00 0.0000000e+00 0.0000000e+00]
  [0.0000000e+00 0.0000000e+00 0.0000000e+00]
  [0.0000000e+00 0.0000000e+00 0.0000000e+00]
  [0.0000000e+00 0.0000000e+00 0.0000000e+00]
  [0.0000000e+00 0.0000000e+00 0.0000000e+00]
  [0.0000000e+00 0.0000000e+00 0.0000000e+00]
  [0.0000000e+00 0.0000000e+00 0.0000000e+00]
  [0.0000000e+00 0.0000000e+00 0.0000000e+00]
  [0.0000000e+00 0.0000000e+00 0.0000000e+00]
  [0.0000000e+00 0.0000000e+00 0.0000000e+00]
  [0.0000000e+00 0.0000000e+00 0.0000000e+00]
  [0.0000000e+00 0.0000000e+00 0.0000000e+00]
  [0.0000000e+00 0.0000000e+00 0.0000000e+00]
  [0.0000000e+00 0.0000000e+00 0.0000000e+00]
  [0.0000000e+00 0.0000000e+00 0.0000000e+00]
  [0.0000000e+00 0.0000000e+00 0.0000000e+00]
  [0.0000000e+00 0.0000000e+00 0.0000000e+00]
  [0.0000000e+00 0.0000000e+00 0.0000000e+00]
  [0.0000000e+00 0.0000000e+00 0.0000000e+00]
  [0.0000000e+00 0.0000000e+00 0.0000000e+00]
  [0.0000000e+00 0.0000000e+00 0.0000000e+00]
  [0.0000000e+00 0.0000000e+00 0.0000000e+00]
  [0.0000000e+00 0.0000000e+00 0.0000000e+00]]

 [[0.0000000e+00 0.0000000e+00 0.0000000e+00]
  [0.0000000e+00 0.0000000e+00 0.0000000e+00]
  [0.0000000e+00 0.0000000e+00 0.0000000e+00]
  [0.0000000e+00 0.0000000e+00 0.0000000e+00]
  [0.0000000e+00 0.0000000e+00 0.0000000e+00]
  [0.0000000e+00 0.0000000e+00 0.0000000e+00]
  [0.0000000e+00 0.0000000e+00 0.0000000e+00]
  [0.0000000e+00 0.0000000e+00 0.0000000e+00]
  [0.0000000e+00 0.0000000e+00 0.0000000e+00]
  [0.0000000e+00 0.0000000e+00 0.0000000e+00]
  [0.0000000e+00 0.0000000e+00 0.0000000e+00]
  [0.0000000e+00 0.0000000e+00 0.0000000e+00]
  [0.0000000e+00 0.0000000e+00 0.0000000e+00]
  [0.0000000e+00 0.0000000e+00 0.0000000e+00]
  [0.0000000e+00 0.0000000e+00 0.0000000e+00]
  [0.0000000e+00 0.0000000e+00 0.0000000e+00]
  [0.0000000e+00 0.0000000e+00 0.0000000e+00]
  [0.0000000e+00 0.0000000e+00 0.0000000e+00]
  [0.0000000e+00 0.0000000e+00 0.0000000e+00]
  [0.0000000e+00 0.0000000e+00 0.0000000e+00]
  [0.0000000e+00 0.0000000e+00 0.0000000e+00]
  [0.0000000e+00 0.0000000e+00 0.0000000e+00]
  [0.0000000e+00 0.0000000e+00 0.0000000e+00]
  [0.0000000e+00 0.0000000e+00 0.0000000e+00]
  [0.0000000e+00 0.0000000e+00 0.0000000e+00]
  [0.0000000e+00 0.0000000e+00 0.0000000e+00]
  [0.0000000e+00 0.0000000e+00 0.0000000e+00]
  [0.0000000e+00 0.0000000e+00 0.0000000e+00]]

 [[0.0000000e+00 0.0000000e+00 0.0000000e+00]
  [0.0000000e+00 0.0000000e+00 0.0000000e+00]
  [0.0000000e+00 0.0000000e+00 0.0000000e+00]
  [0.0000000e+00 0.0000000e+00 0.0000000e+00]
  [0.0000000e+00 0.0000000e+00 0.0000000e+00]
  [0.0000000e+00 0.0000000e+00 0.0000000e+00]
  [0.0000000e+00 0.0000000e+00 0.0000000e+00]
  [0.0000000e+00 0.0000000e+00 0.0000000e+00]
  [0.0000000e+00 0.0000000e+00 0.0000000e+00]
  [0.0000000e+00 0.0000000e+00 0.0000000e+00]
  [0.0000000e+00 0.0000000e+00 0.0000000e+00]
  [0.0000000e+00 0.0000000e+00 0.0000000e+00]
  [0.0000000e+00 0.0000000e+00 0.0000000e+00]
  [0.0000000e+00 0.0000000e+00 0.0000000e+00]
  [0.0000000e+00 0.0000000e+00 0.0000000e+00]
  [0.0000000e+00 0.0000000e+00 0.0000000e+00]
  [0.0000000e+00 0.0000000e+00 0.0000000e+00]
  [0.0000000e+00 0.0000000e+00 0.0000000e+00]
  [0.0000000e+00 0.0000000e+00 0.0000000e+00]
  [0.0000000e+00 0.0000000e+00 0.0000000e+00]
  [0.0000000e+00 0.0000000e+00 0.0000000e+00]
  [0.0000000e+00 0.0000000e+00 0.0000000e+00]
  [0.0000000e+00 0.0000000e+00 0.0000000e+00]
  [0.0000000e+00 0.0000000e+00 0.0000000e+00]
  [0.0000000e+00 0.0000000e+00 0.0000000e+00]
  [0.0000000e+00 0.0000000e+00 0.0000000e+00]
  [0.0000000e+00 0.0000000e+00 0.0000000e+00]
  [0.0000000e+00 0.0000000e+00 0.0000000e+00]]

 [[0.0000000e+00 0.0000000e+00 0.0000000e+00]
  [0.0000000e+00 0.0000000e+00 0.0000000e+00]
  [0.0000000e+00 0.0000000e+00 0.0000000e+00]
  [0.0000000e+00 0.0000000e+00 0.0000000e+00]
  [0.0000000e+00 0.0000000e+00 0.0000000e+00]
  [0.0000000e+00 0.0000000e+00 0.0000000e+00]
  [0.0000000e+00 0.0000000e+00 0.0000000e+00]
  [0.0000000e+00 0.0000000e+00 0.0000000e+00]
  [0.0000000e+00 0.0000000e+00 0.0000000e+00]
  [0.0000000e+00 0.0000000e+00 0.0000000e+00]
  [0.0000000e+00 0.0000000e+00 0.0000000e+00]
  [0.0000000e+00 0.0000000e+00 0.0000000e+00]
  [0.0000000e+00 0.0000000e+00 0.0000000e+00]
  [0.0000000e+00 0.0000000e+00 0.0000000e+00]
  [0.0000000e+00 0.0000000e+00 0.0000000e+00]
  [0.0000000e+00 0.0000000e+00 0.0000000e+00]
  [0.0000000e+00 0.0000000e+00 0.0000000e+00]
  [0.0000000e+00 0.0000000e+00 0.0000000e+00]
  [0.0000000e+00 0.0000000e+00 0.0000000e+00]
  [0.0000000e+00 0.0000000e+00 0.0000000e+00]
  [0.0000000e+00 0.0000000e+00 0.0000000e+00]
  [0.0000000e+00 0.0000000e+00 0.0000000e+00]
  [0.0000000e+00 0.0000000e+00 0.0000000e+00]
  [0.0000000e+00 0.0000000e+00 0.0000000e+00]
  [0.0000000e+00 0.0000000e+00 0.0000000e+00]
  [0.0000000e+00 0.0000000e+00 0.0000000e+00]
  [0.0000000e+00 0.0000000e+00 0.0000000e+00]
  [0.0000000e+00 0.0000000e+00 0.0000000e+00]]

 [[0.0000000e+00 0.0000000e+00 0.0000000e+00]
  [0.0000000e+00 0.0000000e+00 0.0000000e+00]
  [0.0000000e+00 0.0000000e+00 0.0000000e+00]
  [0.0000000e+00 0.0000000e+00 0.0000000e+00]
  [0.0000000e+00 0.0000000e+00 0.0000000e+00]
  [0.0000000e+00 0.0000000e+00 0.0000000e+00]
  [0.0000000e+00 0.0000000e+00 0.0000000e+00]
  [0.0000000e+00 0.0000000e+00 0.0000000e+00]
  [0.0000000e+00 0.0000000e+00 0.0000000e+00]
  [0.0000000e+00 0.0000000e+00 0.0000000e+00]
  [0.0000000e+00 0.0000000e+00 0.0000000e+00]
  [0.0000000e+00 0.0000000e+00 0.0000000e+00]
  [0.0000000e+00 0.0000000e+00 0.0000000e+00]
  [0.0000000e+00 0.0000000e+00 0.0000000e+00]
  [0.0000000e+00 0.0000000e+00 0.0000000e+00]
  [0.0000000e+00 0.0000000e+00 0.0000000e+00]
  [0.0000000e+00 0.0000000e+00 0.0000000e+00]
  [0.0000000e+00 0.0000000e+00 0.0000000e+00]
  [0.0000000e+00 0.0000000e+00 0.0000000e+00]
  [0.0000000e+00 0.0000000e+00 0.0000000e+00]
  [0.0000000e+00 0.0000000e+00 0.0000000e+00]
  [0.0000000e+00 0.0000000e+00 0.0000000e+00]
  [0.0000000e+00 0.0000000e+00 0.0000000e+00]
  [0.0000000e+00 0.0000000e+00 0.0000000e+00]
  [0.0000000e+00 0.0000000e+00 0.0000000e+00]
  [0.0000000e+00 0.0000000e+00 0.0000000e+00]
  [0.0000000e+00 0.0000000e+00 0.0000000e+00]
  [0.0000000e+00 0.0000000e+00 0.0000000e+00]]

 [[0.0000000e+00 0.0000000e+00 0.0000000e+00]
  [0.0000000e+00 0.0000000e+00 0.0000000e+00]
  [0.0000000e+00 0.0000000e+00 0.0000000e+00]
  [0.0000000e+00 0.0000000e+00 0.0000000e+00]
  [0.0000000e+00 0.0000000e+00 0.0000000e+00]
  [0.0000000e+00 0.0000000e+00 0.0000000e+00]
  [0.0000000e+00 0.0000000e+00 0.0000000e+00]
  [0.0000000e+00 0.0000000e+00 0.0000000e+00]
  [0.0000000e+00 0.0000000e+00 0.0000000e+00]
  [0.0000000e+00 0.0000000e+00 0.0000000e+00]
  [0.0000000e+00 0.0000000e+00 0.0000000e+00]
  [0.0000000e+00 0.0000000e+00 0.0000000e+00]
  [0.0000000e+00 0.0000000e+00 0.0000000e+00]
  [0.0000000e+00 0.0000000e+00 0.0000000e+00]
  [0.0000000e+00 0.0000000e+00 0.0000000e+00]
  [0.0000000e+00 0.0000000e+00 0.0000000e+00]
  [0.0000000e+00 0.0000000e+00 0.0000000e+00]
  [0.0000000e+00 0.0000000e+00 0.0000000e+00]
  [0.0000000e+00 0.0000000e+00 0.0000000e+00]
  [0.0000000e+00 0.0000000e+00 0.0000000e+00]
  [0.0000000e+00 0.0000000e+00 0.0000000e+00]
  [0.0000000e+00 0.0000000e+00 0.0000000e+00]
  [0.0000000e+00 0.0000000e+00 0.0000000e+00]
  [0.0000000e+00 0.0000000e+00 0.0000000e+00]
  [0.0000000e+00 0.0000000e+00 0.0000000e+00]
  [0.0000000e+00 0.0000000e+00 0.0000000e+00]
  [0.0000000e+00 0.0000000e+00 0.0000000e+00]
  [0.0000000e+00 0.0000000e+00 0.0000000e+00]]

 [[0.0000000e+00 0.0000000e+00 0.0000000e+00]
  [0.0000000e+00 0.0000000e+00 0.0000000e+00]
  [0.0000000e+00 0.0000000e+00 0.0000000e+00]
  [0.0000000e+00 0.0000000e+00 0.0000000e+00]
  [0.0000000e+00 0.0000000e+00 0.0000000e+00]
  [0.0000000e+00 0.0000000e+00 0.0000000e+00]
  [0.0000000e+00 0.0000000e+00 0.0000000e+00]
  [0.0000000e+00 0.0000000e+00 0.0000000e+00]
  [0.0000000e+00 0.0000000e+00 0.0000000e+00]
  [0.0000000e+00 0.0000000e+00 0.0000000e+00]
  [0.0000000e+00 0.0000000e+00 0.0000000e+00]
  [0.0000000e+00 0.0000000e+00 0.0000000e+00]
  [0.0000000e+00 0.0000000e+00 0.0000000e+00]
  [0.0000000e+00 0.0000000e+00 0.0000000e+00]
  [0.0000000e+00 0.0000000e+00 0.0000000e+00]
  [0.0000000e+00 0.0000000e+00 0.0000000e+00]
  [0.0000000e+00 0.0000000e+00 0.0000000e+00]
  [0.0000000e+00 0.0000000e+00 0.0000000e+00]
  [0.0000000e+00 0.0000000e+00 0.0000000e+00]
  [0.0000000e+00 0.0000000e+00 0.0000000e+00]
  [0.0000000e+00 0.0000000e+00 0.0000000e+00]
  [0.0000000e+00 0.0000000e+00 0.0000000e+00]
  [0.0000000e+00 0.0000000e+00 0.0000000e+00]
  [0.0000000e+00 0.0000000e+00 0.0000000e+00]
  [0.0000000e+00 0.0000000e+00 0.0000000e+00]
  [0.0000000e+00 0.0000000e+00 0.0000000e+00]
  [0.0000000e+00 0.0000000e+00 0.0000000e+00]
  [0.0000000e+00 0.0000000e+00 0.0000000e+00]]

 [[0.0000000e+00 0.0000000e+00 0.0000000e+00]
  [0.0000000e+00 0.0000000e+00 0.0000000e+00]
  [0.0000000e+00 0.0000000e+00 0.0000000e+00]
  [0.0000000e+00 0.0000000e+00 0.0000000e+00]
  [0.0000000e+00 0.0000000e+00 0.0000000e+00]
  [0.0000000e+00 0.0000000e+00 0.0000000e+00]
  [1.1915523e-02 6.7805714e-04 2.9316632e-02]
  [2.6242521e-02 1.4933401e-03 6.4566389e-02]
  [2.2554383e-02 1.2834653e-03 5.5492196e-02]
  [2.1419572e-02 1.2188884e-03 5.2700136e-02]
  [8.5110879e-03 4.8432656e-04 2.0940453e-02]
  [5.1066526e-03 2.9059593e-04 1.2564271e-02]
  [0.0000000e+00 0.0000000e+00 0.0000000e+00]
  [0.0000000e+00 0.0000000e+00 0.0000000e+00]
  [0.0000000e+00 0.0000000e+00 0.0000000e+00]
  [0.0000000e+00 0.0000000e+00 0.0000000e+00]
  [0.0000000e+00 0.0000000e+00 0.0000000e+00]
  [0.0000000e+00 0.0000000e+00 0.0000000e+00]
  [0.0000000e+00 0.0000000e+00 0.0000000e+00]
  [0.0000000e+00 0.0000000e+00 0.0000000e+00]
  [0.0000000e+00 0.0000000e+00 0.0000000e+00]
  [0.0000000e+00 0.0000000e+00 0.0000000e+00]
  [0.0000000e+00 0.0000000e+00 0.0000000e+00]
  [0.0000000e+00 0.0000000e+00 0.0000000e+00]
  [0.0000000e+00 0.0000000e+00 0.0000000e+00]
  [0.0000000e+00 0.0000000e+00 0.0000000e+00]
  [0.0000000e+00 0.0000000e+00 0.0000000e+00]
  [0.0000000e+00 0.0000000e+00 0.0000000e+00]]

 [[0.0000000e+00 0.0000000e+00 0.0000000e+00]
  [0.0000000e+00 0.0000000e+00 0.0000000e+00]
  [0.0000000e+00 0.0000000e+00 0.0000000e+00]
  [0.0000000e+00 0.0000000e+00 0.0000000e+00]
  [0.0000000e+00 0.0000000e+00 0.0000000e+00]
  [0.0000000e+00 0.0000000e+00 0.0000000e+00]
  [3.1491026e-02 1.7920083e-03 7.7479675e-02]
  [3.6030274e-02 2.0503157e-03 8.8647917e-02]
  [3.6030274e-02 2.0503157e-03 8.8647917e-02]
  [3.6030274e-02 2.0503157e-03 8.8647917e-02]
  [3.6030274e-02 2.0503157e-03 8.8647917e-02]
  [3.4186203e-02 1.9453784e-03 8.4110819e-02]
  [2.8086592e-02 1.5982777e-03 6.9103494e-02]
  [2.8086592e-02 1.5982777e-03 6.9103494e-02]
  [2.8086592e-02 1.5982777e-03 6.9103494e-02]
  [2.8086592e-02 1.5982777e-03 6.9103494e-02]
  [2.8086592e-02 1.5982777e-03 6.9103494e-02]
  [2.8086592e-02 1.5982777e-03 6.9103494e-02]
  [2.8086592e-02 1.5982777e-03 6.9103494e-02]
  [2.8086592e-02 1.5982777e-03 6.9103494e-02]
  [2.4114748e-02 1.3722585e-03 5.9331279e-02]
  [7.3762764e-03 4.1974970e-04 1.8148392e-02]
  [0.0000000e+00 0.0000000e+00 0.0000000e+00]
  [0.0000000e+00 0.0000000e+00 0.0000000e+00]
  [0.0000000e+00 0.0000000e+00 0.0000000e+00]
  [0.0000000e+00 0.0000000e+00 0.0000000e+00]
  [0.0000000e+00 0.0000000e+00 0.0000000e+00]
  [0.0000000e+00 0.0000000e+00 0.0000000e+00]]

 [[0.0000000e+00 0.0000000e+00 0.0000000e+00]
  [0.0000000e+00 0.0000000e+00 0.0000000e+00]
  [0.0000000e+00 0.0000000e+00 0.0000000e+00]
  [0.0000000e+00 0.0000000e+00 0.0000000e+00]
  [0.0000000e+00 0.0000000e+00 0.0000000e+00]
  [0.0000000e+00 0.0000000e+00 0.0000000e+00]
  [9.5040482e-03 5.4083130e-04 2.3383506e-02]
  [1.6171068e-02 9.2022045e-04 3.9786860e-02]
  [1.0213305e-02 5.8119185e-04 2.5128542e-02]
  [1.6171068e-02 9.2022045e-04 3.9786860e-02]
  [2.3121789e-02 1.3157538e-03 5.6888226e-02]
  [3.2200284e-02 1.8323688e-03 7.9224713e-02]
  [3.6030274e-02 2.0503157e-03 8.8647917e-02]
  [3.1916581e-02 1.8162247e-03 7.8526698e-02]
  [3.6030274e-02 2.0503157e-03 8.8647917e-02]
  [3.6030274e-02 2.0503157e-03 8.8647917e-02]
  [3.6030274e-02 2.0503157e-03 8.8647917e-02]
  [3.5462867e-02 2.0180272e-03 8.7251887e-02]
  [3.2483988e-02 1.8485130e-03 7.9922728e-02]
  [3.6030274e-02 2.0503157e-03 8.8647917e-02]
  [3.6030274e-02 2.0503157e-03 8.8647917e-02]
  [1.9859206e-02 1.1300953e-03 4.8861057e-02]
  [0.0000000e+00 0.0000000e+00 0.0000000e+00]
  [0.0000000e+00 0.0000000e+00 0.0000000e+00]
  [0.0000000e+00 0.0000000e+00 0.0000000e+00]
  [0.0000000e+00 0.0000000e+00 0.0000000e+00]
  [0.0000000e+00 0.0000000e+00 0.0000000e+00]
  [0.0000000e+00 0.0000000e+00 0.0000000e+00]]

 [[0.0000000e+00 0.0000000e+00 0.0000000e+00]
  [0.0000000e+00 0.0000000e+00 0.0000000e+00]
  [0.0000000e+00 0.0000000e+00 0.0000000e+00]
  [0.0000000e+00 0.0000000e+00 0.0000000e+00]
  [0.0000000e+00 0.0000000e+00 0.0000000e+00]
  [0.0000000e+00 0.0000000e+00 0.0000000e+00]
  [0.0000000e+00 0.0000000e+00 0.0000000e+00]
  [0.0000000e+00 0.0000000e+00 0.0000000e+00]
  [0.0000000e+00 0.0000000e+00 0.0000000e+00]
  [0.0000000e+00 0.0000000e+00 0.0000000e+00]
  [0.0000000e+00 0.0000000e+00 0.0000000e+00]
  [2.4114749e-03 1.3722586e-04 5.9331283e-03]
  [9.3621965e-03 5.3275918e-04 2.3034498e-02]
  [1.9859206e-03 1.1300953e-04 4.8861057e-03]
  [9.5040482e-03 5.4083130e-04 2.3383506e-02]
  [9.5040482e-03 5.4083130e-04 2.3383506e-02]
  [9.5040482e-03 5.4083130e-04 2.3383506e-02]
  [8.3692363e-03 4.7625444e-04 2.0591445e-02]
  [2.9788807e-03 1.6951429e-04 7.3291580e-03]
  [3.3476945e-02 1.9050178e-03 8.2365781e-02]
  [3.6030274e-02 2.0503157e-03 8.8647917e-02]
  [1.5036256e-02 8.5564359e-04 3.6994800e-02]
  [0.0000000e+00 0.0000000e+00 0.0000000e+00]
  [0.0000000e+00 0.0000000e+00 0.0000000e+00]
  [0.0000000e+00 0.0000000e+00 0.0000000e+00]
  [0.0000000e+00 0.0000000e+00 0.0000000e+00]
  [0.0000000e+00 0.0000000e+00 0.0000000e+00]
  [0.0000000e+00 0.0000000e+00 0.0000000e+00]]

 [[0.0000000e+00 0.0000000e+00 0.0000000e+00]
  [0.0000000e+00 0.0000000e+00 0.0000000e+00]
  [0.0000000e+00 0.0000000e+00 0.0000000e+00]
  [0.0000000e+00 0.0000000e+00 0.0000000e+00]
  [0.0000000e+00 0.0000000e+00 0.0000000e+00]
  [0.0000000e+00 0.0000000e+00 0.0000000e+00]
  [0.0000000e+00 0.0000000e+00 0.0000000e+00]
  [0.0000000e+00 0.0000000e+00 0.0000000e+00]
  [0.0000000e+00 0.0000000e+00 0.0000000e+00]
  [0.0000000e+00 0.0000000e+00 0.0000000e+00]
  [0.0000000e+00 0.0000000e+00 0.0000000e+00]
  [0.0000000e+00 0.0000000e+00 0.0000000e+00]
  [0.0000000e+00 0.0000000e+00 0.0000000e+00]
  [0.0000000e+00 0.0000000e+00 0.0000000e+00]
  [0.0000000e+00 0.0000000e+00 0.0000000e+00]
  [0.0000000e+00 0.0000000e+00 0.0000000e+00]
  [0.0000000e+00 0.0000000e+00 0.0000000e+00]
  [0.0000000e+00 0.0000000e+00 0.0000000e+00]
  [1.1773671e-02 6.6998502e-04 2.8967625e-02]
  [3.5888422e-02 2.0422437e-03 8.8298909e-02]
  [2.9646957e-02 1.6870708e-03 7.2942577e-02]
  [2.5533263e-03 1.4529796e-04 6.2821354e-03]
  [0.0000000e+00 0.0000000e+00 0.0000000e+00]
  [0.0000000e+00 0.0000000e+00 0.0000000e+00]
  [0.0000000e+00 0.0000000e+00 0.0000000e+00]
  [0.0000000e+00 0.0000000e+00 0.0000000e+00]
  [0.0000000e+00 0.0000000e+00 0.0000000e+00]
  [0.0000000e+00 0.0000000e+00 0.0000000e+00]]

 [[0.0000000e+00 0.0000000e+00 0.0000000e+00]
  [0.0000000e+00 0.0000000e+00 0.0000000e+00]
  [0.0000000e+00 0.0000000e+00 0.0000000e+00]
  [0.0000000e+00 0.0000000e+00 0.0000000e+00]
  [0.0000000e+00 0.0000000e+00 0.0000000e+00]
  [0.0000000e+00 0.0000000e+00 0.0000000e+00]
  [0.0000000e+00 0.0000000e+00 0.0000000e+00]
  [0.0000000e+00 0.0000000e+00 0.0000000e+00]
  [0.0000000e+00 0.0000000e+00 0.0000000e+00]
  [0.0000000e+00 0.0000000e+00 0.0000000e+00]
  [0.0000000e+00 0.0000000e+00 0.0000000e+00]
  [0.0000000e+00 0.0000000e+00 0.0000000e+00]
  [0.0000000e+00 0.0000000e+00 0.0000000e+00]
  [0.0000000e+00 0.0000000e+00 0.0000000e+00]
  [0.0000000e+00 0.0000000e+00 0.0000000e+00]
  [0.0000000e+00 0.0000000e+00 0.0000000e+00]
  [0.0000000e+00 0.0000000e+00 0.0000000e+00]
  [3.1207323e-03 1.7758639e-04 7.6781656e-03]
  [3.3051390e-02 1.8808015e-03 8.1318758e-02]
  [3.6172122e-02 2.0583877e-03 8.8996917e-02]
  [1.1773671e-02 6.6998502e-04 2.8967625e-02]
  [0.0000000e+00 0.0000000e+00 0.0000000e+00]
  [0.0000000e+00 0.0000000e+00 0.0000000e+00]
  [0.0000000e+00 0.0000000e+00 0.0000000e+00]
  [0.0000000e+00 0.0000000e+00 0.0000000e+00]
  [0.0000000e+00 0.0000000e+00 0.0000000e+00]
  [0.0000000e+00 0.0000000e+00 0.0000000e+00]
  [0.0000000e+00 0.0000000e+00 0.0000000e+00]]

 [[0.0000000e+00 0.0000000e+00 0.0000000e+00]
  [0.0000000e+00 0.0000000e+00 0.0000000e+00]
  [0.0000000e+00 0.0000000e+00 0.0000000e+00]
  [0.0000000e+00 0.0000000e+00 0.0000000e+00]
  [0.0000000e+00 0.0000000e+00 0.0000000e+00]
  [0.0000000e+00 0.0000000e+00 0.0000000e+00]
  [0.0000000e+00 0.0000000e+00 0.0000000e+00]
  [0.0000000e+00 0.0000000e+00 0.0000000e+00]
  [0.0000000e+00 0.0000000e+00 0.0000000e+00]
  [0.0000000e+00 0.0000000e+00 0.0000000e+00]
  [0.0000000e+00 0.0000000e+00 0.0000000e+00]
  [0.0000000e+00 0.0000000e+00 0.0000000e+00]
  [0.0000000e+00 0.0000000e+00 0.0000000e+00]
  [0.0000000e+00 0.0000000e+00 0.0000000e+00]
  [0.0000000e+00 0.0000000e+00 0.0000000e+00]
  [0.0000000e+00 0.0000000e+00 0.0000000e+00]
  [0.0000000e+00 0.0000000e+00 0.0000000e+00]
  [1.8298838e-02 1.0413021e-03 4.5021974e-02]
  [3.6030274e-02 2.0503157e-03 8.8647917e-02]
  [3.3760648e-02 1.9211620e-03 8.3063796e-02]
  [6.2414645e-03 3.5517279e-04 1.5356331e-02]
  [0.0000000e+00 0.0000000e+00 0.0000000e+00]
  [0.0000000e+00 0.0000000e+00 0.0000000e+00]
  [0.0000000e+00 0.0000000e+00 0.0000000e+00]
  [0.0000000e+00 0.0000000e+00 0.0000000e+00]
  [0.0000000e+00 0.0000000e+00 0.0000000e+00]
  [0.0000000e+00 0.0000000e+00 0.0000000e+00]
  [0.0000000e+00 0.0000000e+00 0.0000000e+00]]

 [[0.0000000e+00 0.0000000e+00 0.0000000e+00]
  [0.0000000e+00 0.0000000e+00 0.0000000e+00]
  [0.0000000e+00 0.0000000e+00 0.0000000e+00]
  [0.0000000e+00 0.0000000e+00 0.0000000e+00]
  [0.0000000e+00 0.0000000e+00 0.0000000e+00]
  [0.0000000e+00 0.0000000e+00 0.0000000e+00]
  [0.0000000e+00 0.0000000e+00 0.0000000e+00]
  [0.0000000e+00 0.0000000e+00 0.0000000e+00]
  [0.0000000e+00 0.0000000e+00 0.0000000e+00]
  [0.0000000e+00 0.0000000e+00 0.0000000e+00]
  [0.0000000e+00 0.0000000e+00 0.0000000e+00]
  [0.0000000e+00 0.0000000e+00 0.0000000e+00]
  [0.0000000e+00 0.0000000e+00 0.0000000e+00]
  [0.0000000e+00 0.0000000e+00 0.0000000e+00]
  [0.0000000e+00 0.0000000e+00 0.0000000e+00]
  [0.0000000e+00 0.0000000e+00 0.0000000e+00]
  [8.3692363e-03 4.7625444e-04 2.0591445e-02]
  [3.5321016e-02 2.0099552e-03 8.6902879e-02]
  [3.6030274e-02 2.0503157e-03 8.8647917e-02]
  [8.7947911e-03 5.0047075e-04 2.1638468e-02]
  [0.0000000e+00 0.0000000e+00 0.0000000e+00]
  [0.0000000e+00 0.0000000e+00 0.0000000e+00]
  [0.0000000e+00 0.0000000e+00 0.0000000e+00]
  [0.0000000e+00 0.0000000e+00 0.0000000e+00]
  [0.0000000e+00 0.0000000e+00 0.0000000e+00]
  [0.0000000e+00 0.0000000e+00 0.0000000e+00]
  [0.0000000e+00 0.0000000e+00 0.0000000e+00]
  [0.0000000e+00 0.0000000e+00 0.0000000e+00]]

 [[0.0000000e+00 0.0000000e+00 0.0000000e+00]
  [0.0000000e+00 0.0000000e+00 0.0000000e+00]
  [0.0000000e+00 0.0000000e+00 0.0000000e+00]
  [0.0000000e+00 0.0000000e+00 0.0000000e+00]
  [0.0000000e+00 0.0000000e+00 0.0000000e+00]
  [0.0000000e+00 0.0000000e+00 0.0000000e+00]
  [0.0000000e+00 0.0000000e+00 0.0000000e+00]
  [0.0000000e+00 0.0000000e+00 0.0000000e+00]
  [0.0000000e+00 0.0000000e+00 0.0000000e+00]
  [0.0000000e+00 0.0000000e+00 0.0000000e+00]
  [0.0000000e+00 0.0000000e+00 0.0000000e+00]
  [0.0000000e+00 0.0000000e+00 0.0000000e+00]
  [0.0000000e+00 0.0000000e+00 0.0000000e+00]
  [0.0000000e+00 0.0000000e+00 0.0000000e+00]
  [0.0000000e+00 0.0000000e+00 0.0000000e+00]
  [0.0000000e+00 0.0000000e+00 0.0000000e+00]
  [1.8866245e-02 1.0735905e-03 4.6418004e-02]
  [3.6030274e-02 2.0503157e-03 8.8647917e-02]
  [2.6526224e-02 1.5094844e-03 6.5264404e-02]
  [7.0925732e-04 4.0360545e-05 1.7450376e-03]
  [0.0000000e+00 0.0000000e+00 0.0000000e+00]
  [0.0000000e+00 0.0000000e+00 0.0000000e+00]
  [0.0000000e+00 0.0000000e+00 0.0000000e+00]
  [0.0000000e+00 0.0000000e+00 0.0000000e+00]
  [0.0000000e+00 0.0000000e+00 0.0000000e+00]
  [0.0000000e+00 0.0000000e+00 0.0000000e+00]
  [0.0000000e+00 0.0000000e+00 0.0000000e+00]
  [0.0000000e+00 0.0000000e+00 0.0000000e+00]]

 [[0.0000000e+00 0.0000000e+00 0.0000000e+00]
  [0.0000000e+00 0.0000000e+00 0.0000000e+00]
  [0.0000000e+00 0.0000000e+00 0.0000000e+00]
  [0.0000000e+00 0.0000000e+00 0.0000000e+00]
  [0.0000000e+00 0.0000000e+00 0.0000000e+00]
  [0.0000000e+00 0.0000000e+00 0.0000000e+00]
  [0.0000000e+00 0.0000000e+00 0.0000000e+00]
  [0.0000000e+00 0.0000000e+00 0.0000000e+00]
  [0.0000000e+00 0.0000000e+00 0.0000000e+00]
  [0.0000000e+00 0.0000000e+00 0.0000000e+00]
  [0.0000000e+00 0.0000000e+00 0.0000000e+00]
  [0.0000000e+00 0.0000000e+00 0.0000000e+00]
  [0.0000000e+00 0.0000000e+00 0.0000000e+00]
  [0.0000000e+00 0.0000000e+00 0.0000000e+00]
  [0.0000000e+00 0.0000000e+00 0.0000000e+00]
  [1.2766632e-03 7.2648982e-05 3.1410677e-03]
  [2.9079551e-02 1.6547824e-03 7.1546547e-02]
  [3.5179164e-02 2.0018830e-03 8.6553872e-02]
  [8.2273856e-03 4.6818235e-04 2.0242438e-02]
  [0.0000000e+00 0.0000000e+00 0.0000000e+00]
  [0.0000000e+00 0.0000000e+00 0.0000000e+00]
  [0.0000000e+00 0.0000000e+00 0.0000000e+00]
  [0.0000000e+00 0.0000000e+00 0.0000000e+00]
  [0.0000000e+00 0.0000000e+00 0.0000000e+00]
  [0.0000000e+00 0.0000000e+00 0.0000000e+00]
  [0.0000000e+00 0.0000000e+00 0.0000000e+00]
  [0.0000000e+00 0.0000000e+00 0.0000000e+00]
  [0.0000000e+00 0.0000000e+00 0.0000000e+00]]

 [[0.0000000e+00 0.0000000e+00 0.0000000e+00]
  [0.0000000e+00 0.0000000e+00 0.0000000e+00]
  [0.0000000e+00 0.0000000e+00 0.0000000e+00]
  [0.0000000e+00 0.0000000e+00 0.0000000e+00]
  [0.0000000e+00 0.0000000e+00 0.0000000e+00]
  [0.0000000e+00 0.0000000e+00 0.0000000e+00]
  [0.0000000e+00 0.0000000e+00 0.0000000e+00]
  [0.0000000e+00 0.0000000e+00 0.0000000e+00]
  [0.0000000e+00 0.0000000e+00 0.0000000e+00]
  [0.0000000e+00 0.0000000e+00 0.0000000e+00]
  [0.0000000e+00 0.0000000e+00 0.0000000e+00]
  [0.0000000e+00 0.0000000e+00 0.0000000e+00]
  [0.0000000e+00 0.0000000e+00 0.0000000e+00]
  [0.0000000e+00 0.0000000e+00 0.0000000e+00]
  [0.0000000e+00 0.0000000e+00 0.0000000e+00]
  [1.7873285e-02 1.0170857e-03 4.3974951e-02]
  [3.6030274e-02 2.0503157e-03 8.8647917e-02]
  [2.5816966e-02 1.4691239e-03 6.3519366e-02]
  [0.0000000e+00 0.0000000e+00 0.0000000e+00]
  [0.0000000e+00 0.0000000e+00 0.0000000e+00]
  [0.0000000e+00 0.0000000e+00 0.0000000e+00]
  [0.0000000e+00 0.0000000e+00 0.0000000e+00]
  [0.0000000e+00 0.0000000e+00 0.0000000e+00]
  [0.0000000e+00 0.0000000e+00 0.0000000e+00]
  [0.0000000e+00 0.0000000e+00 0.0000000e+00]
  [0.0000000e+00 0.0000000e+00 0.0000000e+00]
  [0.0000000e+00 0.0000000e+00 0.0000000e+00]
  [0.0000000e+00 0.0000000e+00 0.0000000e+00]]

 [[0.0000000e+00 0.0000000e+00 0.0000000e+00]
  [0.0000000e+00 0.0000000e+00 0.0000000e+00]
  [0.0000000e+00 0.0000000e+00 0.0000000e+00]
  [0.0000000e+00 0.0000000e+00 0.0000000e+00]
  [0.0000000e+00 0.0000000e+00 0.0000000e+00]
  [0.0000000e+00 0.0000000e+00 0.0000000e+00]
  [0.0000000e+00 0.0000000e+00 0.0000000e+00]
  [0.0000000e+00 0.0000000e+00 0.0000000e+00]
  [0.0000000e+00 0.0000000e+00 0.0000000e+00]
  [0.0000000e+00 0.0000000e+00 0.0000000e+00]
  [0.0000000e+00 0.0000000e+00 0.0000000e+00]
  [0.0000000e+00 0.0000000e+00 0.0000000e+00]
  [0.0000000e+00 0.0000000e+00 0.0000000e+00]
  [0.0000000e+00 0.0000000e+00 0.0000000e+00]
  [1.0638860e-02 6.0540816e-04 2.6175564e-02]
  [3.5604719e-02 2.0260995e-03 8.7600894e-02]
  [3.4044351e-02 1.9373063e-03 8.3761811e-02]
  [8.0855340e-03 4.6011023e-04 1.9893430e-02]
  [0.0000000e+00 0.0000000e+00 0.0000000e+00]
  [0.0000000e+00 0.0000000e+00 0.0000000e+00]
  [0.0000000e+00 0.0000000e+00 0.0000000e+00]
  [0.0000000e+00 0.0000000e+00 0.0000000e+00]
  [0.0000000e+00 0.0000000e+00 0.0000000e+00]
  [0.0000000e+00 0.0000000e+00 0.0000000e+00]
  [0.0000000e+00 0.0000000e+00 0.0000000e+00]
  [0.0000000e+00 0.0000000e+00 0.0000000e+00]
  [0.0000000e+00 0.0000000e+00 0.0000000e+00]
  [0.0000000e+00 0.0000000e+00 0.0000000e+00]]

 [[0.0000000e+00 0.0000000e+00 0.0000000e+00]
  [0.0000000e+00 0.0000000e+00 0.0000000e+00]
  [0.0000000e+00 0.0000000e+00 0.0000000e+00]
  [0.0000000e+00 0.0000000e+00 0.0000000e+00]
  [0.0000000e+00 0.0000000e+00 0.0000000e+00]
  [0.0000000e+00 0.0000000e+00 0.0000000e+00]
  [0.0000000e+00 0.0000000e+00 0.0000000e+00]
  [0.0000000e+00 0.0000000e+00 0.0000000e+00]
  [0.0000000e+00 0.0000000e+00 0.0000000e+00]
  [0.0000000e+00 0.0000000e+00 0.0000000e+00]
  [0.0000000e+00 0.0000000e+00 0.0000000e+00]
  [0.0000000e+00 0.0000000e+00 0.0000000e+00]
  [0.0000000e+00 0.0000000e+00 0.0000000e+00]
  [2.6951779e-03 1.5337007e-04 6.6311429e-03]
  [3.1349175e-02 1.7839362e-03 7.7130668e-02]
  [3.6030274e-02 2.0503157e-03 8.8647917e-02]
  [2.3547342e-02 1.3399700e-03 5.7935249e-02]
  [0.0000000e+00 0.0000000e+00 0.0000000e+00]
  [0.0000000e+00 0.0000000e+00 0.0000000e+00]
  [0.0000000e+00 0.0000000e+00 0.0000000e+00]
  [0.0000000e+00 0.0000000e+00 0.0000000e+00]
  [0.0000000e+00 0.0000000e+00 0.0000000e+00]
  [0.0000000e+00 0.0000000e+00 0.0000000e+00]
  [0.0000000e+00 0.0000000e+00 0.0000000e+00]
  [0.0000000e+00 0.0000000e+00 0.0000000e+00]
  [0.0000000e+00 0.0000000e+00 0.0000000e+00]
  [0.0000000e+00 0.0000000e+00 0.0000000e+00]
  [0.0000000e+00 0.0000000e+00 0.0000000e+00]]

 [[0.0000000e+00 0.0000000e+00 0.0000000e+00]
  [0.0000000e+00 0.0000000e+00 0.0000000e+00]
  [0.0000000e+00 0.0000000e+00 0.0000000e+00]
  [0.0000000e+00 0.0000000e+00 0.0000000e+00]
  [0.0000000e+00 0.0000000e+00 0.0000000e+00]
  [0.0000000e+00 0.0000000e+00 0.0000000e+00]
  [0.0000000e+00 0.0000000e+00 0.0000000e+00]
  [0.0000000e+00 0.0000000e+00 0.0000000e+00]
  [0.0000000e+00 0.0000000e+00 0.0000000e+00]
  [0.0000000e+00 0.0000000e+00 0.0000000e+00]
  [0.0000000e+00 0.0000000e+00 0.0000000e+00]
  [0.0000000e+00 0.0000000e+00 0.0000000e+00]
  [4.2555440e-04 2.4216328e-05 1.0470226e-03]
  [2.8795848e-02 1.6386382e-03 7.0848532e-02]
  [3.6030274e-02 2.0503157e-03 8.8647917e-02]
  [3.1065471e-02 1.7677919e-03 7.6432653e-02]
  [4.9648015e-03 2.8252383e-04 1.2215264e-02]
  [0.0000000e+00 0.0000000e+00 0.0000000e+00]
  [0.0000000e+00 0.0000000e+00 0.0000000e+00]
  [0.0000000e+00 0.0000000e+00 0.0000000e+00]
  [0.0000000e+00 0.0000000e+00 0.0000000e+00]
  [0.0000000e+00 0.0000000e+00 0.0000000e+00]
  [0.0000000e+00 0.0000000e+00 0.0000000e+00]
  [0.0000000e+00 0.0000000e+00 0.0000000e+00]
  [0.0000000e+00 0.0000000e+00 0.0000000e+00]
  [0.0000000e+00 0.0000000e+00 0.0000000e+00]
  [0.0000000e+00 0.0000000e+00 0.0000000e+00]
  [0.0000000e+00 0.0000000e+00 0.0000000e+00]]

 [[0.0000000e+00 0.0000000e+00 0.0000000e+00]
  [0.0000000e+00 0.0000000e+00 0.0000000e+00]
  [0.0000000e+00 0.0000000e+00 0.0000000e+00]
  [0.0000000e+00 0.0000000e+00 0.0000000e+00]
  [0.0000000e+00 0.0000000e+00 0.0000000e+00]
  [0.0000000e+00 0.0000000e+00 0.0000000e+00]
  [0.0000000e+00 0.0000000e+00 0.0000000e+00]
  [0.0000000e+00 0.0000000e+00 0.0000000e+00]
  [0.0000000e+00 0.0000000e+00 0.0000000e+00]
  [0.0000000e+00 0.0000000e+00 0.0000000e+00]
  [0.0000000e+00 0.0000000e+00 0.0000000e+00]
  [0.0000000e+00 0.0000000e+00 0.0000000e+00]
  [5.3903558e-03 3.0674014e-04 1.3262286e-02]
  [3.6030274e-02 2.0503157e-03 8.8647917e-02]
  [3.6030274e-02 2.0503157e-03 8.8647917e-02]
  [1.0922562e-02 6.2155240e-04 2.6873579e-02]
  [0.0000000e+00 0.0000000e+00 0.0000000e+00]
  [0.0000000e+00 0.0000000e+00 0.0000000e+00]
  [0.0000000e+00 0.0000000e+00 0.0000000e+00]
  [0.0000000e+00 0.0000000e+00 0.0000000e+00]
  [0.0000000e+00 0.0000000e+00 0.0000000e+00]
  [0.0000000e+00 0.0000000e+00 0.0000000e+00]
  [0.0000000e+00 0.0000000e+00 0.0000000e+00]
  [0.0000000e+00 0.0000000e+00 0.0000000e+00]
  [0.0000000e+00 0.0000000e+00 0.0000000e+00]
  [0.0000000e+00 0.0000000e+00 0.0000000e+00]
  [0.0000000e+00 0.0000000e+00 0.0000000e+00]
  [0.0000000e+00 0.0000000e+00 0.0000000e+00]]

 [[0.0000000e+00 0.0000000e+00 0.0000000e+00]
  [0.0000000e+00 0.0000000e+00 0.0000000e+00]
  [0.0000000e+00 0.0000000e+00 0.0000000e+00]
  [0.0000000e+00 0.0000000e+00 0.0000000e+00]
  [0.0000000e+00 0.0000000e+00 0.0000000e+00]
  [0.0000000e+00 0.0000000e+00 0.0000000e+00]
  [0.0000000e+00 0.0000000e+00 0.0000000e+00]
  [0.0000000e+00 0.0000000e+00 0.0000000e+00]
  [0.0000000e+00 0.0000000e+00 0.0000000e+00]
  [0.0000000e+00 0.0000000e+00 0.0000000e+00]
  [0.0000000e+00 0.0000000e+00 0.0000000e+00]
  [4.3973955e-03 2.5023537e-04 1.0819234e-02]
  [3.1774729e-02 1.8081525e-03 7.8177691e-02]
  [3.6030274e-02 2.0503157e-03 8.8647917e-02]
  [1.6312920e-02 9.2829257e-04 4.0135868e-02]
  [1.4185147e-04 8.0721093e-06 3.4900755e-04]
  [0.0000000e+00 0.0000000e+00 0.0000000e+00]
  [0.0000000e+00 0.0000000e+00 0.0000000e+00]
  [0.0000000e+00 0.0000000e+00 0.0000000e+00]
  [0.0000000e+00 0.0000000e+00 0.0000000e+00]
  [0.0000000e+00 0.0000000e+00 0.0000000e+00]
  [0.0000000e+00 0.0000000e+00 0.0000000e+00]
  [0.0000000e+00 0.0000000e+00 0.0000000e+00]
  [0.0000000e+00 0.0000000e+00 0.0000000e+00]
  [0.0000000e+00 0.0000000e+00 0.0000000e+00]
  [0.0000000e+00 0.0000000e+00 0.0000000e+00]
  [0.0000000e+00 0.0000000e+00 0.0000000e+00]
  [0.0000000e+00 0.0000000e+00 0.0000000e+00]]

 [[0.0000000e+00 0.0000000e+00 0.0000000e+00]
  [0.0000000e+00 0.0000000e+00 0.0000000e+00]
  [0.0000000e+00 0.0000000e+00 0.0000000e+00]
  [0.0000000e+00 0.0000000e+00 0.0000000e+00]
  [0.0000000e+00 0.0000000e+00 0.0000000e+00]
  [0.0000000e+00 0.0000000e+00 0.0000000e+00]
  [0.0000000e+00 0.0000000e+00 0.0000000e+00]
  [0.0000000e+00 0.0000000e+00 0.0000000e+00]
  [0.0000000e+00 0.0000000e+00 0.0000000e+00]
  [0.0000000e+00 0.0000000e+00 0.0000000e+00]
  [0.0000000e+00 0.0000000e+00 0.0000000e+00]
  [1.8866245e-02 1.0735905e-03 4.6418004e-02]
  [3.6030274e-02 2.0503157e-03 8.8647917e-02]
  [3.6030274e-02 2.0503157e-03 8.8647917e-02]
  [7.3762764e-03 4.1974970e-04 1.8148392e-02]
  [0.0000000e+00 0.0000000e+00 0.0000000e+00]
  [0.0000000e+00 0.0000000e+00 0.0000000e+00]
  [0.0000000e+00 0.0000000e+00 0.0000000e+00]
  [0.0000000e+00 0.0000000e+00 0.0000000e+00]
  [0.0000000e+00 0.0000000e+00 0.0000000e+00]
  [0.0000000e+00 0.0000000e+00 0.0000000e+00]
  [0.0000000e+00 0.0000000e+00 0.0000000e+00]
  [0.0000000e+00 0.0000000e+00 0.0000000e+00]
  [0.0000000e+00 0.0000000e+00 0.0000000e+00]
  [0.0000000e+00 0.0000000e+00 0.0000000e+00]
  [0.0000000e+00 0.0000000e+00 0.0000000e+00]
  [0.0000000e+00 0.0000000e+00 0.0000000e+00]
  [0.0000000e+00 0.0000000e+00 0.0000000e+00]]

 [[0.0000000e+00 0.0000000e+00 0.0000000e+00]
  [0.0000000e+00 0.0000000e+00 0.0000000e+00]
  [0.0000000e+00 0.0000000e+00 0.0000000e+00]
  [0.0000000e+00 0.0000000e+00 0.0000000e+00]
  [0.0000000e+00 0.0000000e+00 0.0000000e+00]
  [0.0000000e+00 0.0000000e+00 0.0000000e+00]
  [0.0000000e+00 0.0000000e+00 0.0000000e+00]
  [0.0000000e+00 0.0000000e+00 0.0000000e+00]
  [0.0000000e+00 0.0000000e+00 0.0000000e+00]
  [0.0000000e+00 0.0000000e+00 0.0000000e+00]
  [8.6529395e-03 4.9239869e-04 2.1289460e-02]
  [3.4328055e-02 1.9534505e-03 8.4459826e-02]
  [3.6030274e-02 2.0503157e-03 8.8647917e-02]
  [3.6030274e-02 2.0503157e-03 8.8647917e-02]
  [7.3762764e-03 4.1974970e-04 1.8148392e-02]
  [0.0000000e+00 0.0000000e+00 0.0000000e+00]
  [0.0000000e+00 0.0000000e+00 0.0000000e+00]
  [0.0000000e+00 0.0000000e+00 0.0000000e+00]
  [0.0000000e+00 0.0000000e+00 0.0000000e+00]
  [0.0000000e+00 0.0000000e+00 0.0000000e+00]
  [0.0000000e+00 0.0000000e+00 0.0000000e+00]
  [0.0000000e+00 0.0000000e+00 0.0000000e+00]
  [0.0000000e+00 0.0000000e+00 0.0000000e+00]
  [0.0000000e+00 0.0000000e+00 0.0000000e+00]
  [0.0000000e+00 0.0000000e+00 0.0000000e+00]
  [0.0000000e+00 0.0000000e+00 0.0000000e+00]
  [0.0000000e+00 0.0000000e+00 0.0000000e+00]
  [0.0000000e+00 0.0000000e+00 0.0000000e+00]]

 [[0.0000000e+00 0.0000000e+00 0.0000000e+00]
  [0.0000000e+00 0.0000000e+00 0.0000000e+00]
  [0.0000000e+00 0.0000000e+00 0.0000000e+00]
  [0.0000000e+00 0.0000000e+00 0.0000000e+00]
  [0.0000000e+00 0.0000000e+00 0.0000000e+00]
  [0.0000000e+00 0.0000000e+00 0.0000000e+00]
  [0.0000000e+00 0.0000000e+00 0.0000000e+00]
  [0.0000000e+00 0.0000000e+00 0.0000000e+00]
  [0.0000000e+00 0.0000000e+00 0.0000000e+00]
  [0.0000000e+00 0.0000000e+00 0.0000000e+00]
  [1.7164027e-02 9.7672525e-04 4.2229913e-02]
  [3.6030274e-02 2.0503157e-03 8.8647917e-02]
  [3.6030274e-02 2.0503157e-03 8.8647917e-02]
  [3.1065471e-02 1.7677919e-03 7.6432653e-02]
  [5.6740586e-03 3.2288436e-04 1.3960301e-02]
  [0.0000000e+00 0.0000000e+00 0.0000000e+00]
  [0.0000000e+00 0.0000000e+00 0.0000000e+00]
  [0.0000000e+00 0.0000000e+00 0.0000000e+00]
  [0.0000000e+00 0.0000000e+00 0.0000000e+00]
  [0.0000000e+00 0.0000000e+00 0.0000000e+00]
  [0.0000000e+00 0.0000000e+00 0.0000000e+00]
  [0.0000000e+00 0.0000000e+00 0.0000000e+00]
  [0.0000000e+00 0.0000000e+00 0.0000000e+00]
  [0.0000000e+00 0.0000000e+00 0.0000000e+00]
  [0.0000000e+00 0.0000000e+00 0.0000000e+00]
  [0.0000000e+00 0.0000000e+00 0.0000000e+00]
  [0.0000000e+00 0.0000000e+00 0.0000000e+00]
  [0.0000000e+00 0.0000000e+00 0.0000000e+00]]

 [[0.0000000e+00 0.0000000e+00 0.0000000e+00]
  [0.0000000e+00 0.0000000e+00 0.0000000e+00]
  [0.0000000e+00 0.0000000e+00 0.0000000e+00]
  [0.0000000e+00 0.0000000e+00 0.0000000e+00]
  [0.0000000e+00 0.0000000e+00 0.0000000e+00]
  [0.0000000e+00 0.0000000e+00 0.0000000e+00]
  [0.0000000e+00 0.0000000e+00 0.0000000e+00]
  [0.0000000e+00 0.0000000e+00 0.0000000e+00]
  [0.0000000e+00 0.0000000e+00 0.0000000e+00]
  [0.0000000e+00 0.0000000e+00 0.0000000e+00]
  [1.7164027e-02 9.7672525e-04 4.2229913e-02]
  [3.6030274e-02 2.0503157e-03 8.8647917e-02]
  [2.9363254e-02 1.6709267e-03 7.2244562e-02]
  [2.5533263e-03 1.4529796e-04 6.2821354e-03]
  [0.0000000e+00 0.0000000e+00 0.0000000e+00]
  [0.0000000e+00 0.0000000e+00 0.0000000e+00]
  [0.0000000e+00 0.0000000e+00 0.0000000e+00]
  [0.0000000e+00 0.0000000e+00 0.0000000e+00]
  [0.0000000e+00 0.0000000e+00 0.0000000e+00]
  [0.0000000e+00 0.0000000e+00 0.0000000e+00]
  [0.0000000e+00 0.0000000e+00 0.0000000e+00]
  [0.0000000e+00 0.0000000e+00 0.0000000e+00]
  [0.0000000e+00 0.0000000e+00 0.0000000e+00]
  [0.0000000e+00 0.0000000e+00 0.0000000e+00]
  [0.0000000e+00 0.0000000e+00 0.0000000e+00]
  [0.0000000e+00 0.0000000e+00 0.0000000e+00]
  [0.0000000e+00 0.0000000e+00 0.0000000e+00]
  [0.0000000e+00 0.0000000e+00 0.0000000e+00]]

 [[0.0000000e+00 0.0000000e+00 0.0000000e+00]
  [0.0000000e+00 0.0000000e+00 0.0000000e+00]
  [0.0000000e+00 0.0000000e+00 0.0000000e+00]
  [0.0000000e+00 0.0000000e+00 0.0000000e+00]
  [0.0000000e+00 0.0000000e+00 0.0000000e+00]
  [0.0000000e+00 0.0000000e+00 0.0000000e+00]
  [0.0000000e+00 0.0000000e+00 0.0000000e+00]
  [0.0000000e+00 0.0000000e+00 0.0000000e+00]
  [0.0000000e+00 0.0000000e+00 0.0000000e+00]
  [0.0000000e+00 0.0000000e+00 0.0000000e+00]
  [0.0000000e+00 0.0000000e+00 0.0000000e+00]
  [0.0000000e+00 0.0000000e+00 0.0000000e+00]
  [0.0000000e+00 0.0000000e+00 0.0000000e+00]
  [0.0000000e+00 0.0000000e+00 0.0000000e+00]
  [0.0000000e+00 0.0000000e+00 0.0000000e+00]
  [0.0000000e+00 0.0000000e+00 0.0000000e+00]
  [0.0000000e+00 0.0000000e+00 0.0000000e+00]
  [0.0000000e+00 0.0000000e+00 0.0000000e+00]
  [0.0000000e+00 0.0000000e+00 0.0000000e+00]
  [0.0000000e+00 0.0000000e+00 0.0000000e+00]
  [0.0000000e+00 0.0000000e+00 0.0000000e+00]
  [0.0000000e+00 0.0000000e+00 0.0000000e+00]
  [0.0000000e+00 0.0000000e+00 0.0000000e+00]
  [0.0000000e+00 0.0000000e+00 0.0000000e+00]
  [0.0000000e+00 0.0000000e+00 0.0000000e+00]
  [0.0000000e+00 0.0000000e+00 0.0000000e+00]
  [0.0000000e+00 0.0000000e+00 0.0000000e+00]
  [0.0000000e+00 0.0000000e+00 0.0000000e+00]]]