[[ 6.1318874e-01 -1.0493313e+01  1.8474413e+00  5.1035872e+00
  -2.6441607e+00  5.2309203e-01 -9.0943918e+00  1.1435287e+01
  -6.3791561e-01  3.3472178e+00]
 [ 5.1611023e+00 -4.4392237e-01  1.2233802e+01  4.5253716e+00
  -1.2383851e+01  7.4984741e+00  6.4964247e+00 -1.7506340e+01
   4.7171984e+00 -1.0298210e+01]
 [-6.6895614e+00  6.6542029e+00  2.0639830e+00  8.6945528e-01
  -2.0136423e+00  4.0692115e-01 -8.6487746e-01  9.5591509e-01
   3.2706523e-01 -1.7094349e+00]
 [ 1.2576947e+01 -1.3010809e+01  2.0865963e+00 -1.3099482e+00
  -5.5726318e+00  3.1620758e+00  1.9216093e+00  4.1127205e-03
   4.8572540e-02  9.3532294e-02]
 [-1.1692339e+00 -7.6835093e+00  8.4167922e-01 -3.7110274e+00
   7.3590503e+00 -1.0363700e+00 -1.0508427e-01  1.5882697e+00
   7.3602295e-01  3.1802385e+00]
 [-8.0452061e+00  7.9306664e+00  1.2819798e+00  1.9102249e+00
  -2.7959712e+00 -9.9541426e-01 -3.2431276e+00  2.4434521e+00
   1.6976919e+00 -1.8426177e-01]
 [-5.3179064e+00 -7.6642585e+00 -5.7665291e+00 -1.6969471e+00
   9.6883307e+00  3.8121870e+00 -2.8114631e+00  1.8451385e+00
   4.0353665e+00  3.8761322e+00]
 [-8.9952841e+00  5.8367538e-01 -1.9699401e+00 -2.2036266e-01
   2.3956606e+00  1.7457116e+00 -2.8419223e+00  4.7427630e-01
   1.4493673e+00  7.3788667e+00]
 [ 2.5743208e+00 -5.6523433e+00  1.3728217e+00 -8.8996964e+00
   4.2280006e+00  4.4479218e+00  9.5376291e+00 -8.0898867e+00
   1.9079664e+00 -1.4266833e+00]
 [-2.7281609e+00 -1.1094658e+01 -5.1249948e+00 -4.3713908e+00
   7.1145930e+00 -5.8885050e-01 -4.7583914e+00  7.0046968e+00
   4.1004896e+00  1.0446728e+01]]