[[  1.1042709  -10.904335     1.6679776    5.455395    -2.686346
   -1.3737617   -8.878076    10.524567     1.418694     3.6716428 ]
 [  5.6521845   -0.8549448   12.054338     4.8771796  -12.426037
    5.6016207    6.712741   -18.41706      6.773808    -9.973785  ]
 [ -6.198479     6.2431803    1.8845191    1.2212634   -2.0558276

   -1.4899325   -0.6485614    0.04519451   2.3836749   -1.3850099 ]
 [ 13.068029   -13.421831     1.9071325   -0.95814013  -5.614817
    1.2652221    2.1379254   -0.90660787   2.1051822    0.4179573 ]
 [ -0.6781517   -8.094532     0.6622155   -3.3592193    7.316865
   -2.9332237    0.1112318    0.6775491    2.7926326    3.5046635 ]
 [ -7.554124     7.519644     1.102516     2.262033    -2.8381565
   -2.892268    -3.0268116    1.5327315    3.7543015    0.14016324]
 [ -4.826824    -8.075281    -5.945993    -1.345139     9.646145
    1.9153333   -2.5951471    0.93441796   6.091976     4.200557  ]
 [ -8.504202     0.17265296  -2.1494038    0.13144547   2.3534753
   -0.15114206  -2.6256063   -0.43644428   3.505977     7.703292  ]
 [  3.065403    -6.063366     1.193358    -8.547888     4.1858153
    2.551068     9.753945    -9.0006075    3.964576    -1.1022583 ]
 [ -2.2370787  -11.50568     -5.3044586   -4.0195827    7.0724077
   -2.4857042   -4.542075     6.0939765    6.1570992   10.7711525 ]]
