[ 0.00000000e+00  0.00000000e+00  0.00000000e+00  0.00000000e+00
  0.00000000e+00  0.00000000e+00  0.00000000e+00  0.00000000e+00
  0.00000000e+00  0.00000000e+00  0.00000000e+00  0.00000000e+00
 -1.03168213e-06 -2.83788359e-06 -6.44155364e-07 -2.68398050e-08
  0.00000000e+00  0.00000000e+00  0.00000000e+00  0.00000000e+00
  0.00000000e+00  0.00000000e+00  0.00000000e+00  0.00000000e+00
  0.00000000e+00  0.00000000e+00  0.00000000e+00  0.00000000e+00
  0.00000000e+00  0.00000000e+00  0.00000000e+00  0.00000000e+00
 -1.97067269e-08 -6.98228106e-08 -1.07605035e-06 -2.65504059e-06
 -1.13003362e-05 -1.43218669e-04 -1.75075862e-03  5.33913868e-03
  1.37476735e-02  6.01931196e-03 -3.72858922e-04  5.55504346e-03
  1.66129880e-02  8.09651241e-03 -4.39170690e-04 -5.74477483e-04
 -3.84569808e-04 -6.03355038e-05 -1.74027919e-05 -6.20169374e-08
  0.00000000e+00  0.00000000e+00  0.00000000e+00  0.00000000e+00
  0.00000000e+00  0.00000000e+00 -4.87633578e-09  1.67668069e-04
  9.40632308e-05 -1.47707993e-04 -4.32299590e-03 -4.56014602e-03
 -8.57190415e-03 -1.21152028e-02 -1.27879065e-02 -1.48512973e-02
 -1.98591072e-02 -3.11007462e-02 -4.97898012e-02 -5.36114052e-02
 -3.85629348e-02 -4.00830097e-02 -3.84052731e-02 -2.71212365e-02
 -1.67566221e-02 -8.87478050e-03 -3.42193106e-03 -9.51505790e-04
 -1.50868917e-04 -5.18401885e-06  0.00000000e+00  0.00000000e+00
  0.00000000e+00  0.00000000e+00 -1.22500277e-08 -1.74050205e-04
 -4.53009596e-03 -2.51661185e-02 -2.92454697e-02 -3.21594067e-02
 -7.42354477e-03 -3.62784155e-02 -3.55599821e-02 -2.42615398e-03
 -1.50520308e-02  1.26740150e-02 -1.47067439e-02 -2.89668851e-02
 -2.50141304e-02 -8.02790001e-02 -1.43426597e-01 -1.40598044e-01
 -8.78507718e-02 -6.96363226e-02 -5.55151589e-02 -2.36467645e-02
 -9.90871154e-03 -2.85998266e-03 -7.20965501e-04  0.00000000e+00
  0.00000000e+00 -2.28168666e-08 -1.38281930e-05 -8.16723550e-05
 -5.90928551e-03 -4.02411148e-02 -3.99907008e-02 -2.19766814e-02
  2.06206436e-03  6.90508448e-03 -1.86515749e-02  7.62036769e-03
 -3.72074060e-02 -3.98513377e-02 -5.60168289e-02  2.83296760e-02
 -1.02706626e-02 -1.76246073e-02 -9.69524160e-02 -1.20133281e-01
 -9.46321338e-02 -9.16397795e-02 -7.58207887e-02 -9.11200270e-02
 -8.34701806e-02 -2.54639480e-02 -5.18565439e-03 -2.66841707e-05
  0.00000000e+00  0.00000000e+00 -6.49422218e-05 -9.53849056e-04
 -1.44356797e-02 -5.11555374e-02 -3.55246142e-02 -4.31735553e-02
 -3.25699151e-02 -2.02008113e-02  7.96779916e-02  5.53182587e-02
 -3.83493025e-03  1.06247403e-01  1.68946892e-01  1.50674731e-01
  1.07164294e-01  2.48034179e-01  2.08863467e-01  1.55378813e-02
 -9.53607634e-02 -2.69087292e-02 -1.06006963e-02 -1.22648962e-01
 -1.41350299e-01 -5.77113964e-02 -1.56890210e-02 -4.01520776e-03
  0.00000000e+00 -6.67755387e-07 -4.25623031e-04 -1.18984608e-03
 -2.43093316e-02 -2.30011269e-02 -2.30361838e-02 -4.32819612e-02
 -7.43277669e-02 -1.16799220e-01 -1.79410558e-02 -1.47097576e-02
 -3.98826152e-02  1.36350214e-01  1.52827352e-01  4.91871051e-02
  6.69472441e-02  1.94347471e-01  2.72377640e-01  1.20855294e-01
  5.64481355e-02  1.75436720e-01  1.76616102e-01 -4.42844592e-02
 -2.05890566e-01 -1.36319622e-01 -5.80234751e-02 -1.30255129e-02
  0.00000000e+00 -6.35920223e-05 -4.32954897e-04 -1.57289894e-03
 -3.75673361e-02 -1.76344216e-02 -2.24643406e-02 -7.30604902e-02
 -1.29961550e-01 -6.43605962e-02  1.55175123e-02  5.66554330e-02
  2.34051179e-02  6.62683249e-02  8.74666348e-02  8.21154192e-02
  7.64830634e-02  2.17336804e-01  2.53860563e-01  1.60620853e-01
 -6.82573998e-04  5.34242503e-02  1.44286931e-01  1.01985507e-01
 -1.33040756e-01 -1.72439322e-01 -6.44710213e-02 -4.76680230e-03
  4.09542443e-03 -8.25224779e-05  8.57901876e-04 -1.12518924e-03
 -5.23422547e-02 -4.89788465e-02 -6.09812401e-02 -8.74918923e-02
 -8.34633410e-02  4.89156246e-02  6.39485344e-02  4.20509502e-02
  1.23723395e-01  5.03376015e-02  1.73369572e-01  2.42811248e-01
  3.79809320e-01  3.00874472e-01  2.46495441e-01  1.41582623e-01
  9.34148878e-02  5.75087853e-02  1.81226403e-01  2.58976787e-01
  3.63684492e-04 -1.45897672e-01 -4.96602580e-02 -3.31792701e-03
 -2.15221371e-06 -7.12486144e-05  1.87751814e-03 -5.87723684e-03
 -5.92900999e-02 -6.02235869e-02 -7.93814287e-02 -6.83727041e-02
 -5.33389598e-02  4.48452681e-02  1.11236900e-01  1.03060976e-02
  3.81028391e-02  1.66868001e-01  7.70625845e-02  3.11911944e-02
  2.06898779e-01  3.03611487e-01  2.70998776e-01  2.38911867e-01
  1.36403188e-01  6.89728404e-05  1.30819261e-01  3.28909785e-01
  1.03773363e-01 -1.48921356e-01 -5.04573323e-02 -7.29919295e-04
 -3.40363158e-06 -8.01534698e-05  9.24476795e-03 -1.54397320e-02
 -6.40968680e-02 -2.76003219e-02 -5.19953556e-02 -3.65726501e-02
 -1.77441817e-02  6.03482462e-02 -1.51335988e-02  5.41392677e-02
 -1.18603949e-02  2.32963655e-02 -6.97525963e-02 -1.60638720e-01
 -7.18748122e-02  1.62209615e-01  2.15394676e-01  1.53587267e-01
  1.64749563e-01  7.29467720e-02  2.45453373e-01  3.80781353e-01
  1.60278991e-01 -1.29105091e-01 -5.34545109e-02 -6.09093811e-04
 -6.44097872e-06  2.47673551e-03 -1.33439933e-03 -1.61871426e-02
 -8.77666846e-02 -6.92182481e-02 -3.33386986e-03  3.42086740e-02
  1.61907803e-02 -5.69084920e-02 -3.00095920e-02 -4.09953184e-02
 -9.18049961e-02 -6.92219734e-02 -3.44312966e-01 -5.46859026e-01
 -4.63478178e-01 -1.54563561e-01 -5.98762706e-02  6.60812184e-02
  1.39740691e-01  1.66768804e-01  2.81299651e-01  3.40628982e-01
  2.23481551e-01 -6.92197159e-02 -2.87197288e-02 -3.57459619e-04
 -9.16842851e-07  2.97776860e-05 -1.81557157e-03 -2.48017218e-02
 -6.93547055e-02 -2.51512155e-02  1.21720165e-01  7.15172738e-02
 -2.26720776e-02 -3.82932760e-02  4.36395481e-02  7.18506947e-02
  8.23188946e-02 -1.34081200e-01 -5.42928636e-01 -6.88548088e-01
 -5.62757850e-01 -1.88101605e-01 -6.27672076e-02  1.67729110e-02
  2.92180981e-02  1.30314887e-01  3.43258381e-01  4.10415888e-01
  3.11435521e-01 -8.04425497e-03 -1.70126036e-02 -6.41124207e-05
 -1.34618305e-09  2.87145784e-04 -2.44834996e-03 -1.69250127e-02
 -2.67673098e-02  1.16615379e-02  1.80869311e-01  2.24404722e-01
  1.05358899e-01  6.84430227e-02  1.40115425e-01  1.34238899e-01
  6.81055859e-02 -3.70842636e-01 -6.08388007e-01 -7.04623163e-01
 -5.63093603e-01 -2.59924293e-01 -8.34370181e-02 -9.00297910e-02
 -1.26478672e-01  7.91188702e-02  2.67127901e-01  4.11874175e-01
  2.77855158e-01  3.33665796e-02 -4.24086442e-03 -6.94944581e-04
 -1.73701828e-05 -3.25446861e-04 -2.27477285e-03 -3.35676037e-02
 -2.66785361e-02  1.52902752e-01  2.10885122e-01  3.02180260e-01
  2.01465189e-01  1.97767481e-01  1.49415731e-01  2.03104511e-01
  1.66800469e-02 -4.10956204e-01 -6.68553591e-01 -6.90700233e-01
 -6.06118143e-01 -2.26974636e-01 -9.26178917e-02 -1.01938076e-01
 -2.00587837e-03  1.70727596e-01  1.65554941e-01  3.53811771e-01
  2.72806406e-01  3.00653670e-02 -2.48684827e-03 -1.11351277e-04
 -5.94083167e-06 -6.57991623e-04 -1.60143082e-03 -3.99426743e-02
  3.56600136e-02  2.52820253e-01  1.68969736e-01  2.75360048e-01
  2.37022951e-01  2.57152677e-01  3.26934367e-01  1.52817547e-01
 -1.43166959e-01 -5.81027150e-01 -7.70574927e-01 -6.89207435e-01
 -4.61391926e-01 -2.37588644e-01 -5.45398183e-02 -3.11722467e-03
  1.46756366e-01  1.45076528e-01  1.79413572e-01  3.19716930e-01
  1.90866724e-01  1.25089176e-02 -3.32888053e-03 -6.27517817e-04
 -1.44714079e-06 -3.37797945e-04 -3.47595103e-03 -3.84969115e-02
  4.74345200e-02  2.91461498e-01  2.42094979e-01  1.66949183e-01
  2.41892710e-01  2.58588880e-01  2.91461289e-01  1.15044609e-01
 -2.75137633e-01 -6.45749390e-01 -6.77468419e-01 -4.80834007e-01
 -2.80895710e-01 -6.73017800e-02  3.39172594e-02  6.48606122e-02
  1.77170426e-01  1.46361545e-01  1.75794244e-01  2.33383730e-01
  7.89959207e-02 -2.66453270e-02 -1.54982992e-02 -4.54127585e-04
  0.00000000e+00 -1.33208130e-04 -7.86861870e-03 -4.34575379e-02
  3.22932564e-02  2.33449757e-01  2.43172020e-01  1.80368632e-01
  1.40678272e-01  2.58920133e-01  3.40704173e-01  8.44124481e-02
 -2.44883165e-01 -5.95702589e-01 -5.99390209e-01 -3.50127548e-01
 -1.34684637e-01  6.16946518e-02  1.79037862e-02  6.23473413e-02
  7.94417039e-02  4.39318791e-02  1.65260404e-01  1.10745862e-01
  1.05933975e-02 -1.96475983e-02 -9.89311561e-03  7.34773697e-03
 -1.35172177e-05 -4.51292544e-06 -6.44928776e-03 -7.44737238e-02
 -1.20487269e-02  1.34300381e-01  1.86465010e-01  1.55937806e-01
  1.68765098e-01  2.27259517e-01  3.15834403e-01  7.02951401e-02
 -2.61607260e-01 -4.74106103e-01 -4.38039154e-01 -2.16061801e-01
 -9.45921317e-02 -8.18056799e-03 -4.55845296e-02  1.84835400e-02
 -4.82667238e-02  3.21154520e-02  1.39176622e-01  8.58790502e-02
 -2.57368833e-02 -1.91374626e-02 -3.98985064e-03 -2.15157866e-03
 -3.15768767e-09  2.03459221e-03 -5.30306762e-03 -6.84354007e-02
 -4.13539857e-02  9.76547375e-02  1.89359456e-01  1.70518503e-01
  1.59688264e-01  1.50130406e-01  3.05267453e-01  2.42905900e-01
  8.70878920e-02 -1.19635791e-01 -1.77363798e-01 -1.26749441e-01
 -7.42126778e-02 -8.24692473e-03 -4.29235250e-02 -3.94023545e-02
  8.71834531e-03  4.65655401e-02  1.09711066e-01  1.70402732e-02
 -6.06211834e-03 -1.95622873e-02 -4.39123902e-03 -6.14490302e-04
  0.00000000e+00  5.13110543e-03 -4.91898879e-03 -5.95524460e-02
 -4.16286997e-02  9.78264287e-02  1.92660138e-01  1.56749144e-01
  1.31029621e-01  1.67315483e-01  2.90999800e-01  3.64815831e-01
  2.62772292e-01  7.99706131e-02 -2.88988799e-02 -2.16224007e-02
 -4.32391465e-02 -3.33586670e-02 -8.99026766e-02 -5.95902391e-02
 -1.90644413e-02  4.54828776e-02  4.11816873e-02 -3.16340402e-02
 -1.01645440e-02 -1.42532894e-02 -8.07954813e-04 -1.02430477e-06
 -1.15588350e-09 -8.64482445e-06 -6.40516309e-03 -3.88061926e-02
 -7.20391721e-02  5.32376245e-02  1.07456379e-01  1.15338027e-01
  4.12769318e-02  6.70358539e-02  2.04067737e-01  3.06037039e-01
  2.13129789e-01  7.65046850e-02  2.75314506e-02  3.31049226e-02
 -1.08075328e-03 -1.12924993e-01 -9.30647179e-02 -1.16823450e-01
 -5.87043129e-02 -4.05642800e-02 -1.51247717e-02 -5.13873575e-03
 -1.26984781e-02 -5.58217429e-03  7.15273246e-03  2.23066763e-06
 -1.11976206e-09 -8.05034801e-07 -4.14284924e-03 -3.19853313e-02
 -1.21785425e-01 -3.13802473e-02  5.90548143e-02  7.76271671e-02
  1.55214846e-01  1.54346779e-01  2.11274177e-01  2.39235222e-01
  1.85456336e-01  3.03398818e-01  1.74519658e-01  1.27886370e-01
  8.63021463e-02  4.84347297e-03 -7.79853463e-02 -1.27059400e-01
 -1.73433557e-01 -9.17259380e-02 -1.31383799e-02  1.01399617e-02
 -5.74981561e-03 -5.00677386e-03  7.40682008e-04  4.11815563e-06
  0.00000000e+00  0.00000000e+00 -1.84011878e-03 -1.31478282e-02
 -7.80575126e-02 -8.89144018e-02 -2.54190955e-02  5.89468740e-02
  1.31821781e-01  2.04406425e-01  2.94232488e-01  3.37866187e-01
  3.02419543e-01  2.61539370e-01  2.25562781e-01  1.52389526e-01
  7.02859927e-03 -4.87205274e-02 -2.09090903e-01 -2.50023991e-01
 -2.09005833e-01 -1.06221452e-01 -3.63008901e-02 -1.27425613e-02
 -9.19499248e-03 -2.81663798e-03 -5.08065750e-06  0.00000000e+00
  0.00000000e+00  0.00000000e+00 -1.57688267e-03 -4.74579167e-03
 -1.57067031e-02 -3.80006358e-02 -4.75104116e-02 -9.89716426e-02
 -8.67020562e-02 -9.87080932e-02 -8.32529664e-02 -3.75486687e-02
  9.77138355e-02  1.10859342e-01  4.30539884e-02 -6.56927899e-02
 -1.35548204e-01 -1.63221538e-01 -1.92383423e-01 -1.80865571e-01
 -1.54756218e-01 -1.03730187e-01 -3.95881161e-02 -1.51556246e-02
 -3.30124609e-03 -5.13192848e-04 -2.16012859e-06  0.00000000e+00
  0.00000000e+00  0.00000000e+00 -6.48712239e-06 -4.34005415e-05
 -1.39162212e-03 -7.32420944e-03 -3.01204510e-02 -5.79231046e-02
 -1.05343744e-01 -1.67666569e-01 -2.19237328e-01 -2.27135032e-01
 -2.64299512e-01 -2.49941140e-01 -2.43797407e-01 -2.15830281e-01
 -1.61175996e-01 -1.51544943e-01 -1.19203880e-01 -8.72185975e-02
 -8.64883959e-02 -5.93133271e-02 -2.16957778e-02 -5.60945598e-03
 -9.03402222e-04 -2.42138890e-06 -2.28838849e-06  0.00000000e+00
  0.00000000e+00  0.00000000e+00  0.00000000e+00  0.00000000e+00
 -1.88756414e-04 -3.34468763e-03 -8.02490115e-03 -1.77359339e-02
 -2.78099217e-02 -5.21506332e-02 -4.97113355e-02 -3.79382521e-02
 -2.66669467e-02 -5.34530059e-02 -7.80486017e-02 -5.73034585e-02
 -4.43368778e-02 -4.70214151e-02 -2.82785296e-02 -8.97647720e-03
 -1.97739825e-02 -2.21803132e-02 -1.15357656e-02 -9.41203267e-04
 -1.82147949e-06 -5.30718626e-06  0.00000000e+00  0.00000000e+00
  0.00000000e+00  0.00000000e+00  0.00000000e+00  0.00000000e+00
 -2.04004735e-07 -4.77298499e-06 -7.71187551e-05 -1.27086896e-04
 -3.00601881e-04 -5.88782015e-04 -4.95517801e-04 -7.20417243e-04
 -1.31188461e-03 -5.17594069e-03 -1.21114375e-02 -8.34569894e-03
 -4.17092582e-03 -2.45976239e-03 -2.91550881e-03 -2.97429552e-03
 -2.21466180e-03 -4.36152099e-03 -1.28297694e-02 -2.94954935e-03
  0.00000000e+00  0.00000000e+00  0.00000000e+00  0.00000000e+00]