[ 0.00000000e+00  0.00000000e+00  0.00000000e+00  0.00000000e+00
  0.00000000e+00  0.00000000e+00  0.00000000e+00  0.00000000e+00
  0.00000000e+00  0.00000000e+00  0.00000000e+00  0.00000000e+00
 -3.56013902e-06 -7.79692346e-06 -1.60933522e-09 -6.70556319e-11
  0.00000000e+00  0.00000000e+00  0.00000000e+00  0.00000000e+00
  0.00000000e+00  0.00000000e+00  0.00000000e+00  0.00000000e+00
  0.00000000e+00  0.00000000e+00  0.00000000e+00  0.00000000e+00
  0.00000000e+00  0.00000000e+00  0.00000000e+00  0.00000000e+00
 -1.76106649e-08 -5.18283478e-08 -4.34456693e-09 -2.83221234e-05
 -1.35668647e-03 -1.09909405e-03 -6.83180464e-04 -2.62285495e-04
 -1.95650704e-04 -1.18578035e-04  1.14426771e-02  1.66831836e-02
 -7.75053515e-04 -1.15167664e-03 -3.32575408e-04 -6.25365239e-04
 -4.59776144e-04 -4.48943974e-05 -1.91223285e-06 -2.23735448e-08
  0.00000000e+00  0.00000000e+00  0.00000000e+00  0.00000000e+00
  0.00000000e+00  0.00000000e+00 -8.39525949e-11 -3.28190919e-09
 -1.96682277e-06 -1.06632262e-06 -1.22046204e-05 -1.47125626e-03
 -9.28743277e-03 -1.47608006e-02 -1.43455043e-02 -1.87591687e-02
  4.88756271e-03  5.52465618e-02  6.77844584e-02  1.09432526e-01
  6.45651147e-02  1.33714154e-02 -3.11116362e-03  5.49433613e-03
 -5.81655232e-03 -6.89140568e-03 -2.78467685e-03 -1.65423274e-03
 -5.86451846e-04 -2.49891855e-06  0.00000000e+00  0.00000000e+00
  0.00000000e+00  0.00000000e+00  1.15138573e-04  2.73833575e-05
 -2.11048082e-05 -7.83565221e-04 -7.89252226e-04 -8.16943496e-03
 -2.97387019e-02 -5.36908433e-02 -9.19513553e-02 -1.29571050e-01
 -8.10896605e-02 -4.00825404e-02 -2.59319227e-02  4.31731939e-02
  3.16909142e-02 -5.69246262e-02 -9.17191058e-02 -5.73825091e-02
 -6.46450073e-02 -5.48258275e-02 -3.54361348e-02 -2.53360067e-02
 -1.99951604e-02 -2.55438988e-03 -2.95229326e-03  0.00000000e+00
  0.00000000e+00 -2.88174196e-08  3.93795082e-04  1.05226172e-05
  1.70304056e-03  1.39942635e-02  5.91242686e-03 -2.66275797e-02
 -4.16787490e-02 -6.56313747e-02 -8.74668360e-02 -1.47698253e-01
 -4.52365130e-02  1.28226936e-01  1.76392704e-01  1.29075587e-01
  7.80998468e-02  1.87867060e-02 -4.17602062e-02  9.03769359e-02
  9.55053344e-02  9.83550623e-02  5.49288169e-02  3.07617453e-03
 -6.08680509e-02 -2.51711030e-02 -2.89076939e-03 -1.30417163e-03
  0.00000000e+00  0.00000000e+00  2.76177361e-05  2.41097203e-03
  4.55158670e-03  2.59706471e-02 -7.42985168e-03 -7.29307160e-02
 -1.50806129e-01 -1.81399256e-01 -1.26642704e-01 -1.16233431e-01
 -4.41520847e-02  5.72617725e-02  1.24305367e-01  1.58538967e-01
 -1.64303202e-02 -1.12997875e-01 -3.97137962e-02  4.45461869e-02
  1.60768837e-01  2.61924505e-01  2.08771244e-01  1.25723764e-01
  2.01094337e-02 -3.99532393e-02 -5.76525228e-03 -1.43378566e-03
  0.00000000e+00 -5.24056986e-07 -3.73349688e-03  1.87882979e-03
  4.34669061e-03 -2.25044228e-02 -6.03440404e-02 -1.32443786e-01
 -2.18190640e-01 -2.81058252e-01 -1.87446713e-01 -9.05535072e-02
 -1.30377948e-01 -1.55855402e-01 -1.10341087e-01 -1.65973276e-01
 -2.16711730e-01 -2.42901683e-01 -1.01619862e-01 -7.07672536e-02
  7.60479718e-02  1.32812172e-01  8.85897726e-02  5.54415025e-02
 -6.81699347e-03 -4.77039181e-02 -6.91498443e-03 -1.55556074e-04
  0.00000000e+00 -4.55179368e-04 -4.64146864e-03 -4.53617517e-03
 -1.16780866e-02 -6.16513565e-02 -1.14300691e-01 -1.45280331e-01
 -3.00499886e-01 -2.91067630e-01 -2.25832164e-01 -1.83991760e-01
 -1.28632605e-01 -1.52796835e-01 -1.30784318e-01 -2.72001266e-01
 -2.63955981e-01 -1.74946219e-01 -2.01634377e-01 -7.89807513e-02
  1.13702463e-02  4.08167578e-03 -2.44914666e-02 -7.94515386e-02
 -1.44206256e-01 -8.44346285e-02 -6.44676806e-03 -3.64244520e-03
 -4.34456325e-07 -3.71513772e-04 -2.41780374e-03 -2.05424498e-03
 -2.06424259e-02 -6.72179610e-02 -1.17665723e-01 -1.43615812e-01
 -2.86477000e-01 -3.46719265e-01 -2.91430026e-01 -1.92750543e-01
 -9.65074822e-02 -1.25922263e-02  4.47259005e-03  3.72708254e-02
 -1.14881068e-01  3.68639939e-02 -1.12545520e-01 -1.05355531e-01
 -1.38889417e-01 -1.70166492e-01 -2.13646784e-01 -2.85917640e-01
 -2.37208635e-01 -9.87903252e-02 -1.14885122e-02 -2.57780636e-03
 -3.11719691e-06 -1.08603363e-05 -1.54414540e-03 -4.14147042e-03
 -4.05204073e-02 -1.13074921e-01 -1.30973101e-01 -1.55014008e-01
 -2.38098353e-01 -2.99806416e-01 -2.27506727e-01 -1.00866653e-01
 -8.02396685e-02  2.52137892e-02  2.14248598e-01  4.06307071e-01
  1.44426882e-01  1.62410960e-02 -1.05823234e-01 -2.06329182e-01
 -2.71176875e-01 -2.93866426e-01 -3.32642287e-01 -3.15788627e-01
 -1.95218444e-01 -7.71364272e-02 -1.07933199e-02 -6.86429499e-04
 -3.64258563e-06 -8.79315940e-06 -1.24590914e-03 -1.71017796e-02
 -4.89276126e-02 -1.14872038e-01 -1.73608005e-01 -1.75414175e-01
 -1.88038021e-01 -2.36864299e-01 -1.36870027e-01 -1.56489071e-02
 -2.05352474e-02  1.81864679e-01  5.15810072e-01  6.41283572e-01
  2.27178484e-01  3.71256634e-03 -1.47790194e-01 -2.20493317e-01
 -3.10091317e-01 -2.94543773e-01 -2.67846704e-01 -2.27839947e-01
 -1.54559746e-01 -5.34668453e-02 -1.24063939e-02  1.54666297e-04
 -7.65195352e-07  1.01708632e-04 -7.88844336e-05 -1.03666484e-02
 -3.46838459e-02 -7.35556483e-02 -1.50771186e-01 -1.70331374e-01
 -1.76512986e-01 -2.23757550e-01 -1.85184121e-01 -1.70903698e-01
 -8.58580396e-02  2.38539621e-01  6.57605648e-01  6.62011623e-01
  1.75759017e-01 -8.08644295e-02 -8.89164954e-02 -2.02936649e-01
 -2.23189726e-01 -1.76153824e-01 -1.39932081e-01 -1.06800750e-01
 -7.80250505e-02 -3.83430645e-02 -1.04880994e-02  2.46030791e-03
 -3.51419445e-08 -4.22578887e-05 -3.26874433e-04  1.00632629e-03
 -1.83387678e-02 -4.64072041e-02 -7.60045871e-02 -9.79102477e-02
 -1.41214997e-01 -1.72295615e-01 -2.97745794e-01 -3.92887592e-01
 -8.34793150e-02  2.76529521e-01  7.95755029e-01  4.89176393e-01
  8.13407823e-02  3.36410366e-02 -8.12001675e-02 -1.80653170e-01
 -1.29984275e-01 -7.20375851e-02 -6.52788654e-02 -3.97096723e-02
 -2.79964954e-02 -1.45076504e-02 -7.58955069e-03  2.62717623e-03
  1.71388310e-05 -6.87592410e-06 -8.92021490e-06  3.32400622e-03
 -8.43275525e-03 -3.59316245e-02 -6.53237924e-02 -9.45401490e-02
 -6.22718558e-02 -1.77160442e-01 -4.76559311e-01 -5.35039604e-01
 -1.35894641e-01  3.19143236e-01  6.78429842e-01  3.89289439e-01
  1.22545905e-01  3.55320126e-02 -2.34724492e-01 -2.04265788e-01
 -1.11389458e-01 -7.58616254e-02 -7.33541772e-02 -6.88249245e-02
 -5.28975725e-02 -2.61438526e-02 -1.19996890e-02 -1.94686290e-04
 -3.47329490e-07 -8.89355288e-05  2.65173352e-04  4.41564946e-03
  3.21253606e-06 -4.04876545e-02 -7.41825923e-02 -9.88209173e-02
 -7.34972507e-02 -2.36676306e-01 -5.21634638e-01 -5.11846662e-01
 -2.61211414e-02  3.79451364e-01  5.85361600e-01  3.85048866e-01
  1.11334771e-01 -2.96836078e-01 -4.13175434e-01 -2.84531862e-01
 -1.58639550e-01 -1.13717616e-01 -9.21489745e-02 -7.25307465e-02
 -4.01998162e-02 -2.19866447e-02 -3.40892514e-03 -4.10616776e-05
 -1.17742658e-07 -2.05927718e-05  1.71322969e-03  3.17050656e-03
 -6.88381540e-03 -6.18377067e-02 -1.18048571e-01 -1.21735454e-01
 -1.20271005e-01 -2.72289723e-01 -4.05588329e-01 -2.19554618e-01
  8.89292657e-02  4.65737969e-01  6.28900886e-01  1.97186723e-01
 -7.48844445e-03 -4.85465348e-01 -4.28547829e-01 -3.27785581e-01
 -2.18872547e-01 -1.42059013e-01 -1.09890290e-01 -8.10493454e-02
 -5.24541922e-02 -2.13416778e-02 -6.27161702e-03 -4.43247234e-04
 -2.29446631e-08  2.34261446e-04  1.47917960e-03 -1.19159766e-03
 -8.15857947e-03 -8.84168744e-02 -1.96927756e-01 -2.23293558e-01
 -2.11837441e-01 -1.77350357e-01 -1.31941795e-01 -8.59255195e-02
 -1.03088450e-02  4.39041138e-01  5.91072440e-01  2.40550861e-02
 -1.91890955e-01 -5.84804177e-01 -4.52847213e-01 -3.18913788e-01
 -2.14808196e-01 -1.35103300e-01 -1.10980481e-01 -9.49186608e-02
 -5.97066022e-02 -3.47327925e-02 -1.89325251e-02 -5.57383522e-04
  0.00000000e+00  2.42210372e-04 -8.92240205e-05 -2.45611602e-03
 -1.96600314e-02 -1.68501660e-01 -2.99988836e-01 -3.05963337e-01
 -2.19010189e-01 -1.11961789e-01  3.05408332e-02 -7.28146285e-02
  1.35591969e-01  4.25712675e-01  4.10860389e-01 -4.46939506e-02
 -3.42659175e-01 -4.74710047e-01 -3.38711798e-01 -2.30995402e-01
 -1.68488964e-01 -1.08106829e-01 -7.51634911e-02 -7.83251449e-02
 -5.67951947e-02 -5.06139398e-02 -1.11631602e-02 -7.58147740e-04
 -1.02902266e-06  4.06758809e-05 -4.82767849e-04 -4.17173840e-03
 -4.55963239e-02 -2.02879101e-01 -3.66852492e-01 -3.28944772e-01
 -1.33093879e-01 -1.30839907e-02 -1.03425592e-01 -4.80557755e-02
  9.13607702e-02  2.24783674e-01  1.64663345e-01 -1.73831269e-01
 -2.90771186e-01 -2.01920599e-01 -1.06896587e-01 -1.11889385e-01
 -4.49847542e-02 -5.32812253e-02 -8.69288668e-02 -8.35479721e-02
 -4.33565490e-02 -1.71807930e-02 -1.64990011e-03 -4.13290218e-06
  4.50806765e-05  2.30971229e-04 -1.40765903e-03 -1.00542735e-02
 -5.96648492e-02 -2.38940030e-01 -2.54324108e-01 -1.53484613e-01
 -7.07828030e-02  1.82348350e-03 -7.09563419e-02 -3.33115808e-03
 -3.86409368e-03  1.61027417e-01  8.91376985e-04 -7.33544901e-02
  5.46364374e-02  6.18524442e-04  4.78389747e-02  4.76649292e-02
 -9.97568830e-04 -1.22186840e-02 -5.08689508e-02 -4.86128703e-02
 -1.45710744e-02  8.01559538e-03 -9.71855305e-04  2.22214821e-05
  0.00000000e+00 -2.53585167e-05 -2.20371154e-03 -1.46453055e-02
 -4.76648025e-02 -1.65263444e-01 -7.53056780e-02 -1.26631949e-02
  9.47604626e-02  8.14122111e-02  8.66076201e-02  9.29718912e-02
  3.98389958e-02 -2.74292361e-02  9.99405794e-03 -1.20320162e-02
  1.59025088e-01  2.31848612e-01  2.42156908e-01  1.70987785e-01
  7.06481785e-02 -5.69661614e-03 -4.62267809e-02 -5.36908731e-02
 -3.82459350e-02 -6.11163909e-03  7.10758963e-04  9.07620852e-05
  3.09740863e-05  1.06015030e-07 -1.86735264e-03 -3.53971310e-03
  3.57582048e-02  1.59029409e-01  1.61634669e-01  1.06329471e-01
  1.47979975e-01  8.41469616e-02  9.86976698e-02 -1.02946937e-01
 -1.70417100e-01 -1.96789190e-01  4.95814439e-03  2.88015604e-02
  5.67731038e-02  1.63362011e-01  2.33072728e-01  1.33300200e-01
  1.12952411e-01  2.27132384e-02 -9.70551074e-02 -6.52181059e-02
 -7.83603266e-03 -4.81406180e-03 -1.05095562e-03 -7.74883304e-13
  3.00061456e-05  8.05979471e-06 -1.67111179e-03 -2.51888996e-03
  7.92482868e-02  3.25899512e-01  2.81462938e-01  1.37688220e-01
  1.01301305e-01  6.58067912e-02 -8.68810937e-02 -2.99831867e-01
 -3.92464757e-01 -3.01892936e-01 -1.15104154e-01  1.38311237e-02
  8.65392387e-02  2.19908088e-01  2.38448903e-01  9.21966955e-02
  4.12936062e-02 -5.71522601e-02 -9.22668576e-02 -4.50077727e-02
 -8.73877015e-03 -1.49374886e-03  1.27308141e-03 -1.43055381e-12
  0.00000000e+00  0.00000000e+00 -1.40749456e-04 -1.82648730e-02
  1.40136536e-02  2.02503592e-01  2.42714539e-01  1.05999850e-01
  1.26793012e-02 -1.53053561e-02 -1.02859378e-01 -1.63710028e-01
 -9.42402035e-02 -1.25804052e-01 -1.35267228e-01  1.40720634e-02
  1.16734654e-01  1.99492589e-01  6.49954230e-02  2.72143800e-02
 -2.62066945e-02 -6.66283444e-02 -6.41378984e-02 -4.57868949e-02
 -6.15550810e-03  4.52737557e-04  5.61216753e-03  0.00000000e+00
  0.00000000e+00  0.00000000e+00 -1.81681462e-05 -1.22876503e-02
 -2.22202223e-02  2.02496611e-02  3.59469689e-02 -4.70680632e-02
 -1.17454559e-01 -1.65761843e-01 -2.45118707e-01 -2.66005486e-01
 -2.74590313e-01 -2.98594028e-01 -2.87126333e-01 -2.28929117e-01
 -2.11811185e-01 -5.62963970e-02  3.06286709e-03  6.57532690e-03
 -2.00877525e-03 -5.21338498e-03 -2.47570090e-02 -1.34257218e-02
 -4.28293180e-03  1.14812667e-03  3.07965995e-04  0.00000000e+00
  0.00000000e+00  0.00000000e+00 -1.27604594e-07 -9.50781454e-04
 -1.63136534e-02 -3.52417901e-02 -5.41267507e-02 -7.40631670e-02
 -7.65254423e-02 -1.28684238e-01 -2.36636356e-01 -2.26869866e-01
 -1.87843725e-01 -2.07955673e-01 -2.17572138e-01 -2.14284614e-01
 -1.70957953e-01 -9.59159806e-02 -3.92091572e-02 -2.23052949e-02
 -6.80246716e-03 -1.67765515e-03 -2.20584217e-03 -7.34726433e-04
 -2.78206585e-06 -9.23385505e-06 -1.10208020e-05  0.00000000e+00
  0.00000000e+00  0.00000000e+00  0.00000000e+00  0.00000000e+00
 -5.37737855e-04 -2.00789585e-03 -4.67931619e-03 -8.17585830e-03
 -1.06341466e-02 -1.34072071e-02 -3.40578742e-02 -3.33410390e-02
 -4.24240641e-02 -6.84303716e-02 -5.79885617e-02 -3.61661613e-02
 -2.90014539e-02 -1.48299597e-02 -1.32702980e-02 -5.05686551e-03
 -1.05790643e-03 -4.71609848e-04 -9.14951015e-05 -8.88657723e-06
 -7.38506978e-10 -4.07669495e-06  0.00000000e+00  0.00000000e+00
  0.00000000e+00  0.00000000e+00  0.00000000e+00  0.00000000e+00
 -1.04776166e-06 -2.63254378e-06 -1.32028235e-05 -1.54862209e-05
 -5.48129428e-05 -1.90831139e-04 -8.06216616e-04 -3.51503259e-04
 -1.72956963e-03 -1.63365854e-03 -1.55855401e-03 -7.20784301e-04
 -3.74575000e-04 -1.70670729e-03 -4.59127594e-03 -8.37420594e-05
 -2.15959226e-05 -6.01185593e-06 -1.29367636e-05 -2.91100832e-06
  0.00000000e+00  0.00000000e+00  0.00000000e+00  0.00000000e+00]