[[[[0.00353466 0.4697821  0.         0.        ]
   [0.00353466 0.4697821  0.         0.        ]
   [0.00353466 0.4697821  0.         0.        ]
   [0.00353466 0.4697821  0.         0.        ]
   [0.00353466 0.4697821  0.         0.        ]
   [0.00353466 0.4697821  0.         0.        ]
   [0.00353466 0.4697821  0.         0.        ]
   [0.00353466 0.4697821  0.         0.        ]
   [0.00353466 0.4697821  0.         0.        ]
   [0.00353466 0.4697821  0.         0.        ]
   [0.00353466 0.4697821  0.         0.        ]
   [0.00353466 0.4697821  0.         0.        ]
   [0.00353466 0.4697821  0.         0.        ]
   [0.00353466 0.4697821  0.         0.        ]]

  [[0.00353466 0.4697821  0.         0.        ]
   [0.00353466 0.4697821  0.         0.        ]
   [0.00353466 0.4697821  0.         0.        ]
   [0.00353466 0.4697821  0.         0.        ]
   [0.00353466 0.4697821  0.         0.        ]
   [0.00353466 0.4697821  0.         0.        ]
   [0.00353466 0.4697821  0.         0.        ]
   [0.00353466 0.4697821  0.         0.        ]
   [0.00353466 0.4697821  0.         0.        ]
   [0.00353466 0.4697821  0.         0.        ]
   [0.00353466 0.4697821  0.         0.        ]
   [0.00353466 0.4697821  0.         0.        ]
   [0.00353466 0.4697821  0.         0.        ]
   [0.00353466 0.4697821  0.         0.        ]]

  [[0.00353466 0.4697821  0.         0.        ]
   [0.00353466 0.4697821  0.         0.        ]
   [0.00353466 0.4697821  0.         0.        ]
   [0.00353466 0.4697821  0.         0.        ]
   [0.00353466 0.4697821  0.         0.        ]
   [0.00353466 0.4697821  0.         0.        ]
   [0.00353466 0.4697821  0.         0.        ]
   [0.00353466 0.4697821  0.         0.        ]
   [0.00353466 0.4697821  0.         0.        ]
   [0.00353466 0.4697821  0.         0.        ]
   [0.00353466 0.4697821  0.         0.        ]
   [0.00353466 0.4697821  0.         0.        ]
   [0.00353466 0.4697821  0.         0.        ]
   [0.00353466 0.4697821  0.         0.        ]]

  [[0.00353466 0.4697821  0.         0.        ]
   [0.00353466 0.4697821  0.         0.        ]
   [0.00353466 0.4697821  0.         0.        ]
   [0.8519071  0.4697821  0.         0.        ]
   [0.7326764  0.4697821  0.         0.        ]
   [0.27868247 0.4697821  0.         0.        ]
   [0.00353466 0.4697821  0.         0.        ]
   [0.00353466 0.4697821  0.         0.        ]
   [0.00353466 0.4697821  0.         0.        ]
   [0.00353466 0.4697821  0.         0.        ]
   [0.00353466 0.4697821  0.         0.        ]
   [0.00353466 0.4697821  0.         0.        ]
   [0.00353466 0.4697821  0.         0.        ]
   [0.00353466 0.4697821  0.         0.        ]]

  [[0.00353466 0.4697821  0.         0.        ]
   [0.00353466 0.4697821  0.         0.        ]
   [0.00353466 0.4697821  0.         0.        ]
   [1.1683271  0.29143393 0.         0.        ]
   [1.1683271  0.27812436 0.         0.        ]
   [1.1683271  0.03589028 0.         0.        ]
   [1.1683271  0.         0.         0.        ]
   [1.1683271  0.         0.         0.        ]
   [1.1683271  0.         0.         0.        ]
   [1.1683271  0.         0.         0.        ]
   [1.1683271  0.3313626  0.         0.        ]
   [0.00353466 0.4697821  0.         0.        ]
   [0.00353466 0.4697821  0.         0.        ]
   [0.00353466 0.4697821  0.         0.        ]]

  [[0.00353466 0.4697821  0.         0.        ]
   [0.00353466 0.4697821  0.         0.        ]
   [0.00353466 0.4697821  0.         0.        ]
   [0.00353466 0.4697821  0.         0.        ]
   [0.00353466 0.4697821  0.         0.        ]
   [0.08149321 0.4697821  0.         0.        ]
   [0.30619726 0.4697821  0.         0.        ]
   [0.31078303 0.4697821  0.         0.        ]
   [0.31078303 0.4697821  0.         0.        ]
   [1.1637414  0.41388193 0.         0.        ]
   [1.1683271  0.42186767 0.         0.        ]
   [0.00353466 0.4697821  0.         0.        ]
   [0.00353466 0.4697821  0.         0.        ]
   [0.00353466 0.4697821  0.         0.        ]]

  [[0.00353466 0.4697821  0.         0.        ]
   [0.00353466 0.4697821  0.         0.        ]
   [0.00353466 0.4697821  0.         0.        ]
   [0.00353466 0.4697821  0.         0.        ]
   [0.00353466 0.4697821  0.         0.        ]
   [0.00353466 0.4697821  0.         0.        ]
   [0.00353466 0.4697821  0.         0.        ]
   [0.00353466 0.4697821  0.         0.        ]
   [0.5951025  0.4697821  0.         0.        ]
   [1.1729128  0.         0.         0.        ]
   [0.38415578 0.4697821  0.         0.        ]
   [0.00353466 0.4697821  0.         0.        ]
   [0.00353466 0.4697821  0.         0.        ]
   [0.00353466 0.4697821  0.         0.        ]]

  [[0.00353466 0.4697821  0.         0.        ]
   [0.00353466 0.4697821  0.         0.        ]
   [0.00353466 0.4697821  0.         0.        ]
   [0.00353466 0.4697821  0.         0.        ]
   [0.00353466 0.4697821  0.         0.        ]
   [0.00353466 0.4697821  0.         0.        ]
   [0.00353466 0.4697821  0.         0.        ]
   [0.00353466 0.4697821  0.         0.        ]
   [1.1683271  0.31272924 0.         0.        ]
   [1.1683271  0.45647255 0.         0.        ]
   [0.00353466 0.4697821  0.         0.        ]
   [0.00353466 0.4697821  0.         0.        ]
   [0.00353466 0.4697821  0.         0.        ]
   [0.00353466 0.4697821  0.         0.        ]]

  [[0.00353466 0.4697821  0.         0.        ]
   [0.00353466 0.4697821  0.         0.        ]
   [0.00353466 0.4697821  0.         0.        ]
   [0.00353466 0.4697821  0.         0.        ]
   [0.00353466 0.4697821  0.         0.        ]
   [0.00353466 0.4697821  0.         0.        ]
   [0.00353466 0.4697821  0.         0.        ]
   [0.5813451  0.4697821  0.         0.        ]
   [1.1683271  0.         0.         0.        ]
   [0.26951087 0.4697821  0.         0.        ]
   [0.00353466 0.4697821  0.         0.        ]
   [0.00353466 0.4697821  0.         0.        ]
   [0.00353466 0.4697821  0.         0.        ]
   [0.00353466 0.4697821  0.         0.        ]]

  [[0.00353466 0.4697821  0.         0.        ]
   [0.00353466 0.4697821  0.         0.        ]
   [0.00353466 0.4697821  0.         0.        ]
   [0.00353466 0.4697821  0.         0.        ]
   [0.00353466 0.4697821  0.         0.        ]
   [0.00353466 0.4697821  0.         0.        ]
   [0.0906648  0.4697821  0.         0.        ]
   [1.1683271  0.27013862 0.         0.        ]
   [1.104126   0.4697821  0.         0.        ]
   [0.00353466 0.4697821  0.         0.        ]
   [0.00353466 0.4697821  0.         0.        ]
   [0.00353466 0.4697821  0.         0.        ]
   [0.00353466 0.4697821  0.         0.        ]
   [0.00353466 0.4697821  0.         0.        ]]

  [[0.00353466 0.4697821  0.         0.        ]
   [0.00353466 0.4697821  0.         0.        ]
   [0.00353466 0.4697821  0.         0.        ]
   [0.00353466 0.4697821  0.         0.        ]
   [0.00353466 0.4697821  0.         0.        ]
   [0.00353466 0.4697821  0.         0.        ]
   [1.1683271  0.46179637 0.         0.        ]
   [1.1683271  0.2648148  0.         0.        ]
   [0.16403756 0.4697821  0.         0.        ]
   [0.00353466 0.4697821  0.         0.        ]
   [0.00353466 0.4697821  0.         0.        ]
   [0.00353466 0.4697821  0.         0.        ]
   [0.00353466 0.4697821  0.         0.        ]
   [0.00353466 0.4697821  0.         0.        ]]

  [[0.00353466 0.4697821  0.         0.        ]
   [0.00353466 0.4697821  0.         0.        ]
   [0.00353466 0.4697821  0.         0.        ]
   [0.00353466 0.4697821  0.         0.        ]
   [0.00353466 0.4697821  0.         0.        ]
   [0.6134457  0.4697821  0.         0.        ]
   [1.1683271  0.         0.         0.        ]
   [0.5309013  0.4697821  0.         0.        ]
   [0.00353466 0.4697821  0.         0.        ]
   [0.00353466 0.4697821  0.         0.        ]
   [0.00353466 0.4697821  0.         0.        ]
   [0.00353466 0.4697821  0.         0.        ]
   [0.00353466 0.4697821  0.         0.        ]
   [0.00353466 0.4697821  0.         0.        ]]

  [[0.00353466 0.4697821  0.         0.        ]
   [0.00353466 0.4697821  0.         0.        ]
   [0.00353466 0.4697821  0.         0.        ]
   [0.00353466 0.4697821  0.         0.        ]
   [0.00353466 0.4697821  0.         0.        ]
   [1.1683271  0.3074054  0.         0.        ]
   [1.1683271  0.         0.         0.        ]
   [0.24199611 0.4697821  0.         0.        ]
   [0.00353466 0.4697821  0.         0.        ]
   [0.00353466 0.4697821  0.         0.        ]
   [0.00353466 0.4697821  0.         0.        ]
   [0.00353466 0.4697821  0.         0.        ]
   [0.00353466 0.4697821  0.         0.        ]
   [0.00353466 0.4697821  0.         0.        ]]

  [[0.00353466 0.4697821  0.         0.        ]
   [0.00353466 0.4697821  0.         0.        ]
   [0.00353466 0.4697821  0.         0.        ]
   [0.00353466 0.4697821  0.         0.        ]
   [0.00353466 0.4697821  0.         0.        ]
   [1.1683271  0.4697821  0.         0.        ]
   [0.9527947  0.4697821  0.         0.        ]
   [0.00353466 0.4697821  0.         0.        ]
   [0.00353466 0.4697821  0.         0.        ]
   [0.00353466 0.4697821  0.         0.        ]
   [0.00353466 0.4697821  0.         0.        ]
   [0.00353466 0.4697821  0.         0.        ]
   [0.00353466 0.4697821  0.         0.        ]
   [0.00353466 0.4697821  0.         0.        ]]]]