[[[[0.00353466 0.4697821  0.         0.        ]
   [0.00353466 0.4697821  0.         0.        ]
   [0.00353466 0.4697821  0.         0.        ]
   [0.00353466 0.4697821  0.         0.        ]
   [0.00353466 0.4697821  0.         0.        ]
   [0.00353466 0.4697821  0.         0.        ]
   [0.00353466 0.4697821  0.         0.        ]
   [0.00353466 0.4697821  0.         0.        ]
   [0.00353466 0.4697821  0.         0.        ]
   [0.00353466 0.4697821  0.         0.        ]
   [0.00353466 0.4697821  0.         0.        ]
   [0.00353466 0.4697821  0.         0.        ]
   [0.00353466 0.4697821  0.         0.        ]
   [0.00353466 0.4697821  0.         0.        ]
   [0.00353466 0.4697821  0.         0.        ]
   [0.00353466 0.4697821  0.         0.        ]
   [0.00353466 0.4697821  0.         0.        ]
   [0.00353466 0.4697821  0.         0.        ]
   [0.00353466 0.4697821  0.         0.        ]
   [0.00353466 0.4697821  0.         0.        ]
   [0.00353466 0.4697821  0.         0.        ]
   [0.00353466 0.4697821  0.         0.        ]
   [0.00353466 0.4697821  0.         0.        ]
   [0.00353466 0.4697821  0.         0.        ]
   [0.00353466 0.4697821  0.         0.        ]
   [0.00353466 0.4697821  0.         0.        ]
   [0.00353466 0.4697821  0.         0.        ]
   [0.00353466 0.4697821  0.         0.        ]]

  [[0.00353466 0.4697821  0.         0.        ]
   [0.00353466 0.4697821  0.         0.        ]
   [0.00353466 0.4697821  0.         0.        ]
   [0.00353466 0.4697821  0.         0.        ]
   [0.00353466 0.4697821  0.         0.        ]
   [0.00353466 0.4697821  0.         0.        ]
   [0.00353466 0.4697821  0.         0.        ]
   [0.00353466 0.4697821  0.         0.        ]
   [0.00353466 0.4697821  0.         0.        ]
   [0.00353466 0.4697821  0.         0.        ]
   [0.00353466 0.4697821  0.         0.        ]
   [0.00353466 0.4697821  0.         0.        ]
   [0.00353466 0.4697821  0.         0.        ]
   [0.00353466 0.4697821  0.         0.        ]
   [0.00353466 0.4697821  0.         0.        ]
   [0.00353466 0.4697821  0.         0.        ]
   [0.00353466 0.4697821  0.         0.        ]
   [0.00353466 0.4697821  0.         0.        ]
   [0.00353466 0.4697821  0.         0.        ]
   [0.00353466 0.4697821  0.         0.        ]
   [0.00353466 0.4697821  0.         0.        ]
   [0.00353466 0.4697821  0.         0.        ]
   [0.00353466 0.4697821  0.         0.        ]
   [0.00353466 0.4697821  0.         0.        ]
   [0.00353466 0.4697821  0.         0.        ]
   [0.00353466 0.4697821  0.         0.        ]
   [0.00353466 0.4697821  0.         0.        ]
   [0.00353466 0.4697821  0.         0.        ]]

  [[0.00353466 0.4697821  0.         0.        ]
   [0.00353466 0.4697821  0.         0.        ]
   [0.00353466 0.4697821  0.         0.        ]
   [0.00353466 0.4697821  0.         0.        ]
   [0.00353466 0.4697821  0.         0.        ]
   [0.00353466 0.4697821  0.         0.        ]
   [0.00353466 0.4697821  0.         0.        ]
   [0.00353466 0.4697821  0.         0.        ]
   [0.00353466 0.4697821  0.         0.        ]
   [0.00353466 0.4697821  0.         0.        ]
   [0.00353466 0.4697821  0.         0.        ]
   [0.00353466 0.4697821  0.         0.        ]
   [0.00353466 0.4697821  0.         0.        ]
   [0.00353466 0.4697821  0.         0.        ]
   [0.00353466 0.4697821  0.         0.        ]
   [0.00353466 0.4697821  0.         0.        ]
   [0.00353466 0.4697821  0.         0.        ]
   [0.00353466 0.4697821  0.         0.        ]
   [0.00353466 0.4697821  0.         0.        ]
   [0.00353466 0.4697821  0.         0.        ]
   [0.00353466 0.4697821  0.         0.        ]
   [0.00353466 0.4697821  0.         0.        ]
   [0.00353466 0.4697821  0.         0.        ]
   [0.00353466 0.4697821  0.         0.        ]
   [0.00353466 0.4697821  0.         0.        ]
   [0.00353466 0.4697821  0.         0.        ]
   [0.00353466 0.4697821  0.         0.        ]
   [0.00353466 0.4697821  0.         0.        ]]

  [[0.00353466 0.4697821  0.         0.        ]
   [0.00353466 0.4697821  0.         0.        ]
   [0.00353466 0.4697821  0.         0.        ]
   [0.00353466 0.4697821  0.         0.        ]
   [0.00353466 0.4697821  0.         0.        ]
   [0.00353466 0.4697821  0.         0.        ]
   [0.00353466 0.4697821  0.         0.        ]
   [0.00353466 0.4697821  0.         0.        ]
   [0.00353466 0.4697821  0.         0.        ]
   [0.00353466 0.4697821  0.         0.        ]
   [0.00353466 0.4697821  0.         0.        ]
   [0.00353466 0.4697821  0.         0.        ]
   [0.00353466 0.4697821  0.         0.        ]
   [0.00353466 0.4697821  0.         0.        ]
   [0.00353466 0.4697821  0.         0.        ]
   [0.00353466 0.4697821  0.         0.        ]
   [0.00353466 0.4697821  0.         0.        ]
   [0.00353466 0.4697821  0.         0.        ]
   [0.00353466 0.4697821  0.         0.        ]
   [0.00353466 0.4697821  0.         0.        ]
   [0.00353466 0.4697821  0.         0.        ]
   [0.00353466 0.4697821  0.         0.        ]
   [0.00353466 0.4697821  0.         0.        ]
   [0.00353466 0.4697821  0.         0.        ]
   [0.00353466 0.4697821  0.         0.        ]
   [0.00353466 0.4697821  0.         0.        ]
   [0.00353466 0.4697821  0.         0.        ]
   [0.00353466 0.4697821  0.         0.        ]]

  [[0.00353466 0.4697821  0.         0.        ]
   [0.00353466 0.4697821  0.         0.        ]
   [0.00353466 0.4697821  0.         0.        ]
   [0.00353466 0.4697821  0.         0.        ]
   [0.00353466 0.4697821  0.         0.        ]
   [0.00353466 0.4697821  0.         0.        ]
   [0.00353466 0.4697821  0.         0.        ]
   [0.00353466 0.4697821  0.         0.        ]
   [0.00353466 0.4697821  0.         0.        ]
   [0.00353466 0.4697821  0.         0.        ]
   [0.00353466 0.4697821  0.         0.        ]
   [0.00353466 0.4697821  0.         0.        ]
   [0.00353466 0.4697821  0.         0.        ]
   [0.00353466 0.4697821  0.         0.        ]
   [0.00353466 0.4697821  0.         0.        ]
   [0.00353466 0.4697821  0.         0.        ]
   [0.00353466 0.4697821  0.         0.        ]
   [0.00353466 0.4697821  0.         0.        ]
   [0.00353466 0.4697821  0.         0.        ]
   [0.00353466 0.4697821  0.         0.        ]
   [0.00353466 0.4697821  0.         0.        ]
   [0.00353466 0.4697821  0.         0.        ]
   [0.00353466 0.4697821  0.         0.        ]
   [0.00353466 0.4697821  0.         0.        ]
   [0.00353466 0.4697821  0.         0.        ]
   [0.00353466 0.4697821  0.         0.        ]
   [0.00353466 0.4697821  0.         0.        ]
   [0.00353466 0.4697821  0.         0.        ]]

  [[0.00353466 0.4697821  0.         0.        ]
   [0.00353466 0.4697821  0.         0.        ]
   [0.00353466 0.4697821  0.         0.        ]
   [0.00353466 0.4697821  0.         0.        ]
   [0.00353466 0.4697821  0.         0.        ]
   [0.00353466 0.4697821  0.         0.        ]
   [0.00353466 0.4697821  0.         0.        ]
   [0.00353466 0.4697821  0.         0.        ]
   [0.00353466 0.4697821  0.         0.        ]
   [0.00353466 0.4697821  0.         0.        ]
   [0.00353466 0.4697821  0.         0.        ]
   [0.00353466 0.4697821  0.         0.        ]
   [0.00353466 0.4697821  0.         0.        ]
   [0.00353466 0.4697821  0.         0.        ]
   [0.00353466 0.4697821  0.         0.        ]
   [0.00353466 0.4697821  0.         0.        ]
   [0.00353466 0.4697821  0.         0.        ]
   [0.00353466 0.4697821  0.         0.        ]
   [0.00353466 0.4697821  0.         0.        ]
   [0.00353466 0.4697821  0.         0.        ]
   [0.00353466 0.4697821  0.         0.        ]
   [0.00353466 0.4697821  0.         0.        ]
   [0.00353466 0.4697821  0.         0.        ]
   [0.00353466 0.4697821  0.         0.        ]
   [0.00353466 0.4697821  0.         0.        ]
   [0.00353466 0.4697821  0.         0.        ]
   [0.00353466 0.4697821  0.         0.        ]
   [0.00353466 0.4697821  0.         0.        ]]

  [[0.00353466 0.4697821  0.         0.        ]
   [0.00353466 0.4697821  0.         0.        ]
   [0.00353466 0.4697821  0.         0.        ]
   [0.00353466 0.4697821  0.         0.        ]
   [0.00353466 0.4697821  0.         0.        ]
   [0.00353466 0.4697821  0.         0.        ]
   [0.00353466 0.4697821  0.         0.        ]
   [0.00353466 0.4697821  0.         0.        ]
   [0.00353466 0.4697821  0.         0.        ]
   [0.00353466 0.4697821  0.         0.        ]
   [0.00353466 0.4697821  0.         0.        ]
   [0.00353466 0.4697821  0.         0.        ]
   [0.00353466 0.4697821  0.         0.        ]
   [0.00353466 0.4697821  0.         0.        ]
   [0.00353466 0.4697821  0.         0.        ]
   [0.00353466 0.4697821  0.         0.        ]
   [0.00353466 0.4697821  0.         0.        ]
   [0.00353466 0.4697821  0.         0.        ]
   [0.00353466 0.4697821  0.         0.        ]
   [0.00353466 0.4697821  0.         0.        ]
   [0.00353466 0.4697821  0.         0.        ]
   [0.00353466 0.4697821  0.         0.        ]
   [0.00353466 0.4697821  0.         0.        ]
   [0.00353466 0.4697821  0.         0.        ]
   [0.00353466 0.4697821  0.         0.        ]
   [0.00353466 0.4697821  0.         0.        ]
   [0.00353466 0.4697821  0.         0.        ]
   [0.00353466 0.4697821  0.         0.        ]]

  [[0.00353466 0.4697821  0.         0.        ]
   [0.00353466 0.4697821  0.         0.        ]
   [0.00353466 0.4697821  0.         0.        ]
   [0.00353466 0.4697821  0.         0.        ]
   [0.00353466 0.4697821  0.         0.        ]
   [0.00353466 0.4697821  0.         0.        ]
   [0.38874158 0.24618141 0.         0.        ]
   [0.8519071  0.         0.         0.        ]
   [0.7326764  0.04653794 0.         0.        ]
   [0.69599    0.06783321 0.         0.        ]
   [0.27868247 0.31006733 0.         0.        ]
   [0.16862334 0.37395322 0.         0.        ]
   [0.00353466 0.4697821  0.         0.        ]
   [0.00353466 0.4697821  0.         0.        ]
   [0.00353466 0.4697821  0.         0.        ]
   [0.00353466 0.4697821  0.         0.        ]
   [0.00353466 0.4697821  0.         0.        ]
   [0.00353466 0.4697821  0.         0.        ]
   [0.00353466 0.4697821  0.         0.        ]
   [0.00353466 0.4697821  0.         0.        ]
   [0.00353466 0.4697821  0.         0.        ]
   [0.00353466 0.4697821  0.         0.        ]
   [0.00353466 0.4697821  0.         0.        ]
   [0.00353466 0.4697821  0.         0.        ]
   [0.00353466 0.4697821  0.         0.        ]
   [0.00353466 0.4697821  0.         0.        ]
   [0.00353466 0.4697821  0.         0.        ]
   [0.00353466 0.4697821  0.         0.        ]]

  [[0.00353466 0.4697821  0.         0.        ]
   [0.00353466 0.4697821  0.         0.        ]
   [0.00353466 0.4697821  0.         0.        ]
   [0.00353466 0.4697821  0.         0.        ]
   [0.00353466 0.4697821  0.         0.        ]
   [0.00353466 0.4697821  0.         0.        ]
   [1.0215816  0.         0.         0.        ]
   [1.1683271  0.         0.         0.        ]
   [1.1683271  0.         0.         0.        ]
   [1.1683271  0.         0.         0.        ]
   [1.1683271  0.         0.         0.        ]
   [1.1087117  0.         0.         0.        ]
   [0.9115225  0.         0.         0.        ]
   [0.9115225  0.         0.         0.        ]
   [0.9115225  0.         0.         0.        ]
   [0.9115225  0.         0.         0.        ]
   [0.9115225  0.         0.         0.        ]
   [0.9115225  0.         0.         0.        ]
   [0.9115225  0.         0.         0.        ]
   [0.9115225  0.         0.         0.        ]
   [0.78312016 0.01725689 0.         0.        ]
   [0.24199611 0.3313626  0.         0.        ]
   [0.00353466 0.4697821  0.         0.        ]
   [0.00353466 0.4697821  0.         0.        ]
   [0.00353466 0.4697821  0.         0.        ]
   [0.00353466 0.4697821  0.         0.        ]
   [0.00353466 0.4697821  0.         0.        ]
   [0.00353466 0.4697821  0.         0.        ]]

  [[0.00353466 0.4697821  0.         0.        ]
   [0.00353466 0.4697821  0.         0.        ]
   [0.00353466 0.4697821  0.         0.        ]
   [0.00353466 0.4697821  0.         0.        ]
   [0.00353466 0.4697821  0.         0.        ]
   [0.00353466 0.4697821  0.         0.        ]
   [0.31078303 0.29143393 0.         0.        ]
   [0.5263155  0.16632399 0.         0.        ]
   [0.333712   0.27812436 0.         0.        ]
   [0.5263155  0.16632399 0.         0.        ]
   [0.75101954 0.03589028 0.         0.        ]
   [1.0445106  0.         0.         0.        ]
   [1.1683271  0.         0.         0.        ]
   [1.035339   0.         0.         0.        ]
   [1.1683271  0.         0.         0.        ]
   [1.1683271  0.         0.         0.        ]
   [1.1683271  0.         0.         0.        ]
   [1.1499839  0.         0.         0.        ]
   [1.0536822  0.         0.         0.        ]
   [1.1683271  0.         0.         0.        ]
   [1.1683271  0.         0.         0.        ]
   [0.64554626 0.09711426 0.         0.        ]
   [0.00353466 0.4697821  0.         0.        ]
   [0.00353466 0.4697821  0.         0.        ]
   [0.00353466 0.4697821  0.         0.        ]
   [0.00353466 0.4697821  0.         0.        ]
   [0.00353466 0.4697821  0.         0.        ]
   [0.00353466 0.4697821  0.         0.        ]]

  [[0.00353466 0.4697821  0.         0.        ]
   [0.00353466 0.4697821  0.         0.        ]
   [0.00353466 0.4697821  0.         0.        ]
   [0.00353466 0.4697821  0.         0.        ]
   [0.00353466 0.4697821  0.         0.        ]
   [0.00353466 0.4697821  0.         0.        ]
   [0.00353466 0.4697821  0.         0.        ]
   [0.00353466 0.4697821  0.         0.        ]
   [0.00353466 0.4697821  0.         0.        ]
   [0.00353466 0.4697821  0.         0.        ]
   [0.00353466 0.4697821  0.         0.        ]
   [0.08149321 0.42452958 0.         0.        ]
   [0.30619726 0.29409584 0.         0.        ]
   [0.06773582 0.43251532 0.         0.        ]
   [0.31078303 0.29143393 0.         0.        ]
   [0.31078303 0.29143393 0.         0.        ]
   [0.31078303 0.29143393 0.         0.        ]
   [0.27409667 0.31272924 0.         0.        ]
   [0.09983639 0.41388193 0.         0.        ]
   [1.0857828  0.         0.         0.        ]
   [1.1683271  0.         0.         0.        ]
   [0.48962915 0.1876193  0.         0.        ]
   [0.00353466 0.4697821  0.         0.        ]
   [0.00353466 0.4697821  0.         0.        ]
   [0.00353466 0.4697821  0.         0.        ]
   [0.00353466 0.4697821  0.         0.        ]
   [0.00353466 0.4697821  0.         0.        ]
   [0.00353466 0.4697821  0.         0.        ]]

  [[0.00353466 0.4697821  0.         0.        ]
   [0.00353466 0.4697821  0.         0.        ]
   [0.00353466 0.4697821  0.         0.        ]
   [0.00353466 0.4697821  0.         0.        ]
   [0.00353466 0.4697821  0.         0.        ]
   [0.00353466 0.4697821  0.         0.        ]
   [0.00353466 0.4697821  0.         0.        ]
   [0.00353466 0.4697821  0.         0.        ]
   [0.00353466 0.4697821  0.         0.        ]
   [0.00353466 0.4697821  0.         0.        ]
   [0.00353466 0.4697821  0.         0.        ]
   [0.00353466 0.4697821  0.         0.        ]
   [0.00353466 0.4697821  0.         0.        ]
   [0.00353466 0.4697821  0.         0.        ]
   [0.00353466 0.4697821  0.         0.        ]
   [0.00353466 0.4697821  0.         0.        ]
   [0.00353466 0.4697821  0.         0.        ]
   [0.00353466 0.4697821  0.         0.        ]
   [0.38415578 0.24884333 0.         0.        ]
   [1.1637414  0.         0.         0.        ]
   [0.9619663  0.         0.         0.        ]
   [0.086079   0.42186767 0.         0.        ]
   [0.00353466 0.4697821  0.         0.        ]
   [0.00353466 0.4697821  0.         0.        ]
   [0.00353466 0.4697821  0.         0.        ]
   [0.00353466 0.4697821  0.         0.        ]
   [0.00353466 0.4697821  0.         0.        ]
   [0.00353466 0.4697821  0.         0.        ]]

  [[0.00353466 0.4697821  0.         0.        ]
   [0.00353466 0.4697821  0.         0.        ]
   [0.00353466 0.4697821  0.         0.        ]
   [0.00353466 0.4697821  0.         0.        ]
   [0.00353466 0.4697821  0.         0.        ]
   [0.00353466 0.4697821  0.         0.        ]
   [0.00353466 0.4697821  0.         0.        ]
   [0.00353466 0.4697821  0.         0.        ]
   [0.00353466 0.4697821  0.         0.        ]
   [0.00353466 0.4697821  0.         0.        ]
   [0.00353466 0.4697821  0.         0.        ]
   [0.00353466 0.4697821  0.         0.        ]
   [0.00353466 0.4697821  0.         0.        ]
   [0.00353466 0.4697821  0.         0.        ]
   [0.00353466 0.4697821  0.         0.        ]
   [0.00353466 0.4697821  0.         0.        ]
   [0.00353466 0.4697821  0.         0.        ]
   [0.10442219 0.41122    0.         0.        ]
   [1.0720254  0.         0.         0.        ]
   [1.1729128  0.         0.         0.        ]
   [0.38415578 0.24884333 0.         0.        ]
   [0.00353466 0.4697821  0.         0.        ]
   [0.00353466 0.4697821  0.         0.        ]
   [0.00353466 0.4697821  0.         0.        ]
   [0.00353466 0.4697821  0.         0.        ]
   [0.00353466 0.4697821  0.         0.        ]
   [0.00353466 0.4697821  0.         0.        ]
   [0.00353466 0.4697821  0.         0.        ]]

  [[0.00353466 0.4697821  0.         0.        ]
   [0.00353466 0.4697821  0.         0.        ]
   [0.00353466 0.4697821  0.         0.        ]
   [0.00353466 0.4697821  0.         0.        ]
   [0.00353466 0.4697821  0.         0.        ]
   [0.00353466 0.4697821  0.         0.        ]
   [0.00353466 0.4697821  0.         0.        ]
   [0.00353466 0.4697821  0.         0.        ]
   [0.00353466 0.4697821  0.         0.        ]
   [0.00353466 0.4697821  0.         0.        ]
   [0.00353466 0.4697821  0.         0.        ]
   [0.00353466 0.4697821  0.         0.        ]
   [0.00353466 0.4697821  0.         0.        ]
   [0.00353466 0.4697821  0.         0.        ]
   [0.00353466 0.4697821  0.         0.        ]
   [0.00353466 0.4697821  0.         0.        ]
   [0.00353466 0.4697821  0.         0.        ]
   [0.5951025  0.12639531 0.         0.        ]
   [1.1683271  0.         0.         0.        ]
   [1.0949544  0.         0.         0.        ]
   [0.20530972 0.35265794 0.         0.        ]
   [0.00353466 0.4697821  0.         0.        ]
   [0.00353466 0.4697821  0.         0.        ]
   [0.00353466 0.4697821  0.         0.        ]
   [0.00353466 0.4697821  0.         0.        ]
   [0.00353466 0.4697821  0.         0.        ]
   [0.00353466 0.4697821  0.         0.        ]
   [0.00353466 0.4697821  0.         0.        ]]

  [[0.00353466 0.4697821  0.         0.        ]
   [0.00353466 0.4697821  0.         0.        ]
   [0.00353466 0.4697821  0.         0.        ]
   [0.00353466 0.4697821  0.         0.        ]
   [0.00353466 0.4697821  0.         0.        ]
   [0.00353466 0.4697821  0.         0.        ]
   [0.00353466 0.4697821  0.         0.        ]
   [0.00353466 0.4697821  0.         0.        ]
   [0.00353466 0.4697821  0.         0.        ]
   [0.00353466 0.4697821  0.         0.        ]
   [0.00353466 0.4697821  0.         0.        ]
   [0.00353466 0.4697821  0.         0.        ]
   [0.00353466 0.4697821  0.         0.        ]
   [0.00353466 0.4697821  0.         0.        ]
   [0.00353466 0.4697821  0.         0.        ]
   [0.00353466 0.4697821  0.         0.        ]
   [0.27409667 0.31272924 0.         0.        ]
   [1.1453981  0.         0.         0.        ]
   [1.1683271  0.         0.         0.        ]
   [0.28785405 0.3047435  0.         0.        ]
   [0.00353466 0.4697821  0.         0.        ]
   [0.00353466 0.4697821  0.         0.        ]
   [0.00353466 0.4697821  0.         0.        ]
   [0.00353466 0.4697821  0.         0.        ]
   [0.00353466 0.4697821  0.         0.        ]
   [0.00353466 0.4697821  0.         0.        ]
   [0.00353466 0.4697821  0.         0.        ]
   [0.00353466 0.4697821  0.         0.        ]]

  [[0.00353466 0.4697821  0.         0.        ]
   [0.00353466 0.4697821  0.         0.        ]
   [0.00353466 0.4697821  0.         0.        ]
   [0.00353466 0.4697821  0.         0.        ]
   [0.00353466 0.4697821  0.         0.        ]
   [0.00353466 0.4697821  0.         0.        ]
   [0.00353466 0.4697821  0.         0.        ]
   [0.00353466 0.4697821  0.         0.        ]
   [0.00353466 0.4697821  0.         0.        ]
   [0.00353466 0.4697821  0.         0.        ]
   [0.00353466 0.4697821  0.         0.        ]
   [0.00353466 0.4697821  0.         0.        ]
   [0.00353466 0.4697821  0.         0.        ]
   [0.00353466 0.4697821  0.         0.        ]
   [0.00353466 0.4697821  0.         0.        ]
   [0.00353466 0.4697821  0.         0.        ]
   [0.6134457  0.11574766 0.         0.        ]
   [1.1683271  0.         0.         0.        ]
   [0.8610787  0.         0.         0.        ]
   [0.02646364 0.45647255 0.         0.        ]
   [0.00353466 0.4697821  0.         0.        ]
   [0.00353466 0.4697821  0.         0.        ]
   [0.00353466 0.4697821  0.         0.        ]
   [0.00353466 0.4697821  0.         0.        ]
   [0.00353466 0.4697821  0.         0.        ]
   [0.00353466 0.4697821  0.         0.        ]
   [0.00353466 0.4697821  0.         0.        ]
   [0.00353466 0.4697821  0.         0.        ]]

  [[0.00353466 0.4697821  0.         0.        ]
   [0.00353466 0.4697821  0.         0.        ]
   [0.00353466 0.4697821  0.         0.        ]
   [0.00353466 0.4697821  0.         0.        ]
   [0.00353466 0.4697821  0.         0.        ]
   [0.00353466 0.4697821  0.         0.        ]
   [0.00353466 0.4697821  0.         0.        ]
   [0.00353466 0.4697821  0.         0.        ]
   [0.00353466 0.4697821  0.         0.        ]
   [0.00353466 0.4697821  0.         0.        ]
   [0.00353466 0.4697821  0.         0.        ]
   [0.00353466 0.4697821  0.         0.        ]
   [0.00353466 0.4697821  0.         0.        ]
   [0.00353466 0.4697821  0.         0.        ]
   [0.00353466 0.4697821  0.         0.        ]
   [0.04480683 0.4458249  0.         0.        ]
   [0.94362307 0.         0.         0.        ]
   [1.1408123  0.         0.         0.        ]
   [0.26951087 0.31539115 0.         0.        ]
   [0.00353466 0.4697821  0.         0.        ]
   [0.00353466 0.4697821  0.         0.        ]
   [0.00353466 0.4697821  0.         0.        ]
   [0.00353466 0.4697821  0.         0.        ]
   [0.00353466 0.4697821  0.         0.        ]
   [0.00353466 0.4697821  0.         0.        ]
   [0.00353466 0.4697821  0.         0.        ]
   [0.00353466 0.4697821  0.         0.        ]
   [0.00353466 0.4697821  0.         0.        ]]

  [[0.00353466 0.4697821  0.         0.        ]
   [0.00353466 0.4697821  0.         0.        ]
   [0.00353466 0.4697821  0.         0.        ]
   [0.00353466 0.4697821  0.         0.        ]
   [0.00353466 0.4697821  0.         0.        ]
   [0.00353466 0.4697821  0.         0.        ]
   [0.00353466 0.4697821  0.         0.        ]
   [0.00353466 0.4697821  0.         0.        ]
   [0.00353466 0.4697821  0.         0.        ]
   [0.00353466 0.4697821  0.         0.        ]
   [0.00353466 0.4697821  0.         0.        ]
   [0.00353466 0.4697821  0.         0.        ]
   [0.00353466 0.4697821  0.         0.        ]
   [0.00353466 0.4697821  0.         0.        ]
   [0.00353466 0.4697821  0.         0.        ]
   [0.5813451  0.13438106 0.         0.        ]
   [1.1683271  0.         0.         0.        ]
   [0.83814967 0.         0.         0.        ]
   [0.00353466 0.4697821  0.         0.        ]
   [0.00353466 0.4697821  0.         0.        ]
   [0.00353466 0.4697821  0.         0.        ]
   [0.00353466 0.4697821  0.         0.        ]
   [0.00353466 0.4697821  0.         0.        ]
   [0.00353466 0.4697821  0.         0.        ]
   [0.00353466 0.4697821  0.         0.        ]
   [0.00353466 0.4697821  0.         0.        ]
   [0.00353466 0.4697821  0.         0.        ]
   [0.00353466 0.4697821  0.         0.        ]]

  [[0.00353466 0.4697821  0.         0.        ]
   [0.00353466 0.4697821  0.         0.        ]
   [0.00353466 0.4697821  0.         0.        ]
   [0.00353466 0.4697821  0.         0.        ]
   [0.00353466 0.4697821  0.         0.        ]
   [0.00353466 0.4697821  0.         0.        ]
   [0.00353466 0.4697821  0.         0.        ]
   [0.00353466 0.4697821  0.         0.        ]
   [0.00353466 0.4697821  0.         0.        ]
   [0.00353466 0.4697821  0.         0.        ]
   [0.00353466 0.4697821  0.         0.        ]
   [0.00353466 0.4697821  0.         0.        ]
   [0.00353466 0.4697821  0.         0.        ]
   [0.00353466 0.4697821  0.         0.        ]
   [0.34746942 0.27013862 0.         0.        ]
   [1.1545697  0.         0.         0.        ]
   [1.104126   0.         0.         0.        ]
   [0.26492506 0.31805307 0.         0.        ]
   [0.00353466 0.4697821  0.         0.        ]
   [0.00353466 0.4697821  0.         0.        ]
   [0.00353466 0.4697821  0.         0.        ]
   [0.00353466 0.4697821  0.         0.        ]
   [0.00353466 0.4697821  0.         0.        ]
   [0.00353466 0.4697821  0.         0.        ]
   [0.00353466 0.4697821  0.         0.        ]
   [0.00353466 0.4697821  0.         0.        ]
   [0.00353466 0.4697821  0.         0.        ]
   [0.00353466 0.4697821  0.         0.        ]]

  [[0.00353466 0.4697821  0.         0.        ]
   [0.00353466 0.4697821  0.         0.        ]
   [0.00353466 0.4697821  0.         0.        ]
   [0.00353466 0.4697821  0.         0.        ]
   [0.00353466 0.4697821  0.         0.        ]
   [0.00353466 0.4697821  0.         0.        ]
   [0.00353466 0.4697821  0.         0.        ]
   [0.00353466 0.4697821  0.         0.        ]
   [0.00353466 0.4697821  0.         0.        ]
   [0.00353466 0.4697821  0.         0.        ]
   [0.00353466 0.4697821  0.         0.        ]
   [0.00353466 0.4697821  0.         0.        ]
   [0.00353466 0.4697821  0.         0.        ]
   [0.0906648  0.41920575 0.         0.        ]
   [1.0169958  0.         0.         0.        ]
   [1.1683271  0.         0.         0.        ]
   [0.76477695 0.02790454 0.         0.        ]
   [0.00353466 0.4697821  0.         0.        ]
   [0.00353466 0.4697821  0.         0.        ]
   [0.00353466 0.4697821  0.         0.        ]
   [0.00353466 0.4697821  0.         0.        ]
   [0.00353466 0.4697821  0.         0.        ]
   [0.00353466 0.4697821  0.         0.        ]
   [0.00353466 0.4697821  0.         0.        ]
   [0.00353466 0.4697821  0.         0.        ]
   [0.00353466 0.4697821  0.         0.        ]
   [0.00353466 0.4697821  0.         0.        ]
   [0.00353466 0.4697821  0.         0.        ]]

  [[0.00353466 0.4697821  0.         0.        ]
   [0.00353466 0.4697821  0.         0.        ]
   [0.00353466 0.4697821  0.         0.        ]
   [0.00353466 0.4697821  0.         0.        ]
   [0.00353466 0.4697821  0.         0.        ]
   [0.00353466 0.4697821  0.         0.        ]
   [0.00353466 0.4697821  0.         0.        ]
   [0.00353466 0.4697821  0.         0.        ]
   [0.00353466 0.4697821  0.         0.        ]
   [0.00353466 0.4697821  0.         0.        ]
   [0.00353466 0.4697821  0.         0.        ]
   [0.00353466 0.4697821  0.         0.        ]
   [0.01729205 0.46179637 0.         0.        ]
   [0.9344515  0.         0.         0.        ]
   [1.1683271  0.         0.         0.        ]
   [1.0078242  0.         0.         0.        ]
   [0.16403756 0.37661517 0.         0.        ]
   [0.00353466 0.4697821  0.         0.        ]
   [0.00353466 0.4697821  0.         0.        ]
   [0.00353466 0.4697821  0.         0.        ]
   [0.00353466 0.4697821  0.         0.        ]
   [0.00353466 0.4697821  0.         0.        ]
   [0.00353466 0.4697821  0.         0.        ]
   [0.00353466 0.4697821  0.         0.        ]
   [0.00353466 0.4697821  0.         0.        ]
   [0.00353466 0.4697821  0.         0.        ]
   [0.00353466 0.4697821  0.         0.        ]
   [0.00353466 0.4697821  0.         0.        ]]

  [[0.00353466 0.4697821  0.         0.        ]
   [0.00353466 0.4697821  0.         0.        ]
   [0.00353466 0.4697821  0.         0.        ]
   [0.00353466 0.4697821  0.         0.        ]
   [0.00353466 0.4697821  0.         0.        ]
   [0.00353466 0.4697821  0.         0.        ]
   [0.00353466 0.4697821  0.         0.        ]
   [0.00353466 0.4697821  0.         0.        ]
   [0.00353466 0.4697821  0.         0.        ]
   [0.00353466 0.4697821  0.         0.        ]
   [0.00353466 0.4697821  0.         0.        ]
   [0.00353466 0.4697821  0.         0.        ]
   [0.17779495 0.3686294  0.         0.        ]
   [1.1683271  0.         0.         0.        ]
   [1.1683271  0.         0.         0.        ]
   [0.356641   0.2648148  0.         0.        ]
   [0.00353466 0.4697821  0.         0.        ]
   [0.00353466 0.4697821  0.         0.        ]
   [0.00353466 0.4697821  0.         0.        ]
   [0.00353466 0.4697821  0.         0.        ]
   [0.00353466 0.4697821  0.         0.        ]
   [0.00353466 0.4697821  0.         0.        ]
   [0.00353466 0.4697821  0.         0.        ]
   [0.00353466 0.4697821  0.         0.        ]
   [0.00353466 0.4697821  0.         0.        ]
   [0.00353466 0.4697821  0.         0.        ]
   [0.00353466 0.4697821  0.         0.        ]
   [0.00353466 0.4697821  0.         0.        ]]

  [[0.00353466 0.4697821  0.         0.        ]
   [0.00353466 0.4697821  0.         0.        ]
   [0.00353466 0.4697821  0.         0.        ]
   [0.00353466 0.4697821  0.         0.        ]
   [0.00353466 0.4697821  0.         0.        ]
   [0.00353466 0.4697821  0.         0.        ]
   [0.00353466 0.4697821  0.         0.        ]
   [0.00353466 0.4697821  0.         0.        ]
   [0.00353466 0.4697821  0.         0.        ]
   [0.00353466 0.4697821  0.         0.        ]
   [0.00353466 0.4697821  0.         0.        ]
   [0.14569436 0.38726282 0.         0.        ]
   [1.0307533  0.         0.         0.        ]
   [1.1683271  0.         0.         0.        ]
   [0.5309013  0.1636621  0.         0.        ]
   [0.00812045 0.4671202  0.         0.        ]
   [0.00353466 0.4697821  0.         0.        ]
   [0.00353466 0.4697821  0.         0.        ]
   [0.00353466 0.4697821  0.         0.        ]
   [0.00353466 0.4697821  0.         0.        ]
   [0.00353466 0.4697821  0.         0.        ]
   [0.00353466 0.4697821  0.         0.        ]
   [0.00353466 0.4697821  0.         0.        ]
   [0.00353466 0.4697821  0.         0.        ]
   [0.00353466 0.4697821  0.         0.        ]
   [0.00353466 0.4697821  0.         0.        ]
   [0.00353466 0.4697821  0.         0.        ]
   [0.00353466 0.4697821  0.         0.        ]]

  [[0.00353466 0.4697821  0.         0.        ]
   [0.00353466 0.4697821  0.         0.        ]
   [0.00353466 0.4697821  0.         0.        ]
   [0.00353466 0.4697821  0.         0.        ]
   [0.00353466 0.4697821  0.         0.        ]
   [0.00353466 0.4697821  0.         0.        ]
   [0.00353466 0.4697821  0.         0.        ]
   [0.00353466 0.4697821  0.         0.        ]
   [0.00353466 0.4697821  0.         0.        ]
   [0.00353466 0.4697821  0.         0.        ]
   [0.00353466 0.4697821  0.         0.        ]
   [0.6134457  0.11574766 0.         0.        ]
   [1.1683271  0.         0.         0.        ]
   [1.1683271  0.         0.         0.        ]
   [0.24199611 0.3313626  0.         0.        ]
   [0.00353466 0.4697821  0.         0.        ]
   [0.00353466 0.4697821  0.         0.        ]
   [0.00353466 0.4697821  0.         0.        ]
   [0.00353466 0.4697821  0.         0.        ]
   [0.00353466 0.4697821  0.         0.        ]
   [0.00353466 0.4697821  0.         0.        ]
   [0.00353466 0.4697821  0.         0.        ]
   [0.00353466 0.4697821  0.         0.        ]
   [0.00353466 0.4697821  0.         0.        ]
   [0.00353466 0.4697821  0.         0.        ]
   [0.00353466 0.4697821  0.         0.        ]
   [0.00353466 0.4697821  0.         0.        ]
   [0.00353466 0.4697821  0.         0.        ]]

  [[0.00353466 0.4697821  0.         0.        ]
   [0.00353466 0.4697821  0.         0.        ]
   [0.00353466 0.4697821  0.         0.        ]
   [0.00353466 0.4697821  0.         0.        ]
   [0.00353466 0.4697821  0.         0.        ]
   [0.00353466 0.4697821  0.         0.        ]
   [0.00353466 0.4697821  0.         0.        ]
   [0.00353466 0.4697821  0.         0.        ]
   [0.00353466 0.4697821  0.         0.        ]
   [0.00353466 0.4697821  0.         0.        ]
   [0.28326827 0.3074054  0.         0.        ]
   [1.1132976  0.         0.         0.        ]
   [1.1683271  0.         0.         0.        ]
   [1.1683271  0.         0.         0.        ]
   [0.24199611 0.3313626  0.         0.        ]
   [0.00353466 0.4697821  0.         0.        ]
   [0.00353466 0.4697821  0.         0.        ]
   [0.00353466 0.4697821  0.         0.        ]
   [0.00353466 0.4697821  0.         0.        ]
   [0.00353466 0.4697821  0.         0.        ]
   [0.00353466 0.4697821  0.         0.        ]
   [0.00353466 0.4697821  0.         0.        ]
   [0.00353466 0.4697821  0.         0.        ]
   [0.00353466 0.4697821  0.         0.        ]
   [0.00353466 0.4697821  0.         0.        ]
   [0.00353466 0.4697821  0.         0.        ]
   [0.00353466 0.4697821  0.         0.        ]
   [0.00353466 0.4697821  0.         0.        ]]

  [[0.00353466 0.4697821  0.         0.        ]
   [0.00353466 0.4697821  0.         0.        ]
   [0.00353466 0.4697821  0.         0.        ]
   [0.00353466 0.4697821  0.         0.        ]
   [0.00353466 0.4697821  0.         0.        ]
   [0.00353466 0.4697821  0.         0.        ]
   [0.00353466 0.4697821  0.         0.        ]
   [0.00353466 0.4697821  0.         0.        ]
   [0.00353466 0.4697821  0.         0.        ]
   [0.00353466 0.4697821  0.         0.        ]
   [0.5584161  0.14769062 0.         0.        ]
   [1.1683271  0.         0.         0.        ]
   [1.1683271  0.         0.         0.        ]
   [1.0078242  0.         0.         0.        ]
   [0.18696654 0.3633056  0.         0.        ]
   [0.00353466 0.4697821  0.         0.        ]
   [0.00353466 0.4697821  0.         0.        ]
   [0.00353466 0.4697821  0.         0.        ]
   [0.00353466 0.4697821  0.         0.        ]
   [0.00353466 0.4697821  0.         0.        ]
   [0.00353466 0.4697821  0.         0.        ]
   [0.00353466 0.4697821  0.         0.        ]
   [0.00353466 0.4697821  0.         0.        ]
   [0.00353466 0.4697821  0.         0.        ]
   [0.00353466 0.4697821  0.         0.        ]
   [0.00353466 0.4697821  0.         0.        ]
   [0.00353466 0.4697821  0.         0.        ]
   [0.00353466 0.4697821  0.         0.        ]]

  [[0.00353466 0.4697821  0.         0.        ]
   [0.00353466 0.4697821  0.         0.        ]
   [0.00353466 0.4697821  0.         0.        ]
   [0.00353466 0.4697821  0.         0.        ]
   [0.00353466 0.4697821  0.         0.        ]
   [0.00353466 0.4697821  0.         0.        ]
   [0.00353466 0.4697821  0.         0.        ]
   [0.00353466 0.4697821  0.         0.        ]
   [0.00353466 0.4697821  0.         0.        ]
   [0.00353466 0.4697821  0.         0.        ]
   [0.5584161  0.14769062 0.         0.        ]
   [1.1683271  0.         0.         0.        ]
   [0.9527947  0.         0.         0.        ]
   [0.086079   0.42186767 0.         0.        ]
   [0.00353466 0.4697821  0.         0.        ]
   [0.00353466 0.4697821  0.         0.        ]
   [0.00353466 0.4697821  0.         0.        ]
   [0.00353466 0.4697821  0.         0.        ]
   [0.00353466 0.4697821  0.         0.        ]
   [0.00353466 0.4697821  0.         0.        ]
   [0.00353466 0.4697821  0.         0.        ]
   [0.00353466 0.4697821  0.         0.        ]
   [0.00353466 0.4697821  0.         0.        ]
   [0.00353466 0.4697821  0.         0.        ]
   [0.00353466 0.4697821  0.         0.        ]
   [0.00353466 0.4697821  0.         0.        ]
   [0.00353466 0.4697821  0.         0.        ]
   [0.00353466 0.4697821  0.         0.        ]]

  [[0.00353466 0.4697821  0.         0.        ]
   [0.00353466 0.4697821  0.         0.        ]
   [0.00353466 0.4697821  0.         0.        ]
   [0.00353466 0.4697821  0.         0.        ]
   [0.00353466 0.4697821  0.         0.        ]
   [0.00353466 0.4697821  0.         0.        ]
   [0.00353466 0.4697821  0.         0.        ]
   [0.00353466 0.4697821  0.         0.        ]
   [0.00353466 0.4697821  0.         0.        ]
   [0.00353466 0.4697821  0.         0.        ]
   [0.00353466 0.4697821  0.         0.        ]
   [0.00353466 0.4697821  0.         0.        ]
   [0.00353466 0.4697821  0.         0.        ]
   [0.00353466 0.4697821  0.         0.        ]
   [0.00353466 0.4697821  0.         0.        ]
   [0.00353466 0.4697821  0.         0.        ]
   [0.00353466 0.4697821  0.         0.        ]
   [0.00353466 0.4697821  0.         0.        ]
   [0.00353466 0.4697821  0.         0.        ]
   [0.00353466 0.4697821  0.         0.        ]
   [0.00353466 0.4697821  0.         0.        ]
   [0.00353466 0.4697821  0.         0.        ]
   [0.00353466 0.4697821  0.         0.        ]
   [0.00353466 0.4697821  0.         0.        ]
   [0.00353466 0.4697821  0.         0.        ]
   [0.00353466 0.4697821  0.         0.        ]
   [0.00353466 0.4697821  0.         0.        ]
   [0.00353466 0.4697821  0.         0.        ]]]]