[[[[ 0.00000000e+00  0.00000000e+00  0.00000000e+00  0.00000000e+00]
   [ 0.00000000e+00  0.00000000e+00  0.00000000e+00  0.00000000e+00]
   [ 0.00000000e+00  0.00000000e+00  0.00000000e+00  0.00000000e+00]
   [ 0.00000000e+00  0.00000000e+00  0.00000000e+00  0.00000000e+00]
   [ 0.00000000e+00  0.00000000e+00  0.00000000e+00  0.00000000e+00]
   [ 0.00000000e+00  0.00000000e+00  0.00000000e+00  0.00000000e+00]
   [ 0.00000000e+00  0.00000000e+00  0.00000000e+00  0.00000000e+00]
   [ 0.00000000e+00  0.00000000e+00  0.00000000e+00  0.00000000e+00]
   [ 0.00000000e+00  0.00000000e+00  0.00000000e+00  0.00000000e+00]
   [ 0.00000000e+00  0.00000000e+00  0.00000000e+00  0.00000000e+00]
   [ 0.00000000e+00  0.00000000e+00  0.00000000e+00  0.00000000e+00]
   [ 0.00000000e+00  0.00000000e+00  0.00000000e+00  0.00000000e+00]
   [ 0.00000000e+00  0.00000000e+00  0.00000000e+00  0.00000000e+00]
   [ 0.00000000e+00  0.00000000e+00  0.00000000e+00  0.00000000e+00]
   [ 0.00000000e+00  0.00000000e+00  0.00000000e+00  0.00000000e+00]
   [ 0.00000000e+00  0.00000000e+00  0.00000000e+00  0.00000000e+00]
   [ 0.00000000e+00  0.00000000e+00  0.00000000e+00  0.00000000e+00]
   [ 0.00000000e+00  0.00000000e+00  0.00000000e+00  0.00000000e+00]
   [ 0.00000000e+00  0.00000000e+00  0.00000000e+00  0.00000000e+00]
   [ 0.00000000e+00  0.00000000e+00  0.00000000e+00  0.00000000e+00]
   [ 0.00000000e+00  0.00000000e+00  0.00000000e+00  0.00000000e+00]
   [ 0.00000000e+00  0.00000000e+00  0.00000000e+00  0.00000000e+00]
   [ 0.00000000e+00  0.00000000e+00  0.00000000e+00  0.00000000e+00]
   [ 0.00000000e+00  0.00000000e+00  0.00000000e+00  0.00000000e+00]
   [ 0.00000000e+00  0.00000000e+00  0.00000000e+00  0.00000000e+00]
   [ 0.00000000e+00  0.00000000e+00  0.00000000e+00  0.00000000e+00]
   [ 0.00000000e+00  0.00000000e+00  0.00000000e+00  0.00000000e+00]
   [ 0.00000000e+00  0.00000000e+00  0.00000000e+00  0.00000000e+00]]

  [[ 0.00000000e+00  0.00000000e+00  0.00000000e+00  0.00000000e+00]
   [ 0.00000000e+00  0.00000000e+00  0.00000000e+00  0.00000000e+00]
   [ 0.00000000e+00  0.00000000e+00  0.00000000e+00  0.00000000e+00]
   [ 0.00000000e+00  0.00000000e+00  0.00000000e+00  0.00000000e+00]
   [ 0.00000000e+00  0.00000000e+00  0.00000000e+00  0.00000000e+00]
   [ 0.00000000e+00  0.00000000e+00  0.00000000e+00  0.00000000e+00]
   [ 0.00000000e+00  0.00000000e+00  0.00000000e+00  0.00000000e+00]
   [ 0.00000000e+00  0.00000000e+00  0.00000000e+00  0.00000000e+00]
   [ 0.00000000e+00  0.00000000e+00  0.00000000e+00  0.00000000e+00]
   [ 0.00000000e+00  0.00000000e+00  0.00000000e+00  0.00000000e+00]
   [ 0.00000000e+00  0.00000000e+00  0.00000000e+00  0.00000000e+00]
   [ 0.00000000e+00  0.00000000e+00  0.00000000e+00  0.00000000e+00]
   [ 0.00000000e+00  0.00000000e+00  0.00000000e+00  0.00000000e+00]
   [ 0.00000000e+00  0.00000000e+00  0.00000000e+00  0.00000000e+00]
   [ 0.00000000e+00  0.00000000e+00  0.00000000e+00  0.00000000e+00]
   [ 0.00000000e+00  0.00000000e+00  0.00000000e+00  0.00000000e+00]
   [ 0.00000000e+00  0.00000000e+00  0.00000000e+00  0.00000000e+00]
   [ 0.00000000e+00  0.00000000e+00  0.00000000e+00  0.00000000e+00]
   [ 0.00000000e+00  0.00000000e+00  0.00000000e+00  0.00000000e+00]
   [ 0.00000000e+00  0.00000000e+00  0.00000000e+00  0.00000000e+00]
   [ 0.00000000e+00  0.00000000e+00  0.00000000e+00  0.00000000e+00]
   [ 0.00000000e+00  0.00000000e+00  0.00000000e+00  0.00000000e+00]
   [ 0.00000000e+00  0.00000000e+00  0.00000000e+00  0.00000000e+00]
   [ 0.00000000e+00  0.00000000e+00  0.00000000e+00  0.00000000e+00]
   [ 0.00000000e+00  0.00000000e+00  0.00000000e+00  0.00000000e+00]
   [ 0.00000000e+00  0.00000000e+00  0.00000000e+00  0.00000000e+00]
   [ 0.00000000e+00  0.00000000e+00  0.00000000e+00  0.00000000e+00]
   [ 0.00000000e+00  0.00000000e+00  0.00000000e+00  0.00000000e+00]]

  [[ 0.00000000e+00  0.00000000e+00  0.00000000e+00  0.00000000e+00]
   [ 0.00000000e+00  0.00000000e+00  0.00000000e+00  0.00000000e+00]
   [ 0.00000000e+00  0.00000000e+00  0.00000000e+00  0.00000000e+00]
   [ 0.00000000e+00  0.00000000e+00  0.00000000e+00  0.00000000e+00]
   [ 0.00000000e+00  0.00000000e+00  0.00000000e+00  0.00000000e+00]
   [ 0.00000000e+00  0.00000000e+00  0.00000000e+00  0.00000000e+00]
   [ 0.00000000e+00  0.00000000e+00  0.00000000e+00  0.00000000e+00]
   [ 0.00000000e+00  0.00000000e+00  0.00000000e+00  0.00000000e+00]
   [ 0.00000000e+00  0.00000000e+00  0.00000000e+00  0.00000000e+00]
   [ 0.00000000e+00  0.00000000e+00  0.00000000e+00  0.00000000e+00]
   [ 0.00000000e+00  0.00000000e+00  0.00000000e+00  0.00000000e+00]
   [ 0.00000000e+00  0.00000000e+00  0.00000000e+00  0.00000000e+00]
   [ 0.00000000e+00  0.00000000e+00  0.00000000e+00  0.00000000e+00]
   [ 0.00000000e+00  0.00000000e+00  0.00000000e+00  0.00000000e+00]
   [ 0.00000000e+00  0.00000000e+00  0.00000000e+00  0.00000000e+00]
   [ 0.00000000e+00  0.00000000e+00  0.00000000e+00  0.00000000e+00]
   [ 0.00000000e+00  0.00000000e+00  0.00000000e+00  0.00000000e+00]
   [ 0.00000000e+00  0.00000000e+00  0.00000000e+00  0.00000000e+00]
   [ 0.00000000e+00  0.00000000e+00  0.00000000e+00  0.00000000e+00]
   [ 0.00000000e+00  0.00000000e+00  0.00000000e+00  0.00000000e+00]
   [ 0.00000000e+00  0.00000000e+00  0.00000000e+00  0.00000000e+00]
   [ 0.00000000e+00  0.00000000e+00  0.00000000e+00  0.00000000e+00]
   [ 0.00000000e+00  0.00000000e+00  0.00000000e+00  0.00000000e+00]
   [ 0.00000000e+00  0.00000000e+00  0.00000000e+00  0.00000000e+00]
   [ 0.00000000e+00  0.00000000e+00  0.00000000e+00  0.00000000e+00]
   [ 0.00000000e+00  0.00000000e+00  0.00000000e+00  0.00000000e+00]
   [ 0.00000000e+00  0.00000000e+00  0.00000000e+00  0.00000000e+00]
   [ 0.00000000e+00  0.00000000e+00  0.00000000e+00  0.00000000e+00]]

  [[ 0.00000000e+00  0.00000000e+00  0.00000000e+00  0.00000000e+00]
   [ 0.00000000e+00  0.00000000e+00  0.00000000e+00  0.00000000e+00]
   [ 0.00000000e+00  0.00000000e+00  0.00000000e+00  0.00000000e+00]
   [ 0.00000000e+00  0.00000000e+00  0.00000000e+00  0.00000000e+00]
   [ 0.00000000e+00  0.00000000e+00  0.00000000e+00  0.00000000e+00]
   [ 0.00000000e+00  0.00000000e+00  0.00000000e+00  0.00000000e+00]
   [ 0.00000000e+00  0.00000000e+00  0.00000000e+00  0.00000000e+00]
   [ 0.00000000e+00  0.00000000e+00  0.00000000e+00  0.00000000e+00]
   [ 0.00000000e+00  0.00000000e+00  0.00000000e+00  0.00000000e+00]
   [ 0.00000000e+00  0.00000000e+00  0.00000000e+00  0.00000000e+00]
   [ 0.00000000e+00  0.00000000e+00  0.00000000e+00  0.00000000e+00]
   [ 0.00000000e+00  0.00000000e+00  0.00000000e+00  0.00000000e+00]
   [ 0.00000000e+00  0.00000000e+00  0.00000000e+00  0.00000000e+00]
   [ 0.00000000e+00  0.00000000e+00  0.00000000e+00  0.00000000e+00]
   [ 0.00000000e+00  0.00000000e+00  0.00000000e+00  0.00000000e+00]
   [ 0.00000000e+00  0.00000000e+00  0.00000000e+00  0.00000000e+00]
   [ 0.00000000e+00  0.00000000e+00  0.00000000e+00  0.00000000e+00]
   [ 0.00000000e+00  0.00000000e+00  0.00000000e+00  0.00000000e+00]
   [ 0.00000000e+00  0.00000000e+00  0.00000000e+00  0.00000000e+00]
   [ 0.00000000e+00  0.00000000e+00  0.00000000e+00  0.00000000e+00]
   [ 0.00000000e+00  0.00000000e+00  0.00000000e+00  0.00000000e+00]
   [ 0.00000000e+00  0.00000000e+00  0.00000000e+00  0.00000000e+00]
   [ 0.00000000e+00  0.00000000e+00  0.00000000e+00  0.00000000e+00]
   [ 0.00000000e+00  0.00000000e+00  0.00000000e+00  0.00000000e+00]
   [ 0.00000000e+00  0.00000000e+00  0.00000000e+00  0.00000000e+00]
   [ 0.00000000e+00  0.00000000e+00  0.00000000e+00  0.00000000e+00]
   [ 0.00000000e+00  0.00000000e+00  0.00000000e+00  0.00000000e+00]
   [ 0.00000000e+00  0.00000000e+00  0.00000000e+00  0.00000000e+00]]

  [[ 0.00000000e+00  0.00000000e+00  0.00000000e+00  0.00000000e+00]
   [ 0.00000000e+00  0.00000000e+00  0.00000000e+00  0.00000000e+00]
   [ 0.00000000e+00  0.00000000e+00  0.00000000e+00  0.00000000e+00]
   [ 0.00000000e+00  0.00000000e+00  0.00000000e+00  0.00000000e+00]
   [ 0.00000000e+00  0.00000000e+00  0.00000000e+00  0.00000000e+00]
   [ 0.00000000e+00  0.00000000e+00  0.00000000e+00  0.00000000e+00]
   [ 0.00000000e+00  0.00000000e+00  0.00000000e+00  0.00000000e+00]
   [ 0.00000000e+00  0.00000000e+00  0.00000000e+00  0.00000000e+00]
   [ 0.00000000e+00  0.00000000e+00  0.00000000e+00  0.00000000e+00]
   [ 0.00000000e+00  0.00000000e+00  0.00000000e+00  0.00000000e+00]
   [ 0.00000000e+00  0.00000000e+00  0.00000000e+00  0.00000000e+00]
   [ 0.00000000e+00  0.00000000e+00  0.00000000e+00  0.00000000e+00]
   [ 0.00000000e+00  0.00000000e+00  0.00000000e+00  0.00000000e+00]
   [ 0.00000000e+00  0.00000000e+00  0.00000000e+00  0.00000000e+00]
   [ 0.00000000e+00  0.00000000e+00  0.00000000e+00  0.00000000e+00]
   [ 0.00000000e+00  0.00000000e+00  0.00000000e+00  0.00000000e+00]
   [ 0.00000000e+00  0.00000000e+00  0.00000000e+00  0.00000000e+00]
   [ 0.00000000e+00  0.00000000e+00  0.00000000e+00  0.00000000e+00]
   [ 0.00000000e+00  0.00000000e+00  0.00000000e+00  0.00000000e+00]
   [ 0.00000000e+00  0.00000000e+00  0.00000000e+00  0.00000000e+00]
   [ 0.00000000e+00  0.00000000e+00  0.00000000e+00  0.00000000e+00]
   [ 0.00000000e+00  0.00000000e+00  0.00000000e+00  0.00000000e+00]
   [ 0.00000000e+00  0.00000000e+00  0.00000000e+00  0.00000000e+00]
   [ 0.00000000e+00  0.00000000e+00  0.00000000e+00  0.00000000e+00]
   [ 0.00000000e+00  0.00000000e+00  0.00000000e+00  0.00000000e+00]
   [ 0.00000000e+00  0.00000000e+00  0.00000000e+00  0.00000000e+00]
   [ 0.00000000e+00  0.00000000e+00  0.00000000e+00  0.00000000e+00]
   [ 0.00000000e+00  0.00000000e+00  0.00000000e+00  0.00000000e+00]]

  [[ 0.00000000e+00  0.00000000e+00  0.00000000e+00  0.00000000e+00]
   [ 0.00000000e+00  0.00000000e+00  0.00000000e+00  0.00000000e+00]
   [ 0.00000000e+00  0.00000000e+00  0.00000000e+00  0.00000000e+00]
   [ 0.00000000e+00  0.00000000e+00  0.00000000e+00  0.00000000e+00]
   [ 0.00000000e+00  0.00000000e+00  0.00000000e+00  0.00000000e+00]
   [ 0.00000000e+00  0.00000000e+00  0.00000000e+00  0.00000000e+00]
   [ 0.00000000e+00  0.00000000e+00  0.00000000e+00  0.00000000e+00]
   [ 0.00000000e+00  0.00000000e+00  0.00000000e+00  0.00000000e+00]
   [ 0.00000000e+00  0.00000000e+00  0.00000000e+00  0.00000000e+00]
   [ 0.00000000e+00  0.00000000e+00  0.00000000e+00  0.00000000e+00]
   [ 0.00000000e+00  0.00000000e+00  0.00000000e+00  0.00000000e+00]
   [ 0.00000000e+00  0.00000000e+00  0.00000000e+00  0.00000000e+00]
   [ 0.00000000e+00  0.00000000e+00  0.00000000e+00  0.00000000e+00]
   [ 0.00000000e+00  0.00000000e+00  0.00000000e+00  0.00000000e+00]
   [ 0.00000000e+00  0.00000000e+00  0.00000000e+00  0.00000000e+00]
   [ 0.00000000e+00  0.00000000e+00  0.00000000e+00  0.00000000e+00]
   [ 0.00000000e+00  0.00000000e+00  0.00000000e+00  0.00000000e+00]
   [ 0.00000000e+00  0.00000000e+00  0.00000000e+00  0.00000000e+00]
   [ 0.00000000e+00  0.00000000e+00  0.00000000e+00  0.00000000e+00]
   [ 0.00000000e+00  0.00000000e+00  0.00000000e+00  0.00000000e+00]
   [ 0.00000000e+00  0.00000000e+00  0.00000000e+00  0.00000000e+00]
   [ 0.00000000e+00  0.00000000e+00  0.00000000e+00  0.00000000e+00]
   [ 0.00000000e+00  0.00000000e+00  0.00000000e+00  0.00000000e+00]
   [ 0.00000000e+00  0.00000000e+00  0.00000000e+00  0.00000000e+00]
   [ 0.00000000e+00  0.00000000e+00  0.00000000e+00  0.00000000e+00]
   [ 0.00000000e+00  0.00000000e+00  0.00000000e+00  0.00000000e+00]
   [ 0.00000000e+00  0.00000000e+00  0.00000000e+00  0.00000000e+00]
   [ 0.00000000e+00  0.00000000e+00  0.00000000e+00  0.00000000e+00]]

  [[ 0.00000000e+00  0.00000000e+00  0.00000000e+00  0.00000000e+00]
   [ 0.00000000e+00  0.00000000e+00  0.00000000e+00  0.00000000e+00]
   [ 0.00000000e+00  0.00000000e+00  0.00000000e+00  0.00000000e+00]
   [ 0.00000000e+00  0.00000000e+00  0.00000000e+00  0.00000000e+00]
   [ 0.00000000e+00  0.00000000e+00  0.00000000e+00  0.00000000e+00]
   [ 0.00000000e+00  0.00000000e+00  0.00000000e+00  0.00000000e+00]
   [ 0.00000000e+00  0.00000000e+00  0.00000000e+00  0.00000000e+00]
   [ 0.00000000e+00  0.00000000e+00  0.00000000e+00  0.00000000e+00]
   [ 0.00000000e+00  0.00000000e+00  0.00000000e+00  0.00000000e+00]
   [ 0.00000000e+00  0.00000000e+00  0.00000000e+00  0.00000000e+00]
   [ 0.00000000e+00  0.00000000e+00  0.00000000e+00  0.00000000e+00]
   [ 0.00000000e+00  0.00000000e+00  0.00000000e+00  0.00000000e+00]
   [ 0.00000000e+00  0.00000000e+00  0.00000000e+00  0.00000000e+00]
   [ 0.00000000e+00  0.00000000e+00  0.00000000e+00  0.00000000e+00]
   [ 0.00000000e+00  0.00000000e+00  0.00000000e+00  0.00000000e+00]
   [ 0.00000000e+00  0.00000000e+00  0.00000000e+00  0.00000000e+00]
   [ 0.00000000e+00  0.00000000e+00  0.00000000e+00  0.00000000e+00]
   [ 0.00000000e+00  0.00000000e+00  0.00000000e+00  0.00000000e+00]
   [ 0.00000000e+00  0.00000000e+00  0.00000000e+00  0.00000000e+00]
   [ 0.00000000e+00  0.00000000e+00  0.00000000e+00  0.00000000e+00]
   [ 0.00000000e+00  0.00000000e+00  0.00000000e+00  0.00000000e+00]
   [ 0.00000000e+00  0.00000000e+00  0.00000000e+00  0.00000000e+00]
   [ 0.00000000e+00  0.00000000e+00  0.00000000e+00  0.00000000e+00]
   [ 0.00000000e+00  0.00000000e+00  0.00000000e+00  0.00000000e+00]
   [ 0.00000000e+00  0.00000000e+00  0.00000000e+00  0.00000000e+00]
   [ 0.00000000e+00  0.00000000e+00  0.00000000e+00  0.00000000e+00]
   [ 0.00000000e+00  0.00000000e+00  0.00000000e+00  0.00000000e+00]
   [ 0.00000000e+00  0.00000000e+00  0.00000000e+00  0.00000000e+00]]

  [[ 0.00000000e+00  0.00000000e+00  0.00000000e+00  0.00000000e+00]
   [ 0.00000000e+00  0.00000000e+00  0.00000000e+00  0.00000000e+00]
   [ 0.00000000e+00  0.00000000e+00  0.00000000e+00  0.00000000e+00]
   [ 0.00000000e+00  0.00000000e+00  0.00000000e+00  0.00000000e+00]
   [ 0.00000000e+00  0.00000000e+00  0.00000000e+00  0.00000000e+00]
   [ 0.00000000e+00  0.00000000e+00  0.00000000e+00  0.00000000e+00]
   [ 3.85206938e-01 -2.23600700e-01 -4.40095849e-02  4.67653805e-03]
   [ 8.48372400e-01 -4.92453933e-01 -9.69258696e-02  1.02995178e-02]
   [ 7.29141712e-01 -4.23244178e-01 -8.33038539e-02  8.85201804e-03]
   [ 6.92455351e-01 -4.01948899e-01 -7.91124701e-02  8.40663351e-03]
   [ 2.75147825e-01 -1.59714788e-01 -3.14354189e-02  3.34038422e-03]
   [ 1.65088683e-01 -9.58288759e-02 -1.88612510e-02  2.00423063e-03]
   [ 0.00000000e+00  0.00000000e+00  0.00000000e+00  0.00000000e+00]
   [ 0.00000000e+00  0.00000000e+00  0.00000000e+00  0.00000000e+00]
   [ 0.00000000e+00  0.00000000e+00  0.00000000e+00  0.00000000e+00]
   [ 0.00000000e+00  0.00000000e+00  0.00000000e+00  0.00000000e+00]
   [ 0.00000000e+00  0.00000000e+00  0.00000000e+00  0.00000000e+00]
   [ 0.00000000e+00  0.00000000e+00  0.00000000e+00  0.00000000e+00]
   [ 0.00000000e+00  0.00000000e+00  0.00000000e+00  0.00000000e+00]
   [ 0.00000000e+00  0.00000000e+00  0.00000000e+00  0.00000000e+00]
   [ 0.00000000e+00  0.00000000e+00  0.00000000e+00  0.00000000e+00]
   [ 0.00000000e+00  0.00000000e+00  0.00000000e+00  0.00000000e+00]
   [ 0.00000000e+00  0.00000000e+00  0.00000000e+00  0.00000000e+00]
   [ 0.00000000e+00  0.00000000e+00  0.00000000e+00  0.00000000e+00]
   [ 0.00000000e+00  0.00000000e+00  0.00000000e+00  0.00000000e+00]
   [ 0.00000000e+00  0.00000000e+00  0.00000000e+00  0.00000000e+00]
   [ 0.00000000e+00  0.00000000e+00  0.00000000e+00  0.00000000e+00]
   [ 0.00000000e+00  0.00000000e+00  0.00000000e+00  0.00000000e+00]]

  [[ 0.00000000e+00  0.00000000e+00  0.00000000e+00  0.00000000e+00]
   [ 0.00000000e+00  0.00000000e+00  0.00000000e+00  0.00000000e+00]
   [ 0.00000000e+00  0.00000000e+00  0.00000000e+00  0.00000000e+00]
   [ 0.00000000e+00  0.00000000e+00  0.00000000e+00  0.00000000e+00]
   [ 0.00000000e+00  0.00000000e+00  0.00000000e+00  0.00000000e+00]
   [ 0.00000000e+00  0.00000000e+00  0.00000000e+00  0.00000000e+00]
   [ 1.01804698e+00 -5.90944767e-01 -1.16311051e-01  1.23594217e-02]
   [ 1.16479242e+00 -6.76125944e-01 -1.33076608e-01  1.41409598e-02]
   [ 1.16479242e+00 -6.76125944e-01 -1.33076608e-01  1.41409598e-02]
   [ 1.16479242e+00 -6.76125944e-01 -1.33076608e-01  1.41409598e-02]
   [ 1.16479242e+00 -6.76125944e-01 -1.33076608e-01  1.41409598e-02]
   [ 1.10517704e+00 -6.41521096e-01 -1.26265600e-01  1.34172104e-02]
   [ 9.07987833e-01 -5.27058840e-01 -1.03736885e-01  1.10232681e-02]
   [ 9.07987833e-01 -5.27058840e-01 -1.03736885e-01  1.10232681e-02]
   [ 9.07987833e-01 -5.27058840e-01 -1.03736885e-01  1.10232681e-02]
   [ 9.07987833e-01 -5.27058840e-01 -1.03736885e-01  1.10232681e-02]
   [ 9.07987833e-01 -5.27058840e-01 -1.03736885e-01  1.10232681e-02]
   [ 9.07987833e-01 -5.27058840e-01 -1.03736885e-01  1.10232681e-02]
   [ 9.07987833e-01 -5.27058840e-01 -1.03736885e-01  1.10232681e-02]
   [ 9.07987833e-01 -5.27058840e-01 -1.03736885e-01  1.10232681e-02]
   [ 7.79585481e-01 -4.52525228e-01 -8.90670121e-02  9.46442224e-03]
   [ 2.38461450e-01 -1.38419494e-01 -2.72440296e-02  2.89499969e-03]
   [ 0.00000000e+00  0.00000000e+00  0.00000000e+00  0.00000000e+00]
   [ 0.00000000e+00  0.00000000e+00  0.00000000e+00  0.00000000e+00]
   [ 0.00000000e+00  0.00000000e+00  0.00000000e+00  0.00000000e+00]
   [ 0.00000000e+00  0.00000000e+00  0.00000000e+00  0.00000000e+00]
   [ 0.00000000e+00  0.00000000e+00  0.00000000e+00  0.00000000e+00]
   [ 0.00000000e+00  0.00000000e+00  0.00000000e+00  0.00000000e+00]]

  [[ 0.00000000e+00  0.00000000e+00  0.00000000e+00  0.00000000e+00]
   [ 0.00000000e+00  0.00000000e+00  0.00000000e+00  0.00000000e+00]
   [ 0.00000000e+00  0.00000000e+00  0.00000000e+00  0.00000000e+00]
   [ 0.00000000e+00  0.00000000e+00  0.00000000e+00  0.00000000e+00]
   [ 0.00000000e+00  0.00000000e+00  0.00000000e+00  0.00000000e+00]
   [ 0.00000000e+00  0.00000000e+00  0.00000000e+00  0.00000000e+00]
   [ 3.07248384e-01 -1.78348184e-01 -3.51028815e-02  3.73009569e-03]
   [ 5.22780836e-01 -3.03458124e-01 -5.97272962e-02  6.34673005e-03]
   [ 3.30177367e-01 -1.91657752e-01 -3.77225019e-02  4.00846126e-03]
   [ 5.22780836e-01 -3.03458124e-01 -5.97272962e-02  6.34673005e-03]
   [ 7.47484863e-01 -4.33891833e-01 -8.53995532e-02  9.07471031e-03]
   [ 1.04097593e+00 -6.04254305e-01 -1.18930668e-01  1.26377875e-02]
   [ 1.16479242e+00 -6.76125944e-01 -1.33076608e-01  1.41409598e-02]
   [ 1.03180432e+00 -5.98930478e-01 -1.17882818e-01  1.25264414e-02]
   [ 1.16479242e+00 -6.76125944e-01 -1.33076608e-01  1.41409598e-02]
   [ 1.16479242e+00 -6.76125944e-01 -1.33076608e-01  1.41409598e-02]
   [ 1.16479242e+00 -6.76125944e-01 -1.33076608e-01  1.41409598e-02]
   [ 1.14644921e+00 -6.65478289e-01 -1.30980909e-01  1.39182676e-02]
   [ 1.05014753e+00 -6.09578133e-01 -1.19978510e-01  1.27491336e-02]
   [ 1.16479242e+00 -6.76125944e-01 -1.33076608e-01  1.41409598e-02]
   [ 1.16479242e+00 -6.76125944e-01 -1.33076608e-01  1.41409598e-02]
   [ 6.42011583e-01 -3.72667849e-01 -7.33493045e-02  7.79422978e-03]
   [ 0.00000000e+00  0.00000000e+00  0.00000000e+00  0.00000000e+00]
   [ 0.00000000e+00  0.00000000e+00  0.00000000e+00  0.00000000e+00]
   [ 0.00000000e+00  0.00000000e+00  0.00000000e+00  0.00000000e+00]
   [ 0.00000000e+00  0.00000000e+00  0.00000000e+00  0.00000000e+00]
   [ 0.00000000e+00  0.00000000e+00  0.00000000e+00  0.00000000e+00]
   [ 0.00000000e+00  0.00000000e+00  0.00000000e+00  0.00000000e+00]]

  [[ 0.00000000e+00  0.00000000e+00  0.00000000e+00  0.00000000e+00]
   [ 0.00000000e+00  0.00000000e+00  0.00000000e+00  0.00000000e+00]
   [ 0.00000000e+00  0.00000000e+00  0.00000000e+00  0.00000000e+00]
   [ 0.00000000e+00  0.00000000e+00  0.00000000e+00  0.00000000e+00]
   [ 0.00000000e+00  0.00000000e+00  0.00000000e+00  0.00000000e+00]
   [ 0.00000000e+00  0.00000000e+00  0.00000000e+00  0.00000000e+00]
   [ 0.00000000e+00  0.00000000e+00  0.00000000e+00  0.00000000e+00]
   [ 0.00000000e+00  0.00000000e+00  0.00000000e+00  0.00000000e+00]
   [ 0.00000000e+00  0.00000000e+00  0.00000000e+00  0.00000000e+00]
   [ 0.00000000e+00  0.00000000e+00  0.00000000e+00  0.00000000e+00]
   [ 0.00000000e+00  0.00000000e+00  0.00000000e+00  0.00000000e+00]
   [ 7.79585466e-02 -4.52525243e-02 -8.90670158e-03  9.46442189e-04]
   [ 3.02662611e-01 -1.75686270e-01 -3.45789604e-02  3.67442262e-03]
   [ 6.42011613e-02 -3.72667871e-02 -7.33493082e-03  7.79422990e-04]
   [ 3.07248384e-01 -1.78348184e-01 -3.51028815e-02  3.73009569e-03]
   [ 3.07248384e-01 -1.78348184e-01 -3.51028815e-02  3.73009569e-03]
   [ 3.07248384e-01 -1.78348184e-01 -3.51028815e-02  3.73009569e-03]
   [ 2.70562023e-01 -1.57052875e-01 -3.09114940e-02  3.28471116e-03]
   [ 9.63017344e-02 -5.59001751e-02 -1.10023962e-02  1.16913451e-03]
   [ 1.08224809e+00 -6.28211498e-01 -1.23645976e-01  1.31388446e-02]
   [ 1.16479242e+00 -6.76125944e-01 -1.33076608e-01  1.41409598e-02]
   [ 4.86094505e-01 -2.82162815e-01 -5.55359051e-02  5.90134552e-03]
   [ 0.00000000e+00  0.00000000e+00  0.00000000e+00  0.00000000e+00]
   [ 0.00000000e+00  0.00000000e+00  0.00000000e+00  0.00000000e+00]
   [ 0.00000000e+00  0.00000000e+00  0.00000000e+00  0.00000000e+00]
   [ 0.00000000e+00  0.00000000e+00  0.00000000e+00  0.00000000e+00]
   [ 0.00000000e+00  0.00000000e+00  0.00000000e+00  0.00000000e+00]
   [ 0.00000000e+00  0.00000000e+00  0.00000000e+00  0.00000000e+00]]

  [[ 0.00000000e+00  0.00000000e+00  0.00000000e+00  0.00000000e+00]
   [ 0.00000000e+00  0.00000000e+00  0.00000000e+00  0.00000000e+00]
   [ 0.00000000e+00  0.00000000e+00  0.00000000e+00  0.00000000e+00]
   [ 0.00000000e+00  0.00000000e+00  0.00000000e+00  0.00000000e+00]
   [ 0.00000000e+00  0.00000000e+00  0.00000000e+00  0.00000000e+00]
   [ 0.00000000e+00  0.00000000e+00  0.00000000e+00  0.00000000e+00]
   [ 0.00000000e+00  0.00000000e+00  0.00000000e+00  0.00000000e+00]
   [ 0.00000000e+00  0.00000000e+00  0.00000000e+00  0.00000000e+00]
   [ 0.00000000e+00  0.00000000e+00  0.00000000e+00  0.00000000e+00]
   [ 0.00000000e+00  0.00000000e+00  0.00000000e+00  0.00000000e+00]
   [ 0.00000000e+00  0.00000000e+00  0.00000000e+00  0.00000000e+00]
   [ 0.00000000e+00  0.00000000e+00  0.00000000e+00  0.00000000e+00]
   [ 0.00000000e+00  0.00000000e+00  0.00000000e+00  0.00000000e+00]
   [ 0.00000000e+00  0.00000000e+00  0.00000000e+00  0.00000000e+00]
   [ 0.00000000e+00  0.00000000e+00  0.00000000e+00  0.00000000e+00]
   [ 0.00000000e+00  0.00000000e+00  0.00000000e+00  0.00000000e+00]
   [ 0.00000000e+00  0.00000000e+00  0.00000000e+00  0.00000000e+00]
   [ 0.00000000e+00  0.00000000e+00  0.00000000e+00  0.00000000e+00]
   [ 3.80621135e-01 -2.20938787e-01 -4.34856601e-02  4.62086499e-03]
   [ 1.16020668e+00 -6.73464060e-01 -1.32552683e-01  1.40852872e-02]
   [ 9.58431602e-01 -5.56339860e-01 -1.09500043e-01  1.16356723e-02]
   [ 8.25443417e-02 -4.79144379e-02 -9.43062548e-03  1.00211531e-03]
   [ 0.00000000e+00  0.00000000e+00  0.00000000e+00  0.00000000e+00]
   [ 0.00000000e+00  0.00000000e+00  0.00000000e+00  0.00000000e+00]
   [ 0.00000000e+00  0.00000000e+00  0.00000000e+00  0.00000000e+00]
   [ 0.00000000e+00  0.00000000e+00  0.00000000e+00  0.00000000e+00]
   [ 0.00000000e+00  0.00000000e+00  0.00000000e+00  0.00000000e+00]
   [ 0.00000000e+00  0.00000000e+00  0.00000000e+00  0.00000000e+00]]

  [[ 0.00000000e+00  0.00000000e+00  0.00000000e+00  0.00000000e+00]
   [ 0.00000000e+00  0.00000000e+00  0.00000000e+00  0.00000000e+00]
   [ 0.00000000e+00  0.00000000e+00  0.00000000e+00  0.00000000e+00]
   [ 0.00000000e+00  0.00000000e+00  0.00000000e+00  0.00000000e+00]
   [ 0.00000000e+00  0.00000000e+00  0.00000000e+00  0.00000000e+00]
   [ 0.00000000e+00  0.00000000e+00  0.00000000e+00  0.00000000e+00]
   [ 0.00000000e+00  0.00000000e+00  0.00000000e+00  0.00000000e+00]
   [ 0.00000000e+00  0.00000000e+00  0.00000000e+00  0.00000000e+00]
   [ 0.00000000e+00  0.00000000e+00  0.00000000e+00  0.00000000e+00]
   [ 0.00000000e+00  0.00000000e+00  0.00000000e+00  0.00000000e+00]
   [ 0.00000000e+00  0.00000000e+00  0.00000000e+00  0.00000000e+00]
   [ 0.00000000e+00  0.00000000e+00  0.00000000e+00  0.00000000e+00]
   [ 0.00000000e+00  0.00000000e+00  0.00000000e+00  0.00000000e+00]
   [ 0.00000000e+00  0.00000000e+00  0.00000000e+00  0.00000000e+00]
   [ 0.00000000e+00  0.00000000e+00  0.00000000e+00  0.00000000e+00]
   [ 0.00000000e+00  0.00000000e+00  0.00000000e+00  0.00000000e+00]
   [ 0.00000000e+00  0.00000000e+00  0.00000000e+00  0.00000000e+00]
   [ 1.00887530e-01 -5.85620888e-02 -1.15263192e-02  1.22480758e-03]
   [ 1.06849074e+00 -6.20225787e-01 -1.22074209e-01  1.29718259e-02]
   [ 1.16937816e+00 -6.78787827e-01 -1.33600518e-01  1.41966324e-02]
   [ 3.80621135e-01 -2.20938787e-01 -4.34856601e-02  4.62086499e-03]
   [ 0.00000000e+00  0.00000000e+00  0.00000000e+00  0.00000000e+00]
   [ 0.00000000e+00  0.00000000e+00  0.00000000e+00  0.00000000e+00]
   [ 0.00000000e+00  0.00000000e+00  0.00000000e+00  0.00000000e+00]
   [ 0.00000000e+00  0.00000000e+00  0.00000000e+00  0.00000000e+00]
   [ 0.00000000e+00  0.00000000e+00  0.00000000e+00  0.00000000e+00]
   [ 0.00000000e+00  0.00000000e+00  0.00000000e+00  0.00000000e+00]
   [ 0.00000000e+00  0.00000000e+00  0.00000000e+00  0.00000000e+00]]

  [[ 0.00000000e+00  0.00000000e+00  0.00000000e+00  0.00000000e+00]
   [ 0.00000000e+00  0.00000000e+00  0.00000000e+00  0.00000000e+00]
   [ 0.00000000e+00  0.00000000e+00  0.00000000e+00  0.00000000e+00]
   [ 0.00000000e+00  0.00000000e+00  0.00000000e+00  0.00000000e+00]
   [ 0.00000000e+00  0.00000000e+00  0.00000000e+00  0.00000000e+00]
   [ 0.00000000e+00  0.00000000e+00  0.00000000e+00  0.00000000e+00]
   [ 0.00000000e+00  0.00000000e+00  0.00000000e+00  0.00000000e+00]
   [ 0.00000000e+00  0.00000000e+00  0.00000000e+00  0.00000000e+00]
   [ 0.00000000e+00  0.00000000e+00  0.00000000e+00  0.00000000e+00]
   [ 0.00000000e+00  0.00000000e+00  0.00000000e+00  0.00000000e+00]
   [ 0.00000000e+00  0.00000000e+00  0.00000000e+00  0.00000000e+00]
   [ 0.00000000e+00  0.00000000e+00  0.00000000e+00  0.00000000e+00]
   [ 0.00000000e+00  0.00000000e+00  0.00000000e+00  0.00000000e+00]
   [ 0.00000000e+00  0.00000000e+00  0.00000000e+00  0.00000000e+00]
   [ 0.00000000e+00  0.00000000e+00  0.00000000e+00  0.00000000e+00]
   [ 0.00000000e+00  0.00000000e+00  0.00000000e+00  0.00000000e+00]
   [ 0.00000000e+00  0.00000000e+00  0.00000000e+00  0.00000000e+00]
   [ 5.91567814e-01 -3.43386799e-01 -6.75861463e-02  7.18182605e-03]
   [ 1.16479242e+00 -6.76125944e-01 -1.33076608e-01  1.41409598e-02]
   [ 1.09141970e+00 -6.33535326e-01 -1.24693826e-01  1.32501908e-02]
   [ 2.01775059e-01 -1.17124178e-01 -2.30526384e-02  2.44961516e-03]
   [ 0.00000000e+00  0.00000000e+00  0.00000000e+00  0.00000000e+00]
   [ 0.00000000e+00  0.00000000e+00  0.00000000e+00  0.00000000e+00]
   [ 0.00000000e+00  0.00000000e+00  0.00000000e+00  0.00000000e+00]
   [ 0.00000000e+00  0.00000000e+00  0.00000000e+00  0.00000000e+00]
   [ 0.00000000e+00  0.00000000e+00  0.00000000e+00  0.00000000e+00]
   [ 0.00000000e+00  0.00000000e+00  0.00000000e+00  0.00000000e+00]
   [ 0.00000000e+00  0.00000000e+00  0.00000000e+00  0.00000000e+00]]

  [[ 0.00000000e+00  0.00000000e+00  0.00000000e+00  0.00000000e+00]
   [ 0.00000000e+00  0.00000000e+00  0.00000000e+00  0.00000000e+00]
   [ 0.00000000e+00  0.00000000e+00  0.00000000e+00  0.00000000e+00]
   [ 0.00000000e+00  0.00000000e+00  0.00000000e+00  0.00000000e+00]
   [ 0.00000000e+00  0.00000000e+00  0.00000000e+00  0.00000000e+00]
   [ 0.00000000e+00  0.00000000e+00  0.00000000e+00  0.00000000e+00]
   [ 0.00000000e+00  0.00000000e+00  0.00000000e+00  0.00000000e+00]
   [ 0.00000000e+00  0.00000000e+00  0.00000000e+00  0.00000000e+00]
   [ 0.00000000e+00  0.00000000e+00  0.00000000e+00  0.00000000e+00]
   [ 0.00000000e+00  0.00000000e+00  0.00000000e+00  0.00000000e+00]
   [ 0.00000000e+00  0.00000000e+00  0.00000000e+00  0.00000000e+00]
   [ 0.00000000e+00  0.00000000e+00  0.00000000e+00  0.00000000e+00]
   [ 0.00000000e+00  0.00000000e+00  0.00000000e+00  0.00000000e+00]
   [ 0.00000000e+00  0.00000000e+00  0.00000000e+00  0.00000000e+00]
   [ 0.00000000e+00  0.00000000e+00  0.00000000e+00  0.00000000e+00]
   [ 0.00000000e+00  0.00000000e+00  0.00000000e+00  0.00000000e+00]
   [ 2.70562023e-01 -1.57052875e-01 -3.09114940e-02  3.28471116e-03]
   [ 1.14186347e+00 -6.62816405e-01 -1.30456984e-01  1.38625950e-02]
   [ 1.16479242e+00 -6.76125944e-01 -1.33076608e-01  1.41409598e-02]
   [ 2.84319401e-01 -1.65038615e-01 -3.24832648e-02  3.45173036e-03]
   [ 0.00000000e+00  0.00000000e+00  0.00000000e+00  0.00000000e+00]
   [ 0.00000000e+00  0.00000000e+00  0.00000000e+00  0.00000000e+00]
   [ 0.00000000e+00  0.00000000e+00  0.00000000e+00  0.00000000e+00]
   [ 0.00000000e+00  0.00000000e+00  0.00000000e+00  0.00000000e+00]
   [ 0.00000000e+00  0.00000000e+00  0.00000000e+00  0.00000000e+00]
   [ 0.00000000e+00  0.00000000e+00  0.00000000e+00  0.00000000e+00]
   [ 0.00000000e+00  0.00000000e+00  0.00000000e+00  0.00000000e+00]
   [ 0.00000000e+00  0.00000000e+00  0.00000000e+00  0.00000000e+00]]

  [[ 0.00000000e+00  0.00000000e+00  0.00000000e+00  0.00000000e+00]
   [ 0.00000000e+00  0.00000000e+00  0.00000000e+00  0.00000000e+00]
   [ 0.00000000e+00  0.00000000e+00  0.00000000e+00  0.00000000e+00]
   [ 0.00000000e+00  0.00000000e+00  0.00000000e+00  0.00000000e+00]
   [ 0.00000000e+00  0.00000000e+00  0.00000000e+00  0.00000000e+00]
   [ 0.00000000e+00  0.00000000e+00  0.00000000e+00  0.00000000e+00]
   [ 0.00000000e+00  0.00000000e+00  0.00000000e+00  0.00000000e+00]
   [ 0.00000000e+00  0.00000000e+00  0.00000000e+00  0.00000000e+00]
   [ 0.00000000e+00  0.00000000e+00  0.00000000e+00  0.00000000e+00]
   [ 0.00000000e+00  0.00000000e+00  0.00000000e+00  0.00000000e+00]
   [ 0.00000000e+00  0.00000000e+00  0.00000000e+00  0.00000000e+00]
   [ 0.00000000e+00  0.00000000e+00  0.00000000e+00  0.00000000e+00]
   [ 0.00000000e+00  0.00000000e+00  0.00000000e+00  0.00000000e+00]
   [ 0.00000000e+00  0.00000000e+00  0.00000000e+00  0.00000000e+00]
   [ 0.00000000e+00  0.00000000e+00  0.00000000e+00  0.00000000e+00]
   [ 0.00000000e+00  0.00000000e+00  0.00000000e+00  0.00000000e+00]
   [ 6.09911025e-01 -3.54034454e-01 -6.96818456e-02  7.40451831e-03]
   [ 1.16479242e+00 -6.76125944e-01 -1.33076608e-01  1.41409598e-02]
   [ 8.57544005e-01 -4.97777760e-01 -9.79737118e-02  1.04108639e-02]
   [ 2.29289848e-02 -1.33095654e-02 -2.61961808e-03  2.78365362e-04]
   [ 0.00000000e+00  0.00000000e+00  0.00000000e+00  0.00000000e+00]
   [ 0.00000000e+00  0.00000000e+00  0.00000000e+00  0.00000000e+00]
   [ 0.00000000e+00  0.00000000e+00  0.00000000e+00  0.00000000e+00]
   [ 0.00000000e+00  0.00000000e+00  0.00000000e+00  0.00000000e+00]
   [ 0.00000000e+00  0.00000000e+00  0.00000000e+00  0.00000000e+00]
   [ 0.00000000e+00  0.00000000e+00  0.00000000e+00  0.00000000e+00]
   [ 0.00000000e+00  0.00000000e+00  0.00000000e+00  0.00000000e+00]
   [ 0.00000000e+00  0.00000000e+00  0.00000000e+00  0.00000000e+00]]

  [[ 0.00000000e+00  0.00000000e+00  0.00000000e+00  0.00000000e+00]
   [ 0.00000000e+00  0.00000000e+00  0.00000000e+00  0.00000000e+00]
   [ 0.00000000e+00  0.00000000e+00  0.00000000e+00  0.00000000e+00]
   [ 0.00000000e+00  0.00000000e+00  0.00000000e+00  0.00000000e+00]
   [ 0.00000000e+00  0.00000000e+00  0.00000000e+00  0.00000000e+00]
   [ 0.00000000e+00  0.00000000e+00  0.00000000e+00  0.00000000e+00]
   [ 0.00000000e+00  0.00000000e+00  0.00000000e+00  0.00000000e+00]
   [ 0.00000000e+00  0.00000000e+00  0.00000000e+00  0.00000000e+00]
   [ 0.00000000e+00  0.00000000e+00  0.00000000e+00  0.00000000e+00]
   [ 0.00000000e+00  0.00000000e+00  0.00000000e+00  0.00000000e+00]
   [ 0.00000000e+00  0.00000000e+00  0.00000000e+00  0.00000000e+00]
   [ 0.00000000e+00  0.00000000e+00  0.00000000e+00  0.00000000e+00]
   [ 0.00000000e+00  0.00000000e+00  0.00000000e+00  0.00000000e+00]
   [ 0.00000000e+00  0.00000000e+00  0.00000000e+00  0.00000000e+00]
   [ 0.00000000e+00  0.00000000e+00  0.00000000e+00  0.00000000e+00]
   [ 4.12721708e-02 -2.39572190e-02 -4.71531274e-03  5.01057657e-04]
   [ 9.40088391e-01 -5.45692205e-01 -1.07404351e-01  1.14129800e-02]
   [ 1.13727760e+00 -6.60154462e-01 -1.29933059e-01  1.38069214e-02]
   [ 2.65976220e-01 -1.54390961e-01 -3.03875711e-02  3.22903809e-03]
   [ 0.00000000e+00  0.00000000e+00  0.00000000e+00  0.00000000e+00]
   [ 0.00000000e+00  0.00000000e+00  0.00000000e+00  0.00000000e+00]
   [ 0.00000000e+00  0.00000000e+00  0.00000000e+00  0.00000000e+00]
   [ 0.00000000e+00  0.00000000e+00  0.00000000e+00  0.00000000e+00]
   [ 0.00000000e+00  0.00000000e+00  0.00000000e+00  0.00000000e+00]
   [ 0.00000000e+00  0.00000000e+00  0.00000000e+00  0.00000000e+00]
   [ 0.00000000e+00  0.00000000e+00  0.00000000e+00  0.00000000e+00]
   [ 0.00000000e+00  0.00000000e+00  0.00000000e+00  0.00000000e+00]
   [ 0.00000000e+00  0.00000000e+00  0.00000000e+00  0.00000000e+00]]

  [[ 0.00000000e+00  0.00000000e+00  0.00000000e+00  0.00000000e+00]
   [ 0.00000000e+00  0.00000000e+00  0.00000000e+00  0.00000000e+00]
   [ 0.00000000e+00  0.00000000e+00  0.00000000e+00  0.00000000e+00]
   [ 0.00000000e+00  0.00000000e+00  0.00000000e+00  0.00000000e+00]
   [ 0.00000000e+00  0.00000000e+00  0.00000000e+00  0.00000000e+00]
   [ 0.00000000e+00  0.00000000e+00  0.00000000e+00  0.00000000e+00]
   [ 0.00000000e+00  0.00000000e+00  0.00000000e+00  0.00000000e+00]
   [ 0.00000000e+00  0.00000000e+00  0.00000000e+00  0.00000000e+00]
   [ 0.00000000e+00  0.00000000e+00  0.00000000e+00  0.00000000e+00]
   [ 0.00000000e+00  0.00000000e+00  0.00000000e+00  0.00000000e+00]
   [ 0.00000000e+00  0.00000000e+00  0.00000000e+00  0.00000000e+00]
   [ 0.00000000e+00  0.00000000e+00  0.00000000e+00  0.00000000e+00]
   [ 0.00000000e+00  0.00000000e+00  0.00000000e+00  0.00000000e+00]
   [ 0.00000000e+00  0.00000000e+00  0.00000000e+00  0.00000000e+00]
   [ 0.00000000e+00  0.00000000e+00  0.00000000e+00  0.00000000e+00]
   [ 5.77810407e-01 -3.35401058e-01 -6.60143793e-02  7.01480685e-03]
   [ 1.16479242e+00 -6.76125944e-01 -1.33076608e-01  1.41409598e-02]
   [ 8.34614992e-01 -4.84468192e-01 -9.53540951e-02  1.01324990e-02]
   [ 0.00000000e+00  0.00000000e+00  0.00000000e+00  0.00000000e+00]
   [ 0.00000000e+00  0.00000000e+00  0.00000000e+00  0.00000000e+00]
   [ 0.00000000e+00  0.00000000e+00  0.00000000e+00  0.00000000e+00]
   [ 0.00000000e+00  0.00000000e+00  0.00000000e+00  0.00000000e+00]
   [ 0.00000000e+00  0.00000000e+00  0.00000000e+00  0.00000000e+00]
   [ 0.00000000e+00  0.00000000e+00  0.00000000e+00  0.00000000e+00]
   [ 0.00000000e+00  0.00000000e+00  0.00000000e+00  0.00000000e+00]
   [ 0.00000000e+00  0.00000000e+00  0.00000000e+00  0.00000000e+00]
   [ 0.00000000e+00  0.00000000e+00  0.00000000e+00  0.00000000e+00]
   [ 0.00000000e+00  0.00000000e+00  0.00000000e+00  0.00000000e+00]]

  [[ 0.00000000e+00  0.00000000e+00  0.00000000e+00  0.00000000e+00]
   [ 0.00000000e+00  0.00000000e+00  0.00000000e+00  0.00000000e+00]
   [ 0.00000000e+00  0.00000000e+00  0.00000000e+00  0.00000000e+00]
   [ 0.00000000e+00  0.00000000e+00  0.00000000e+00  0.00000000e+00]
   [ 0.00000000e+00  0.00000000e+00  0.00000000e+00  0.00000000e+00]
   [ 0.00000000e+00  0.00000000e+00  0.00000000e+00  0.00000000e+00]
   [ 0.00000000e+00  0.00000000e+00  0.00000000e+00  0.00000000e+00]
   [ 0.00000000e+00  0.00000000e+00  0.00000000e+00  0.00000000e+00]
   [ 0.00000000e+00  0.00000000e+00  0.00000000e+00  0.00000000e+00]
   [ 0.00000000e+00  0.00000000e+00  0.00000000e+00  0.00000000e+00]
   [ 0.00000000e+00  0.00000000e+00  0.00000000e+00  0.00000000e+00]
   [ 0.00000000e+00  0.00000000e+00  0.00000000e+00  0.00000000e+00]
   [ 0.00000000e+00  0.00000000e+00  0.00000000e+00  0.00000000e+00]
   [ 0.00000000e+00  0.00000000e+00  0.00000000e+00  0.00000000e+00]
   [ 3.43934774e-01 -1.99643493e-01 -3.92942727e-02  4.17548046e-03]
   [ 1.15103507e+00 -6.68140233e-01 -1.31504834e-01  1.39739411e-02]
   [ 1.10059130e+00 -6.38859153e-01 -1.25741675e-01  1.33615369e-02]
   [ 2.61390418e-01 -1.51729062e-01 -2.98636481e-02  3.17336502e-03]
   [ 0.00000000e+00  0.00000000e+00  0.00000000e+00  0.00000000e+00]
   [ 0.00000000e+00  0.00000000e+00  0.00000000e+00  0.00000000e+00]
   [ 0.00000000e+00  0.00000000e+00  0.00000000e+00  0.00000000e+00]
   [ 0.00000000e+00  0.00000000e+00  0.00000000e+00  0.00000000e+00]
   [ 0.00000000e+00  0.00000000e+00  0.00000000e+00  0.00000000e+00]
   [ 0.00000000e+00  0.00000000e+00  0.00000000e+00  0.00000000e+00]
   [ 0.00000000e+00  0.00000000e+00  0.00000000e+00  0.00000000e+00]
   [ 0.00000000e+00  0.00000000e+00  0.00000000e+00  0.00000000e+00]
   [ 0.00000000e+00  0.00000000e+00  0.00000000e+00  0.00000000e+00]
   [ 0.00000000e+00  0.00000000e+00  0.00000000e+00  0.00000000e+00]]

  [[ 0.00000000e+00  0.00000000e+00  0.00000000e+00  0.00000000e+00]
   [ 0.00000000e+00  0.00000000e+00  0.00000000e+00  0.00000000e+00]
   [ 0.00000000e+00  0.00000000e+00  0.00000000e+00  0.00000000e+00]
   [ 0.00000000e+00  0.00000000e+00  0.00000000e+00  0.00000000e+00]
   [ 0.00000000e+00  0.00000000e+00  0.00000000e+00  0.00000000e+00]
   [ 0.00000000e+00  0.00000000e+00  0.00000000e+00  0.00000000e+00]
   [ 0.00000000e+00  0.00000000e+00  0.00000000e+00  0.00000000e+00]
   [ 0.00000000e+00  0.00000000e+00  0.00000000e+00  0.00000000e+00]
   [ 0.00000000e+00  0.00000000e+00  0.00000000e+00  0.00000000e+00]
   [ 0.00000000e+00  0.00000000e+00  0.00000000e+00  0.00000000e+00]
   [ 0.00000000e+00  0.00000000e+00  0.00000000e+00  0.00000000e+00]
   [ 0.00000000e+00  0.00000000e+00  0.00000000e+00  0.00000000e+00]
   [ 0.00000000e+00  0.00000000e+00  0.00000000e+00  0.00000000e+00]
   [ 8.71301442e-02 -5.05763516e-02 -9.95454844e-03  1.05778838e-03]
   [ 1.01346111e+00 -5.88282824e-01 -1.15787126e-01  1.23037491e-02]
   [ 1.16479242e+00 -6.76125944e-01 -1.33076608e-01  1.41409598e-02]
   [ 7.61242270e-01 -4.41877574e-01 -8.69713202e-02  9.24172997e-03]
   [ 0.00000000e+00  0.00000000e+00  0.00000000e+00  0.00000000e+00]
   [ 0.00000000e+00  0.00000000e+00  0.00000000e+00  0.00000000e+00]
   [ 0.00000000e+00  0.00000000e+00  0.00000000e+00  0.00000000e+00]
   [ 0.00000000e+00  0.00000000e+00  0.00000000e+00  0.00000000e+00]
   [ 0.00000000e+00  0.00000000e+00  0.00000000e+00  0.00000000e+00]
   [ 0.00000000e+00  0.00000000e+00  0.00000000e+00  0.00000000e+00]
   [ 0.00000000e+00  0.00000000e+00  0.00000000e+00  0.00000000e+00]
   [ 0.00000000e+00  0.00000000e+00  0.00000000e+00  0.00000000e+00]
   [ 0.00000000e+00  0.00000000e+00  0.00000000e+00  0.00000000e+00]
   [ 0.00000000e+00  0.00000000e+00  0.00000000e+00  0.00000000e+00]
   [ 0.00000000e+00  0.00000000e+00  0.00000000e+00  0.00000000e+00]]

  [[ 0.00000000e+00  0.00000000e+00  0.00000000e+00  0.00000000e+00]
   [ 0.00000000e+00  0.00000000e+00  0.00000000e+00  0.00000000e+00]
   [ 0.00000000e+00  0.00000000e+00  0.00000000e+00  0.00000000e+00]
   [ 0.00000000e+00  0.00000000e+00  0.00000000e+00  0.00000000e+00]
   [ 0.00000000e+00  0.00000000e+00  0.00000000e+00  0.00000000e+00]
   [ 0.00000000e+00  0.00000000e+00  0.00000000e+00  0.00000000e+00]
   [ 0.00000000e+00  0.00000000e+00  0.00000000e+00  0.00000000e+00]
   [ 0.00000000e+00  0.00000000e+00  0.00000000e+00  0.00000000e+00]
   [ 0.00000000e+00  0.00000000e+00  0.00000000e+00  0.00000000e+00]
   [ 0.00000000e+00  0.00000000e+00  0.00000000e+00  0.00000000e+00]
   [ 0.00000000e+00  0.00000000e+00  0.00000000e+00  0.00000000e+00]
   [ 0.00000000e+00  0.00000000e+00  0.00000000e+00  0.00000000e+00]
   [ 1.37573918e-02 -7.98573997e-03 -1.57177099e-03  1.67019229e-04]
   [ 9.30916846e-01 -5.40368378e-01 -1.06356502e-01  1.13016339e-02]
   [ 1.16479242e+00 -6.76125944e-01 -1.33076608e-01  1.41409598e-02]
   [ 1.00428951e+00 -5.82958996e-01 -1.14739276e-01  1.21924030e-02]
   [ 1.60502896e-01 -9.31669623e-02 -1.83373261e-02  1.94855744e-03]
   [ 0.00000000e+00  0.00000000e+00  0.00000000e+00  0.00000000e+00]
   [ 0.00000000e+00  0.00000000e+00  0.00000000e+00  0.00000000e+00]
   [ 0.00000000e+00  0.00000000e+00  0.00000000e+00  0.00000000e+00]
   [ 0.00000000e+00  0.00000000e+00  0.00000000e+00  0.00000000e+00]
   [ 0.00000000e+00  0.00000000e+00  0.00000000e+00  0.00000000e+00]
   [ 0.00000000e+00  0.00000000e+00  0.00000000e+00  0.00000000e+00]
   [ 0.00000000e+00  0.00000000e+00  0.00000000e+00  0.00000000e+00]
   [ 0.00000000e+00  0.00000000e+00  0.00000000e+00  0.00000000e+00]
   [ 0.00000000e+00  0.00000000e+00  0.00000000e+00  0.00000000e+00]
   [ 0.00000000e+00  0.00000000e+00  0.00000000e+00  0.00000000e+00]
   [ 0.00000000e+00  0.00000000e+00  0.00000000e+00  0.00000000e+00]]

  [[ 0.00000000e+00  0.00000000e+00  0.00000000e+00  0.00000000e+00]
   [ 0.00000000e+00  0.00000000e+00  0.00000000e+00  0.00000000e+00]
   [ 0.00000000e+00  0.00000000e+00  0.00000000e+00  0.00000000e+00]
   [ 0.00000000e+00  0.00000000e+00  0.00000000e+00  0.00000000e+00]
   [ 0.00000000e+00  0.00000000e+00  0.00000000e+00  0.00000000e+00]
   [ 0.00000000e+00  0.00000000e+00  0.00000000e+00  0.00000000e+00]
   [ 0.00000000e+00  0.00000000e+00  0.00000000e+00  0.00000000e+00]
   [ 0.00000000e+00  0.00000000e+00  0.00000000e+00  0.00000000e+00]
   [ 0.00000000e+00  0.00000000e+00  0.00000000e+00  0.00000000e+00]
   [ 0.00000000e+00  0.00000000e+00  0.00000000e+00  0.00000000e+00]
   [ 0.00000000e+00  0.00000000e+00  0.00000000e+00  0.00000000e+00]
   [ 0.00000000e+00  0.00000000e+00  0.00000000e+00  0.00000000e+00]
   [ 1.74260288e-01 -1.01152703e-01 -1.99090969e-02  2.11557676e-03]
   [ 1.16479242e+00 -6.76125944e-01 -1.33076608e-01  1.41409598e-02]
   [ 1.16479242e+00 -6.76125944e-01 -1.33076608e-01  1.41409598e-02]
   [ 3.53106350e-01 -2.04967320e-01 -4.03421186e-02  4.28682659e-03]
   [ 0.00000000e+00  0.00000000e+00  0.00000000e+00  0.00000000e+00]
   [ 0.00000000e+00  0.00000000e+00  0.00000000e+00  0.00000000e+00]
   [ 0.00000000e+00  0.00000000e+00  0.00000000e+00  0.00000000e+00]
   [ 0.00000000e+00  0.00000000e+00  0.00000000e+00  0.00000000e+00]
   [ 0.00000000e+00  0.00000000e+00  0.00000000e+00  0.00000000e+00]
   [ 0.00000000e+00  0.00000000e+00  0.00000000e+00  0.00000000e+00]
   [ 0.00000000e+00  0.00000000e+00  0.00000000e+00  0.00000000e+00]
   [ 0.00000000e+00  0.00000000e+00  0.00000000e+00  0.00000000e+00]
   [ 0.00000000e+00  0.00000000e+00  0.00000000e+00  0.00000000e+00]
   [ 0.00000000e+00  0.00000000e+00  0.00000000e+00  0.00000000e+00]
   [ 0.00000000e+00  0.00000000e+00  0.00000000e+00  0.00000000e+00]
   [ 0.00000000e+00  0.00000000e+00  0.00000000e+00  0.00000000e+00]]

  [[ 0.00000000e+00  0.00000000e+00  0.00000000e+00  0.00000000e+00]
   [ 0.00000000e+00  0.00000000e+00  0.00000000e+00  0.00000000e+00]
   [ 0.00000000e+00  0.00000000e+00  0.00000000e+00  0.00000000e+00]
   [ 0.00000000e+00  0.00000000e+00  0.00000000e+00  0.00000000e+00]
   [ 0.00000000e+00  0.00000000e+00  0.00000000e+00  0.00000000e+00]
   [ 0.00000000e+00  0.00000000e+00  0.00000000e+00  0.00000000e+00]
   [ 0.00000000e+00  0.00000000e+00  0.00000000e+00  0.00000000e+00]
   [ 0.00000000e+00  0.00000000e+00  0.00000000e+00  0.00000000e+00]
   [ 0.00000000e+00  0.00000000e+00  0.00000000e+00  0.00000000e+00]
   [ 0.00000000e+00  0.00000000e+00  0.00000000e+00  0.00000000e+00]
   [ 0.00000000e+00  0.00000000e+00  0.00000000e+00  0.00000000e+00]
   [ 1.42159700e-01 -8.25193077e-02 -1.62416324e-02  1.72586518e-03]
   [ 1.02721858e+00 -5.96268594e-01 -1.17358893e-01  1.24707678e-02]
   [ 1.16479242e+00 -6.76125944e-01 -1.33076608e-01  1.41409598e-02]
   [ 5.27366638e-01 -3.06120008e-01 -6.02512173e-02  6.40240312e-03]
   [ 4.58579697e-03 -2.66191317e-03 -5.23923605e-04  5.56730702e-05]
   [ 0.00000000e+00  0.00000000e+00  0.00000000e+00  0.00000000e+00]
   [ 0.00000000e+00  0.00000000e+00  0.00000000e+00  0.00000000e+00]
   [ 0.00000000e+00  0.00000000e+00  0.00000000e+00  0.00000000e+00]
   [ 0.00000000e+00  0.00000000e+00  0.00000000e+00  0.00000000e+00]
   [ 0.00000000e+00  0.00000000e+00  0.00000000e+00  0.00000000e+00]
   [ 0.00000000e+00  0.00000000e+00  0.00000000e+00  0.00000000e+00]
   [ 0.00000000e+00  0.00000000e+00  0.00000000e+00  0.00000000e+00]
   [ 0.00000000e+00  0.00000000e+00  0.00000000e+00  0.00000000e+00]
   [ 0.00000000e+00  0.00000000e+00  0.00000000e+00  0.00000000e+00]
   [ 0.00000000e+00  0.00000000e+00  0.00000000e+00  0.00000000e+00]
   [ 0.00000000e+00  0.00000000e+00  0.00000000e+00  0.00000000e+00]
   [ 0.00000000e+00  0.00000000e+00  0.00000000e+00  0.00000000e+00]]

  [[ 0.00000000e+00  0.00000000e+00  0.00000000e+00  0.00000000e+00]
   [ 0.00000000e+00  0.00000000e+00  0.00000000e+00  0.00000000e+00]
   [ 0.00000000e+00  0.00000000e+00  0.00000000e+00  0.00000000e+00]
   [ 0.00000000e+00  0.00000000e+00  0.00000000e+00  0.00000000e+00]
   [ 0.00000000e+00  0.00000000e+00  0.00000000e+00  0.00000000e+00]
   [ 0.00000000e+00  0.00000000e+00  0.00000000e+00  0.00000000e+00]
   [ 0.00000000e+00  0.00000000e+00  0.00000000e+00  0.00000000e+00]
   [ 0.00000000e+00  0.00000000e+00  0.00000000e+00  0.00000000e+00]
   [ 0.00000000e+00  0.00000000e+00  0.00000000e+00  0.00000000e+00]
   [ 0.00000000e+00  0.00000000e+00  0.00000000e+00  0.00000000e+00]
   [ 0.00000000e+00  0.00000000e+00  0.00000000e+00  0.00000000e+00]
   [ 6.09911025e-01 -3.54034454e-01 -6.96818456e-02  7.40451831e-03]
   [ 1.16479242e+00 -6.76125944e-01 -1.33076608e-01  1.41409598e-02]
   [ 1.16479242e+00 -6.76125944e-01 -1.33076608e-01  1.41409598e-02]
   [ 2.38461450e-01 -1.38419494e-01 -2.72440296e-02  2.89499969e-03]
   [ 0.00000000e+00  0.00000000e+00  0.00000000e+00  0.00000000e+00]
   [ 0.00000000e+00  0.00000000e+00  0.00000000e+00  0.00000000e+00]
   [ 0.00000000e+00  0.00000000e+00  0.00000000e+00  0.00000000e+00]
   [ 0.00000000e+00  0.00000000e+00  0.00000000e+00  0.00000000e+00]
   [ 0.00000000e+00  0.00000000e+00  0.00000000e+00  0.00000000e+00]
   [ 0.00000000e+00  0.00000000e+00  0.00000000e+00  0.00000000e+00]
   [ 0.00000000e+00  0.00000000e+00  0.00000000e+00  0.00000000e+00]
   [ 0.00000000e+00  0.00000000e+00  0.00000000e+00  0.00000000e+00]
   [ 0.00000000e+00  0.00000000e+00  0.00000000e+00  0.00000000e+00]
   [ 0.00000000e+00  0.00000000e+00  0.00000000e+00  0.00000000e+00]
   [ 0.00000000e+00  0.00000000e+00  0.00000000e+00  0.00000000e+00]
   [ 0.00000000e+00  0.00000000e+00  0.00000000e+00  0.00000000e+00]
   [ 0.00000000e+00  0.00000000e+00  0.00000000e+00  0.00000000e+00]]

  [[ 0.00000000e+00  0.00000000e+00  0.00000000e+00  0.00000000e+00]
   [ 0.00000000e+00  0.00000000e+00  0.00000000e+00  0.00000000e+00]
   [ 0.00000000e+00  0.00000000e+00  0.00000000e+00  0.00000000e+00]
   [ 0.00000000e+00  0.00000000e+00  0.00000000e+00  0.00000000e+00]
   [ 0.00000000e+00  0.00000000e+00  0.00000000e+00  0.00000000e+00]
   [ 0.00000000e+00  0.00000000e+00  0.00000000e+00  0.00000000e+00]
   [ 0.00000000e+00  0.00000000e+00  0.00000000e+00  0.00000000e+00]
   [ 0.00000000e+00  0.00000000e+00  0.00000000e+00  0.00000000e+00]
   [ 0.00000000e+00  0.00000000e+00  0.00000000e+00  0.00000000e+00]
   [ 0.00000000e+00  0.00000000e+00  0.00000000e+00  0.00000000e+00]
   [ 2.79733628e-01 -1.62376702e-01 -3.19593400e-02  3.39605729e-03]
   [ 1.10976291e+00 -6.44182980e-01 -1.26789525e-01  1.34728830e-02]
   [ 1.16479242e+00 -6.76125944e-01 -1.33076608e-01  1.41409598e-02]
   [ 1.16479242e+00 -6.76125944e-01 -1.33076608e-01  1.41409598e-02]
   [ 2.38461450e-01 -1.38419494e-01 -2.72440296e-02  2.89499969e-03]
   [ 0.00000000e+00  0.00000000e+00  0.00000000e+00  0.00000000e+00]
   [ 0.00000000e+00  0.00000000e+00  0.00000000e+00  0.00000000e+00]
   [ 0.00000000e+00  0.00000000e+00  0.00000000e+00  0.00000000e+00]
   [ 0.00000000e+00  0.00000000e+00  0.00000000e+00  0.00000000e+00]
   [ 0.00000000e+00  0.00000000e+00  0.00000000e+00  0.00000000e+00]
   [ 0.00000000e+00  0.00000000e+00  0.00000000e+00  0.00000000e+00]
   [ 0.00000000e+00  0.00000000e+00  0.00000000e+00  0.00000000e+00]
   [ 0.00000000e+00  0.00000000e+00  0.00000000e+00  0.00000000e+00]
   [ 0.00000000e+00  0.00000000e+00  0.00000000e+00  0.00000000e+00]
   [ 0.00000000e+00  0.00000000e+00  0.00000000e+00  0.00000000e+00]
   [ 0.00000000e+00  0.00000000e+00  0.00000000e+00  0.00000000e+00]
   [ 0.00000000e+00  0.00000000e+00  0.00000000e+00  0.00000000e+00]
   [ 0.00000000e+00  0.00000000e+00  0.00000000e+00  0.00000000e+00]]

  [[ 0.00000000e+00  0.00000000e+00  0.00000000e+00  0.00000000e+00]
   [ 0.00000000e+00  0.00000000e+00  0.00000000e+00  0.00000000e+00]
   [ 0.00000000e+00  0.00000000e+00  0.00000000e+00  0.00000000e+00]
   [ 0.00000000e+00  0.00000000e+00  0.00000000e+00  0.00000000e+00]
   [ 0.00000000e+00  0.00000000e+00  0.00000000e+00  0.00000000e+00]
   [ 0.00000000e+00  0.00000000e+00  0.00000000e+00  0.00000000e+00]
   [ 0.00000000e+00  0.00000000e+00  0.00000000e+00  0.00000000e+00]
   [ 0.00000000e+00  0.00000000e+00  0.00000000e+00  0.00000000e+00]
   [ 0.00000000e+00  0.00000000e+00  0.00000000e+00  0.00000000e+00]
   [ 0.00000000e+00  0.00000000e+00  0.00000000e+00  0.00000000e+00]
   [ 5.54881454e-01 -3.22091490e-01 -6.33947626e-02  6.73644152e-03]
   [ 1.16479242e+00 -6.76125944e-01 -1.33076608e-01  1.41409598e-02]
   [ 1.16479242e+00 -6.76125944e-01 -1.33076608e-01  1.41409598e-02]
   [ 1.00428951e+00 -5.82958996e-01 -1.14739276e-01  1.21924030e-02]
   [ 1.83431879e-01 -1.06476523e-01 -2.09569447e-02  2.22692289e-03]
   [ 0.00000000e+00  0.00000000e+00  0.00000000e+00  0.00000000e+00]
   [ 0.00000000e+00  0.00000000e+00  0.00000000e+00  0.00000000e+00]
   [ 0.00000000e+00  0.00000000e+00  0.00000000e+00  0.00000000e+00]
   [ 0.00000000e+00  0.00000000e+00  0.00000000e+00  0.00000000e+00]
   [ 0.00000000e+00  0.00000000e+00  0.00000000e+00  0.00000000e+00]
   [ 0.00000000e+00  0.00000000e+00  0.00000000e+00  0.00000000e+00]
   [ 0.00000000e+00  0.00000000e+00  0.00000000e+00  0.00000000e+00]
   [ 0.00000000e+00  0.00000000e+00  0.00000000e+00  0.00000000e+00]
   [ 0.00000000e+00  0.00000000e+00  0.00000000e+00  0.00000000e+00]
   [ 0.00000000e+00  0.00000000e+00  0.00000000e+00  0.00000000e+00]
   [ 0.00000000e+00  0.00000000e+00  0.00000000e+00  0.00000000e+00]
   [ 0.00000000e+00  0.00000000e+00  0.00000000e+00  0.00000000e+00]
   [ 0.00000000e+00  0.00000000e+00  0.00000000e+00  0.00000000e+00]]

  [[ 0.00000000e+00  0.00000000e+00  0.00000000e+00  0.00000000e+00]
   [ 0.00000000e+00  0.00000000e+00  0.00000000e+00  0.00000000e+00]
   [ 0.00000000e+00  0.00000000e+00  0.00000000e+00  0.00000000e+00]
   [ 0.00000000e+00  0.00000000e+00  0.00000000e+00  0.00000000e+00]
   [ 0.00000000e+00  0.00000000e+00  0.00000000e+00  0.00000000e+00]
   [ 0.00000000e+00  0.00000000e+00  0.00000000e+00  0.00000000e+00]
   [ 0.00000000e+00  0.00000000e+00  0.00000000e+00  0.00000000e+00]
   [ 0.00000000e+00  0.00000000e+00  0.00000000e+00  0.00000000e+00]
   [ 0.00000000e+00  0.00000000e+00  0.00000000e+00  0.00000000e+00]
   [ 0.00000000e+00  0.00000000e+00  0.00000000e+00  0.00000000e+00]
   [ 5.54881454e-01 -3.22091490e-01 -6.33947626e-02  6.73644152e-03]
   [ 1.16479242e+00 -6.76125944e-01 -1.33076608e-01  1.41409598e-02]
   [ 9.49259996e-01 -5.51016033e-01 -1.08452193e-01  1.15243262e-02]
   [ 8.25443417e-02 -4.79144379e-02 -9.43062548e-03  1.00211531e-03]
   [ 0.00000000e+00  0.00000000e+00  0.00000000e+00  0.00000000e+00]
   [ 0.00000000e+00  0.00000000e+00  0.00000000e+00  0.00000000e+00]
   [ 0.00000000e+00  0.00000000e+00  0.00000000e+00  0.00000000e+00]
   [ 0.00000000e+00  0.00000000e+00  0.00000000e+00  0.00000000e+00]
   [ 0.00000000e+00  0.00000000e+00  0.00000000e+00  0.00000000e+00]
   [ 0.00000000e+00  0.00000000e+00  0.00000000e+00  0.00000000e+00]
   [ 0.00000000e+00  0.00000000e+00  0.00000000e+00  0.00000000e+00]
   [ 0.00000000e+00  0.00000000e+00  0.00000000e+00  0.00000000e+00]
   [ 0.00000000e+00  0.00000000e+00  0.00000000e+00  0.00000000e+00]
   [ 0.00000000e+00  0.00000000e+00  0.00000000e+00  0.00000000e+00]
   [ 0.00000000e+00  0.00000000e+00  0.00000000e+00  0.00000000e+00]
   [ 0.00000000e+00  0.00000000e+00  0.00000000e+00  0.00000000e+00]
   [ 0.00000000e+00  0.00000000e+00  0.00000000e+00  0.00000000e+00]
   [ 0.00000000e+00  0.00000000e+00  0.00000000e+00  0.00000000e+00]]

  [[ 0.00000000e+00  0.00000000e+00  0.00000000e+00  0.00000000e+00]
   [ 0.00000000e+00  0.00000000e+00  0.00000000e+00  0.00000000e+00]
   [ 0.00000000e+00  0.00000000e+00  0.00000000e+00  0.00000000e+00]
   [ 0.00000000e+00  0.00000000e+00  0.00000000e+00  0.00000000e+00]
   [ 0.00000000e+00  0.00000000e+00  0.00000000e+00  0.00000000e+00]
   [ 0.00000000e+00  0.00000000e+00  0.00000000e+00  0.00000000e+00]
   [ 0.00000000e+00  0.00000000e+00  0.00000000e+00  0.00000000e+00]
   [ 0.00000000e+00  0.00000000e+00  0.00000000e+00  0.00000000e+00]
   [ 0.00000000e+00  0.00000000e+00  0.00000000e+00  0.00000000e+00]
   [ 0.00000000e+00  0.00000000e+00  0.00000000e+00  0.00000000e+00]
   [ 0.00000000e+00  0.00000000e+00  0.00000000e+00  0.00000000e+00]
   [ 0.00000000e+00  0.00000000e+00  0.00000000e+00  0.00000000e+00]
   [ 0.00000000e+00  0.00000000e+00  0.00000000e+00  0.00000000e+00]
   [ 0.00000000e+00  0.00000000e+00  0.00000000e+00  0.00000000e+00]
   [ 0.00000000e+00  0.00000000e+00  0.00000000e+00  0.00000000e+00]
   [ 0.00000000e+00  0.00000000e+00  0.00000000e+00  0.00000000e+00]
   [ 0.00000000e+00  0.00000000e+00  0.00000000e+00  0.00000000e+00]
   [ 0.00000000e+00  0.00000000e+00  0.00000000e+00  0.00000000e+00]
   [ 0.00000000e+00  0.00000000e+00  0.00000000e+00  0.00000000e+00]
   [ 0.00000000e+00  0.00000000e+00  0.00000000e+00  0.00000000e+00]
   [ 0.00000000e+00  0.00000000e+00  0.00000000e+00  0.00000000e+00]
   [ 0.00000000e+00  0.00000000e+00  0.00000000e+00  0.00000000e+00]
   [ 0.00000000e+00  0.00000000e+00  0.00000000e+00  0.00000000e+00]
   [ 0.00000000e+00  0.00000000e+00  0.00000000e+00  0.00000000e+00]
   [ 0.00000000e+00  0.00000000e+00  0.00000000e+00  0.00000000e+00]
   [ 0.00000000e+00  0.00000000e+00  0.00000000e+00  0.00000000e+00]
   [ 0.00000000e+00  0.00000000e+00  0.00000000e+00  0.00000000e+00]
   [ 0.00000000e+00  0.00000000e+00  0.00000000e+00  0.00000000e+00]]]]