[[[[ 0.06804121  0.10776362 -0.03894902]
   [ 0.06804121  0.10776362 -0.03894902]
   [ 0.06804121  0.10776362 -0.03894902]
   [ 0.06804121  0.10776362 -0.03894902]
   [ 0.06804121  0.10776362 -0.03894902]
   [ 0.06804121  0.10776362 -0.03894902]
   [ 0.06804121  0.10776362 -0.03894902]
   [ 0.06804121  0.10776362 -0.03894902]
   [ 0.06804121  0.10776362 -0.03894902]
   [ 0.06804121  0.10776362 -0.03894902]
   [ 0.06804121  0.10776362 -0.03894902]
   [ 0.06804121  0.10776362 -0.03894902]
   [ 0.06804121  0.10776362 -0.03894902]
   [ 0.06804121  0.10776362 -0.03894902]
   [ 0.06804121  0.10776362 -0.03894902]
   [ 0.06804121  0.10776362 -0.03894902]
   [ 0.06804121  0.10776362 -0.03894902]
   [ 0.06804121  0.10776362 -0.03894902]
   [ 0.06804121  0.10776362 -0.03894902]
   [ 0.06804121  0.10776362 -0.03894902]
   [ 0.06804121  0.10776362 -0.03894902]
   [ 0.06804121  0.10776362 -0.03894902]
   [ 0.06804121  0.10776362 -0.03894902]
   [ 0.06804121  0.10776362 -0.03894902]
   [ 0.06804121  0.10776362 -0.03894902]
   [ 0.06804121  0.10776362 -0.03894902]
   [ 0.06804121  0.10776362 -0.03894902]
   [ 0.06804121  0.10776362 -0.03894902]]

  [[ 0.06804121  0.10776362 -0.03894902]
   [ 0.06804121  0.10776362 -0.03894902]
   [ 0.06804121  0.10776362 -0.03894902]
   [ 0.06804121  0.10776362 -0.03894902]
   [ 0.06804121  0.10776362 -0.03894902]
   [ 0.06804121  0.10776362 -0.03894902]
   [ 0.06804121  0.10776362 -0.03894902]
   [ 0.06804121  0.10776362 -0.03894902]
   [ 0.06804121  0.10776362 -0.03894902]
   [ 0.06804121  0.10776362 -0.03894902]
   [ 0.06804121  0.10776362 -0.03894902]
   [ 0.06804121  0.10776362 -0.03894902]
   [ 0.06804121  0.10776362 -0.03894902]
   [ 0.06804121  0.10776362 -0.03894902]
   [ 0.06804121  0.10776362 -0.03894902]
   [ 0.06804121  0.10776362 -0.03894902]
   [ 0.06804121  0.10776362 -0.03894902]
   [ 0.06804121  0.10776362 -0.03894902]
   [ 0.06804121  0.10776362 -0.03894902]
   [ 0.06804121  0.10776362 -0.03894902]
   [ 0.06804121  0.10776362 -0.03894902]
   [ 0.06804121  0.10776362 -0.03894902]
   [ 0.06804121  0.10776362 -0.03894902]
   [ 0.06804121  0.10776362 -0.03894902]
   [ 0.06804121  0.10776362 -0.03894902]
   [ 0.06804121  0.10776362 -0.03894902]
   [ 0.06804121  0.10776362 -0.03894902]
   [ 0.06804121  0.10776362 -0.03894902]]

  [[ 0.06804121  0.10776362 -0.03894902]
   [ 0.06804121  0.10776362 -0.03894902]
   [ 0.06804121  0.10776362 -0.03894902]
   [ 0.06804121  0.10776362 -0.03894902]
   [ 0.06804121  0.10776362 -0.03894902]
   [ 0.06804121  0.10776362 -0.03894902]
   [ 0.06804121  0.10776362 -0.03894902]
   [ 0.06804121  0.10776362 -0.03894902]
   [ 0.06804121  0.10776362 -0.03894902]
   [ 0.06804121  0.10776362 -0.03894902]
   [ 0.06804121  0.10776362 -0.03894902]
   [ 0.06804121  0.10776362 -0.03894902]
   [ 0.06804121  0.10776362 -0.03894902]
   [ 0.06804121  0.10776362 -0.03894902]
   [ 0.06804121  0.10776362 -0.03894902]
   [ 0.06804121  0.10776362 -0.03894902]
   [ 0.06804121  0.10776362 -0.03894902]
   [ 0.06804121  0.10776362 -0.03894902]
   [ 0.06804121  0.10776362 -0.03894902]
   [ 0.06804121  0.10776362 -0.03894902]
   [ 0.06804121  0.10776362 -0.03894902]
   [ 0.06804121  0.10776362 -0.03894902]
   [ 0.06804121  0.10776362 -0.03894902]
   [ 0.06804121  0.10776362 -0.03894902]
   [ 0.06804121  0.10776362 -0.03894902]
   [ 0.06804121  0.10776362 -0.03894902]
   [ 0.06804121  0.10776362 -0.03894902]
   [ 0.06804121  0.10776362 -0.03894902]]

  [[ 0.06804121  0.10776362 -0.03894902]
   [ 0.06804121  0.10776362 -0.03894902]
   [ 0.06804121  0.10776362 -0.03894902]
   [ 0.06804121  0.10776362 -0.03894902]
   [ 0.06804121  0.10776362 -0.03894902]
   [ 0.06804121  0.10776362 -0.03894902]
   [ 0.06804121  0.10776362 -0.03894902]
   [ 0.06804121  0.10776362 -0.03894902]
   [ 0.06804121  0.10776362 -0.03894902]
   [ 0.06804121  0.10776362 -0.03894902]
   [ 0.06804121  0.10776362 -0.03894902]
   [ 0.06804121  0.10776362 -0.03894902]
   [ 0.06804121  0.10776362 -0.03894902]
   [ 0.06804121  0.10776362 -0.03894902]
   [ 0.06804121  0.10776362 -0.03894902]
   [ 0.06804121  0.10776362 -0.03894902]
   [ 0.06804121  0.10776362 -0.03894902]
   [ 0.06804121  0.10776362 -0.03894902]
   [ 0.06804121  0.10776362 -0.03894902]
   [ 0.06804121  0.10776362 -0.03894902]
   [ 0.06804121  0.10776362 -0.03894902]
   [ 0.06804121  0.10776362 -0.03894902]
   [ 0.06804121  0.10776362 -0.03894902]
   [ 0.06804121  0.10776362 -0.03894902]
   [ 0.06804121  0.10776362 -0.03894902]
   [ 0.06804121  0.10776362 -0.03894902]
   [ 0.06804121  0.10776362 -0.03894902]
   [ 0.06804121  0.10776362 -0.03894902]]

  [[ 0.06804121  0.10776362 -0.03894902]
   [ 0.06804121  0.10776362 -0.03894902]
   [ 0.06804121  0.10776362 -0.03894902]
   [ 0.06804121  0.10776362 -0.03894902]
   [ 0.06804121  0.10776362 -0.03894902]
   [ 0.06804121  0.10776362 -0.03894902]
   [ 0.06804121  0.10776362 -0.03894902]
   [ 0.06804121  0.10776362 -0.03894902]
   [ 0.06804121  0.10776362 -0.03894902]
   [ 0.06804121  0.10776362 -0.03894902]
   [ 0.06804121  0.10776362 -0.03894902]
   [ 0.06804121  0.10776362 -0.03894902]
   [ 0.06804121  0.10776362 -0.03894902]
   [ 0.06804121  0.10776362 -0.03894902]
   [ 0.06804121  0.10776362 -0.03894902]
   [ 0.06804121  0.10776362 -0.03894902]
   [ 0.06804121  0.10776362 -0.03894902]
   [ 0.06804121  0.10776362 -0.03894902]
   [ 0.06804121  0.10776362 -0.03894902]
   [ 0.06804121  0.10776362 -0.03894902]
   [ 0.06804121  0.10776362 -0.03894902]
   [ 0.06804121  0.10776362 -0.03894902]
   [ 0.06804121  0.10776362 -0.03894902]
   [ 0.06804121  0.10776362 -0.03894902]
   [ 0.06804121  0.10776362 -0.03894902]
   [ 0.06804121  0.10776362 -0.03894902]
   [ 0.06804121  0.10776362 -0.03894902]
   [ 0.06804121  0.10776362 -0.03894902]]

  [[ 0.06804121  0.10776362 -0.03894902]
   [ 0.06804121  0.10776362 -0.03894902]
   [ 0.06804121  0.10776362 -0.03894902]
   [ 0.06804121  0.10776362 -0.03894902]
   [ 0.06804121  0.10776362 -0.03894902]
   [ 0.06804121  0.10776362 -0.03894902]
   [ 0.06804121  0.10776362 -0.03894902]
   [ 0.06804121  0.10776362 -0.03894902]
   [ 0.06804121  0.10776362 -0.03894902]
   [ 0.06804121  0.10776362 -0.03894902]
   [ 0.06804121  0.10776362 -0.03894902]
   [ 0.06804121  0.10776362 -0.03894902]
   [ 0.06804121  0.10776362 -0.03894902]
   [ 0.06804121  0.10776362 -0.03894902]
   [ 0.06804121  0.10776362 -0.03894902]
   [ 0.06804121  0.10776362 -0.03894902]
   [ 0.06804121  0.10776362 -0.03894902]
   [ 0.06804121  0.10776362 -0.03894902]
   [ 0.06804121  0.10776362 -0.03894902]
   [ 0.06804121  0.10776362 -0.03894902]
   [ 0.06804121  0.10776362 -0.03894902]
   [ 0.06804121  0.10776362 -0.03894902]
   [ 0.06804121  0.10776362 -0.03894902]
   [ 0.06804121  0.10776362 -0.03894902]
   [ 0.06804121  0.10776362 -0.03894902]
   [ 0.06804121  0.10776362 -0.03894902]
   [ 0.06804121  0.10776362 -0.03894902]
   [ 0.06804121  0.10776362 -0.03894902]]

  [[ 0.06804121  0.10776362 -0.03894902]
   [ 0.06804121  0.10776362 -0.03894902]
   [ 0.06804121  0.10776362 -0.03894902]
   [ 0.06804121  0.10776362 -0.03894902]
   [ 0.06804121  0.10776362 -0.03894902]
   [ 0.06804121  0.10776362 -0.03894902]
   [ 0.06804121  0.10776362 -0.03894902]
   [ 0.06804121  0.10776362 -0.03894902]
   [ 0.06804121  0.10776362 -0.03894902]
   [ 0.06804121  0.10776362 -0.03894902]
   [ 0.06804121  0.10776362 -0.03894902]
   [ 0.06804121  0.10776362 -0.03894902]
   [ 0.06804121  0.10776362 -0.03894902]
   [ 0.06804121  0.10776362 -0.03894902]
   [ 0.06804121  0.10776362 -0.03894902]
   [ 0.06804121  0.10776362 -0.03894902]
   [ 0.06804121  0.10776362 -0.03894902]
   [ 0.06804121  0.10776362 -0.03894902]
   [ 0.06804121  0.10776362 -0.03894902]
   [ 0.06804121  0.10776362 -0.03894902]
   [ 0.06804121  0.10776362 -0.03894902]
   [ 0.06804121  0.10776362 -0.03894902]
   [ 0.06804121  0.10776362 -0.03894902]
   [ 0.06804121  0.10776362 -0.03894902]
   [ 0.06804121  0.10776362 -0.03894902]
   [ 0.06804121  0.10776362 -0.03894902]
   [ 0.06804121  0.10776362 -0.03894902]
   [ 0.06804121  0.10776362 -0.03894902]]

  [[ 0.06804121  0.10776362 -0.03894902]
   [ 0.06804121  0.10776362 -0.03894902]
   [ 0.06804121  0.10776362 -0.03894902]
   [ 0.06804121  0.10776362 -0.03894902]
   [ 0.06804121  0.10776362 -0.03894902]
   [ 0.06804121  0.10776362 -0.03894902]
   [ 0.2641315   0.33928868 -0.0506843 ]
   [ 0.4999067   0.61766994 -0.06479456]
   [ 0.43921208  0.5460075  -0.06116222]
   [ 0.42053682  0.5239575  -0.06004457]
   [ 0.20810571  0.27313867 -0.04733136]
   [ 0.15207991  0.20698865 -0.04397842]
   [ 0.06804121  0.10776362 -0.03894902]
   [ 0.06804121  0.10776362 -0.03894902]
   [ 0.06804121  0.10776362 -0.03894902]
   [ 0.06804121  0.10776362 -0.03894902]
   [ 0.06804121  0.10776362 -0.03894902]
   [ 0.06804121  0.10776362 -0.03894902]
   [ 0.06804121  0.10776362 -0.03894902]
   [ 0.06804121  0.10776362 -0.03894902]
   [ 0.06804121  0.10776362 -0.03894902]
   [ 0.06804121  0.10776362 -0.03894902]
   [ 0.06804121  0.10776362 -0.03894902]
   [ 0.06804121  0.10776362 -0.03894902]
   [ 0.06804121  0.10776362 -0.03894902]
   [ 0.06804121  0.10776362 -0.03894902]
   [ 0.06804121  0.10776362 -0.03894902]
   [ 0.06804121  0.10776362 -0.03894902]]

  [[ 0.06804121  0.10776362 -0.03894902]
   [ 0.06804121  0.10776362 -0.03894902]
   [ 0.06804121  0.10776362 -0.03894902]
   [ 0.06804121  0.10776362 -0.03894902]
   [ 0.06804121  0.10776362 -0.03894902]
   [ 0.06804121  0.10776362 -0.03894902]
   [ 0.5862798   0.71965134 -0.06996368]
   [ 0.6609809   0.8078513  -0.07443426]
   [ 0.6609809   0.8078513  -0.07443426]
   [ 0.6609809   0.8078513  -0.07443426]
   [ 0.6609809   0.8078513  -0.07443426]
   [ 0.63063353  0.7720201  -0.07261808]
   [ 0.53025407  0.6535013  -0.06661074]
   [ 0.53025407  0.6535013  -0.06661074]
   [ 0.53025407  0.6535013  -0.06661074]
   [ 0.53025407  0.6535013  -0.06661074]
   [ 0.53025407  0.6535013  -0.06661074]
   [ 0.53025407  0.6535013  -0.06661074]
   [ 0.53025407  0.6535013  -0.06661074]
   [ 0.53025407  0.6535013  -0.06661074]
   [ 0.46489057  0.57632625 -0.06269898]
   [ 0.18943045  0.25108868 -0.04621372]
   [ 0.06804121  0.10776362 -0.03894902]
   [ 0.06804121  0.10776362 -0.03894902]
   [ 0.06804121  0.10776362 -0.03894902]
   [ 0.06804121  0.10776362 -0.03894902]
   [ 0.06804121  0.10776362 -0.03894902]
   [ 0.06804121  0.10776362 -0.03894902]]

  [[ 0.06804121  0.10776362 -0.03894902]
   [ 0.06804121  0.10776362 -0.03894902]
   [ 0.06804121  0.10776362 -0.03894902]
   [ 0.06804121  0.10776362 -0.03894902]
   [ 0.06804121  0.10776362 -0.03894902]
   [ 0.06804121  0.10776362 -0.03894902]
   [ 0.22444656  0.29243243 -0.0483093 ]
   [ 0.33416373  0.4219762  -0.05487546]
   [ 0.23611858  0.30621368 -0.04900783]
   [ 0.33416373  0.4219762  -0.05487546]
   [ 0.44854972  0.55703247 -0.06172104]
   [ 0.5979518   0.73343253 -0.0706622 ]
   [ 0.6609809   0.8078513  -0.07443426]
   [ 0.59328306  0.72792006 -0.07038279]
   [ 0.6609809   0.8078513  -0.07443426]
   [ 0.6609809   0.8078513  -0.07443426]
   [ 0.6609809   0.8078513  -0.07443426]
   [ 0.6516432   0.79682636 -0.07387543]
   [ 0.60262066  0.738945   -0.07094161]
   [ 0.6609809   0.8078513  -0.07443426]
   [ 0.6609809   0.8078513  -0.07443426]
   [ 0.39485833  0.49363872 -0.05850781]
   [ 0.06804121  0.10776362 -0.03894902]
   [ 0.06804121  0.10776362 -0.03894902]
   [ 0.06804121  0.10776362 -0.03894902]
   [ 0.06804121  0.10776362 -0.03894902]
   [ 0.06804121  0.10776362 -0.03894902]
   [ 0.06804121  0.10776362 -0.03894902]]

  [[ 0.06804121  0.10776362 -0.03894902]
   [ 0.06804121  0.10776362 -0.03894902]
   [ 0.06804121  0.10776362 -0.03894902]
   [ 0.06804121  0.10776362 -0.03894902]
   [ 0.06804121  0.10776362 -0.03894902]
   [ 0.06804121  0.10776362 -0.03894902]
   [ 0.06804121  0.10776362 -0.03894902]
   [ 0.06804121  0.10776362 -0.03894902]
   [ 0.06804121  0.10776362 -0.03894902]
   [ 0.06804121  0.10776362 -0.03894902]
   [ 0.06804121  0.10776362 -0.03894902]
   [ 0.10772615  0.15461987 -0.04132402]
   [ 0.22211215  0.2896762  -0.04816959]
   [ 0.10072292  0.14635113 -0.0409049 ]
   [ 0.22444656  0.29243243 -0.0483093 ]
   [ 0.22444656  0.29243243 -0.0483093 ]
   [ 0.22444656  0.29243243 -0.0483093 ]
   [ 0.2057713   0.2703824  -0.04719165]
   [ 0.11706378  0.16564488 -0.04188284]
   [ 0.6189615   0.7582388  -0.07191956]
   [ 0.6609809   0.8078513  -0.07443426]
   [ 0.3154885   0.39992622 -0.05375782]
   [ 0.06804121  0.10776362 -0.03894902]
   [ 0.06804121  0.10776362 -0.03894902]
   [ 0.06804121  0.10776362 -0.03894902]
   [ 0.06804121  0.10776362 -0.03894902]
   [ 0.06804121  0.10776362 -0.03894902]
   [ 0.06804121  0.10776362 -0.03894902]]

  [[ 0.06804121  0.10776362 -0.03894902]
   [ 0.06804121  0.10776362 -0.03894902]
   [ 0.06804121  0.10776362 -0.03894902]
   [ 0.06804121  0.10776362 -0.03894902]
   [ 0.06804121  0.10776362 -0.03894902]
   [ 0.06804121  0.10776362 -0.03894902]
   [ 0.06804121  0.10776362 -0.03894902]
   [ 0.06804121  0.10776362 -0.03894902]
   [ 0.06804121  0.10776362 -0.03894902]
   [ 0.06804121  0.10776362 -0.03894902]
   [ 0.06804121  0.10776362 -0.03894902]
   [ 0.06804121  0.10776362 -0.03894902]
   [ 0.06804121  0.10776362 -0.03894902]
   [ 0.06804121  0.10776362 -0.03894902]
   [ 0.06804121  0.10776362 -0.03894902]
   [ 0.06804121  0.10776362 -0.03894902]
   [ 0.06804121  0.10776362 -0.03894902]
   [ 0.06804121  0.10776362 -0.03894902]
   [ 0.26179707  0.3365324  -0.05054459]
   [ 0.65864646  0.8050951  -0.07429455]
   [ 0.5559325   0.68382    -0.0681475 ]
   [ 0.11006056  0.15737614 -0.04146372]
   [ 0.06804121  0.10776362 -0.03894902]
   [ 0.06804121  0.10776362 -0.03894902]
   [ 0.06804121  0.10776362 -0.03894902]
   [ 0.06804121  0.10776362 -0.03894902]
   [ 0.06804121  0.10776362 -0.03894902]
   [ 0.06804121  0.10776362 -0.03894902]]

  [[ 0.06804121  0.10776362 -0.03894902]
   [ 0.06804121  0.10776362 -0.03894902]
   [ 0.06804121  0.10776362 -0.03894902]
   [ 0.06804121  0.10776362 -0.03894902]
   [ 0.06804121  0.10776362 -0.03894902]
   [ 0.06804121  0.10776362 -0.03894902]
   [ 0.06804121  0.10776362 -0.03894902]
   [ 0.06804121  0.10776362 -0.03894902]
   [ 0.06804121  0.10776362 -0.03894902]
   [ 0.06804121  0.10776362 -0.03894902]
   [ 0.06804121  0.10776362 -0.03894902]
   [ 0.06804121  0.10776362 -0.03894902]
   [ 0.06804121  0.10776362 -0.03894902]
   [ 0.06804121  0.10776362 -0.03894902]
   [ 0.06804121  0.10776362 -0.03894902]
   [ 0.06804121  0.10776362 -0.03894902]
   [ 0.06804121  0.10776362 -0.03894902]
   [ 0.11939819  0.16840114 -0.04202254]
   [ 0.6119583   0.7499701  -0.07150044]
   [ 0.66331524  0.81060755 -0.07457396]
   [ 0.26179707  0.3365324  -0.05054459]
   [ 0.06804121  0.10776362 -0.03894902]
   [ 0.06804121  0.10776362 -0.03894902]
   [ 0.06804121  0.10776362 -0.03894902]
   [ 0.06804121  0.10776362 -0.03894902]
   [ 0.06804121  0.10776362 -0.03894902]
   [ 0.06804121  0.10776362 -0.03894902]
   [ 0.06804121  0.10776362 -0.03894902]]

  [[ 0.06804121  0.10776362 -0.03894902]
   [ 0.06804121  0.10776362 -0.03894902]
   [ 0.06804121  0.10776362 -0.03894902]
   [ 0.06804121  0.10776362 -0.03894902]
   [ 0.06804121  0.10776362 -0.03894902]
   [ 0.06804121  0.10776362 -0.03894902]
   [ 0.06804121  0.10776362 -0.03894902]
   [ 0.06804121  0.10776362 -0.03894902]
   [ 0.06804121  0.10776362 -0.03894902]
   [ 0.06804121  0.10776362 -0.03894902]
   [ 0.06804121  0.10776362 -0.03894902]
   [ 0.06804121  0.10776362 -0.03894902]
   [ 0.06804121  0.10776362 -0.03894902]
   [ 0.06804121  0.10776362 -0.03894902]
   [ 0.06804121  0.10776362 -0.03894902]
   [ 0.06804121  0.10776362 -0.03894902]
   [ 0.06804121  0.10776362 -0.03894902]
   [ 0.36917984  0.46331996 -0.05697105]
   [ 0.6609809   0.8078513  -0.07443426]
   [ 0.62363034  0.76375127 -0.07219896]
   [ 0.17075516  0.22903866 -0.04509607]
   [ 0.06804121  0.10776362 -0.03894902]
   [ 0.06804121  0.10776362 -0.03894902]
   [ 0.06804121  0.10776362 -0.03894902]
   [ 0.06804121  0.10776362 -0.03894902]
   [ 0.06804121  0.10776362 -0.03894902]
   [ 0.06804121  0.10776362 -0.03894902]
   [ 0.06804121  0.10776362 -0.03894902]]

  [[ 0.06804121  0.10776362 -0.03894902]
   [ 0.06804121  0.10776362 -0.03894902]
   [ 0.06804121  0.10776362 -0.03894902]
   [ 0.06804121  0.10776362 -0.03894902]
   [ 0.06804121  0.10776362 -0.03894902]
   [ 0.06804121  0.10776362 -0.03894902]
   [ 0.06804121  0.10776362 -0.03894902]
   [ 0.06804121  0.10776362 -0.03894902]
   [ 0.06804121  0.10776362 -0.03894902]
   [ 0.06804121  0.10776362 -0.03894902]
   [ 0.06804121  0.10776362 -0.03894902]
   [ 0.06804121  0.10776362 -0.03894902]
   [ 0.06804121  0.10776362 -0.03894902]
   [ 0.06804121  0.10776362 -0.03894902]
   [ 0.06804121  0.10776362 -0.03894902]
   [ 0.06804121  0.10776362 -0.03894902]
   [ 0.2057713   0.2703824  -0.04719165]
   [ 0.6493088   0.79407    -0.07373573]
   [ 0.6609809   0.8078513  -0.07443426]
   [ 0.21277452  0.27865118 -0.04761077]
   [ 0.06804121  0.10776362 -0.03894902]
   [ 0.06804121  0.10776362 -0.03894902]
   [ 0.06804121  0.10776362 -0.03894902]
   [ 0.06804121  0.10776362 -0.03894902]
   [ 0.06804121  0.10776362 -0.03894902]
   [ 0.06804121  0.10776362 -0.03894902]
   [ 0.06804121  0.10776362 -0.03894902]
   [ 0.06804121  0.10776362 -0.03894902]]

  [[ 0.06804121  0.10776362 -0.03894902]
   [ 0.06804121  0.10776362 -0.03894902]
   [ 0.06804121  0.10776362 -0.03894902]
   [ 0.06804121  0.10776362 -0.03894902]
   [ 0.06804121  0.10776362 -0.03894902]
   [ 0.06804121  0.10776362 -0.03894902]
   [ 0.06804121  0.10776362 -0.03894902]
   [ 0.06804121  0.10776362 -0.03894902]
   [ 0.06804121  0.10776362 -0.03894902]
   [ 0.06804121  0.10776362 -0.03894902]
   [ 0.06804121  0.10776362 -0.03894902]
   [ 0.06804121  0.10776362 -0.03894902]
   [ 0.06804121  0.10776362 -0.03894902]
   [ 0.06804121  0.10776362 -0.03894902]
   [ 0.06804121  0.10776362 -0.03894902]
   [ 0.06804121  0.10776362 -0.03894902]
   [ 0.37851748  0.47434497 -0.05752987]
   [ 0.6609809   0.8078513  -0.07443426]
   [ 0.5045755   0.62318254 -0.06507397]
   [ 0.07971326  0.12154487 -0.03964755]
   [ 0.06804121  0.10776362 -0.03894902]
   [ 0.06804121  0.10776362 -0.03894902]
   [ 0.06804121  0.10776362 -0.03894902]
   [ 0.06804121  0.10776362 -0.03894902]
   [ 0.06804121  0.10776362 -0.03894902]
   [ 0.06804121  0.10776362 -0.03894902]
   [ 0.06804121  0.10776362 -0.03894902]
   [ 0.06804121  0.10776362 -0.03894902]]

  [[ 0.06804121  0.10776362 -0.03894902]
   [ 0.06804121  0.10776362 -0.03894902]
   [ 0.06804121  0.10776362 -0.03894902]
   [ 0.06804121  0.10776362 -0.03894902]
   [ 0.06804121  0.10776362 -0.03894902]
   [ 0.06804121  0.10776362 -0.03894902]
   [ 0.06804121  0.10776362 -0.03894902]
   [ 0.06804121  0.10776362 -0.03894902]
   [ 0.06804121  0.10776362 -0.03894902]
   [ 0.06804121  0.10776362 -0.03894902]
   [ 0.06804121  0.10776362 -0.03894902]
   [ 0.06804121  0.10776362 -0.03894902]
   [ 0.06804121  0.10776362 -0.03894902]
   [ 0.06804121  0.10776362 -0.03894902]
   [ 0.06804121  0.10776362 -0.03894902]
   [ 0.08905089  0.13256988 -0.04020637]
   [ 0.5465949   0.67279506 -0.06758868]
   [ 0.64697444  0.79131377 -0.07359602]
   [ 0.20343688  0.26762617 -0.04705195]
   [ 0.06804121  0.10776362 -0.03894902]
   [ 0.06804121  0.10776362 -0.03894902]
   [ 0.06804121  0.10776362 -0.03894902]
   [ 0.06804121  0.10776362 -0.03894902]
   [ 0.06804121  0.10776362 -0.03894902]
   [ 0.06804121  0.10776362 -0.03894902]
   [ 0.06804121  0.10776362 -0.03894902]
   [ 0.06804121  0.10776362 -0.03894902]
   [ 0.06804121  0.10776362 -0.03894902]]

  [[ 0.06804121  0.10776362 -0.03894902]
   [ 0.06804121  0.10776362 -0.03894902]
   [ 0.06804121  0.10776362 -0.03894902]
   [ 0.06804121  0.10776362 -0.03894902]
   [ 0.06804121  0.10776362 -0.03894902]
   [ 0.06804121  0.10776362 -0.03894902]
   [ 0.06804121  0.10776362 -0.03894902]
   [ 0.06804121  0.10776362 -0.03894902]
   [ 0.06804121  0.10776362 -0.03894902]
   [ 0.06804121  0.10776362 -0.03894902]
   [ 0.06804121  0.10776362 -0.03894902]
   [ 0.06804121  0.10776362 -0.03894902]
   [ 0.06804121  0.10776362 -0.03894902]
   [ 0.06804121  0.10776362 -0.03894902]
   [ 0.06804121  0.10776362 -0.03894902]
   [ 0.36217663  0.4550512  -0.05655193]
   [ 0.6609809   0.8078513  -0.07443426]
   [ 0.49290347  0.6094012  -0.06437545]
   [ 0.06804121  0.10776362 -0.03894902]
   [ 0.06804121  0.10776362 -0.03894902]
   [ 0.06804121  0.10776362 -0.03894902]
   [ 0.06804121  0.10776362 -0.03894902]
   [ 0.06804121  0.10776362 -0.03894902]
   [ 0.06804121  0.10776362 -0.03894902]
   [ 0.06804121  0.10776362 -0.03894902]
   [ 0.06804121  0.10776362 -0.03894902]
   [ 0.06804121  0.10776362 -0.03894902]
   [ 0.06804121  0.10776362 -0.03894902]]

  [[ 0.06804121  0.10776362 -0.03894902]
   [ 0.06804121  0.10776362 -0.03894902]
   [ 0.06804121  0.10776362 -0.03894902]
   [ 0.06804121  0.10776362 -0.03894902]
   [ 0.06804121  0.10776362 -0.03894902]
   [ 0.06804121  0.10776362 -0.03894902]
   [ 0.06804121  0.10776362 -0.03894902]
   [ 0.06804121  0.10776362 -0.03894902]
   [ 0.06804121  0.10776362 -0.03894902]
   [ 0.06804121  0.10776362 -0.03894902]
   [ 0.06804121  0.10776362 -0.03894902]
   [ 0.06804121  0.10776362 -0.03894902]
   [ 0.06804121  0.10776362 -0.03894902]
   [ 0.06804121  0.10776362 -0.03894902]
   [ 0.2431218   0.31448242 -0.04942694]
   [ 0.65397763  0.7995826  -0.07401514]
   [ 0.6282992   0.76926386 -0.07247838]
   [ 0.20110247  0.26486993 -0.04691224]
   [ 0.06804121  0.10776362 -0.03894902]
   [ 0.06804121  0.10776362 -0.03894902]
   [ 0.06804121  0.10776362 -0.03894902]
   [ 0.06804121  0.10776362 -0.03894902]
   [ 0.06804121  0.10776362 -0.03894902]
   [ 0.06804121  0.10776362 -0.03894902]
   [ 0.06804121  0.10776362 -0.03894902]
   [ 0.06804121  0.10776362 -0.03894902]
   [ 0.06804121  0.10776362 -0.03894902]
   [ 0.06804121  0.10776362 -0.03894902]]

  [[ 0.06804121  0.10776362 -0.03894902]
   [ 0.06804121  0.10776362 -0.03894902]
   [ 0.06804121  0.10776362 -0.03894902]
   [ 0.06804121  0.10776362 -0.03894902]
   [ 0.06804121  0.10776362 -0.03894902]
   [ 0.06804121  0.10776362 -0.03894902]
   [ 0.06804121  0.10776362 -0.03894902]
   [ 0.06804121  0.10776362 -0.03894902]
   [ 0.06804121  0.10776362 -0.03894902]
   [ 0.06804121  0.10776362 -0.03894902]
   [ 0.06804121  0.10776362 -0.03894902]
   [ 0.06804121  0.10776362 -0.03894902]
   [ 0.06804121  0.10776362 -0.03894902]
   [ 0.11239497  0.16013238 -0.04160343]
   [ 0.5839454   0.7168951  -0.06982397]
   [ 0.6609809   0.8078513  -0.07443426]
   [ 0.45555294  0.56530124 -0.06214016]
   [ 0.06804121  0.10776362 -0.03894902]
   [ 0.06804121  0.10776362 -0.03894902]
   [ 0.06804121  0.10776362 -0.03894902]
   [ 0.06804121  0.10776362 -0.03894902]
   [ 0.06804121  0.10776362 -0.03894902]
   [ 0.06804121  0.10776362 -0.03894902]
   [ 0.06804121  0.10776362 -0.03894902]
   [ 0.06804121  0.10776362 -0.03894902]
   [ 0.06804121  0.10776362 -0.03894902]
   [ 0.06804121  0.10776362 -0.03894902]
   [ 0.06804121  0.10776362 -0.03894902]]

  [[ 0.06804121  0.10776362 -0.03894902]
   [ 0.06804121  0.10776362 -0.03894902]
   [ 0.06804121  0.10776362 -0.03894902]
   [ 0.06804121  0.10776362 -0.03894902]
   [ 0.06804121  0.10776362 -0.03894902]
   [ 0.06804121  0.10776362 -0.03894902]
   [ 0.06804121  0.10776362 -0.03894902]
   [ 0.06804121  0.10776362 -0.03894902]
   [ 0.06804121  0.10776362 -0.03894902]
   [ 0.06804121  0.10776362 -0.03894902]
   [ 0.06804121  0.10776362 -0.03894902]
   [ 0.06804121  0.10776362 -0.03894902]
   [ 0.07504444  0.11603237 -0.03936814]
   [ 0.5419261   0.6672826  -0.06730927]
   [ 0.6609809   0.8078513  -0.07443426]
   [ 0.57927656  0.7113825  -0.06954456]
   [ 0.1497455   0.2042324  -0.04383872]
   [ 0.06804121  0.10776362 -0.03894902]
   [ 0.06804121  0.10776362 -0.03894902]
   [ 0.06804121  0.10776362 -0.03894902]
   [ 0.06804121  0.10776362 -0.03894902]
   [ 0.06804121  0.10776362 -0.03894902]
   [ 0.06804121  0.10776362 -0.03894902]
   [ 0.06804121  0.10776362 -0.03894902]
   [ 0.06804121  0.10776362 -0.03894902]
   [ 0.06804121  0.10776362 -0.03894902]
   [ 0.06804121  0.10776362 -0.03894902]
   [ 0.06804121  0.10776362 -0.03894902]]

  [[ 0.06804121  0.10776362 -0.03894902]
   [ 0.06804121  0.10776362 -0.03894902]
   [ 0.06804121  0.10776362 -0.03894902]
   [ 0.06804121  0.10776362 -0.03894902]
   [ 0.06804121  0.10776362 -0.03894902]
   [ 0.06804121  0.10776362 -0.03894902]
   [ 0.06804121  0.10776362 -0.03894902]
   [ 0.06804121  0.10776362 -0.03894902]
   [ 0.06804121  0.10776362 -0.03894902]
   [ 0.06804121  0.10776362 -0.03894902]
   [ 0.06804121  0.10776362 -0.03894902]
   [ 0.06804121  0.10776362 -0.03894902]
   [ 0.15674871  0.21250114 -0.04425783]
   [ 0.6609809   0.8078513  -0.07443426]
   [ 0.6609809   0.8078513  -0.07443426]
   [ 0.24779063  0.31999493 -0.04970635]
   [ 0.06804121  0.10776362 -0.03894902]
   [ 0.06804121  0.10776362 -0.03894902]
   [ 0.06804121  0.10776362 -0.03894902]
   [ 0.06804121  0.10776362 -0.03894902]
   [ 0.06804121  0.10776362 -0.03894902]
   [ 0.06804121  0.10776362 -0.03894902]
   [ 0.06804121  0.10776362 -0.03894902]
   [ 0.06804121  0.10776362 -0.03894902]
   [ 0.06804121  0.10776362 -0.03894902]
   [ 0.06804121  0.10776362 -0.03894902]
   [ 0.06804121  0.10776362 -0.03894902]
   [ 0.06804121  0.10776362 -0.03894902]]

  [[ 0.06804121  0.10776362 -0.03894902]
   [ 0.06804121  0.10776362 -0.03894902]
   [ 0.06804121  0.10776362 -0.03894902]
   [ 0.06804121  0.10776362 -0.03894902]
   [ 0.06804121  0.10776362 -0.03894902]
   [ 0.06804121  0.10776362 -0.03894902]
   [ 0.06804121  0.10776362 -0.03894902]
   [ 0.06804121  0.10776362 -0.03894902]
   [ 0.06804121  0.10776362 -0.03894902]
   [ 0.06804121  0.10776362 -0.03894902]
   [ 0.06804121  0.10776362 -0.03894902]
   [ 0.14040786  0.19320738 -0.04327989]
   [ 0.59094864  0.7251638  -0.07024309]
   [ 0.6609809   0.8078513  -0.07443426]
   [ 0.33649814  0.42473245 -0.05501517]
   [ 0.07037562  0.11051987 -0.03908873]
   [ 0.06804121  0.10776362 -0.03894902]
   [ 0.06804121  0.10776362 -0.03894902]
   [ 0.06804121  0.10776362 -0.03894902]
   [ 0.06804121  0.10776362 -0.03894902]
   [ 0.06804121  0.10776362 -0.03894902]
   [ 0.06804121  0.10776362 -0.03894902]
   [ 0.06804121  0.10776362 -0.03894902]
   [ 0.06804121  0.10776362 -0.03894902]
   [ 0.06804121  0.10776362 -0.03894902]
   [ 0.06804121  0.10776362 -0.03894902]
   [ 0.06804121  0.10776362 -0.03894902]
   [ 0.06804121  0.10776362 -0.03894902]]

  [[ 0.06804121  0.10776362 -0.03894902]
   [ 0.06804121  0.10776362 -0.03894902]
   [ 0.06804121  0.10776362 -0.03894902]
   [ 0.06804121  0.10776362 -0.03894902]
   [ 0.06804121  0.10776362 -0.03894902]
   [ 0.06804121  0.10776362 -0.03894902]
   [ 0.06804121  0.10776362 -0.03894902]
   [ 0.06804121  0.10776362 -0.03894902]
   [ 0.06804121  0.10776362 -0.03894902]
   [ 0.06804121  0.10776362 -0.03894902]
   [ 0.06804121  0.10776362 -0.03894902]
   [ 0.37851748  0.47434497 -0.05752987]
   [ 0.6609809   0.8078513  -0.07443426]
   [ 0.6609809   0.8078513  -0.07443426]
   [ 0.18943045  0.25108868 -0.04621372]
   [ 0.06804121  0.10776362 -0.03894902]
   [ 0.06804121  0.10776362 -0.03894902]
   [ 0.06804121  0.10776362 -0.03894902]
   [ 0.06804121  0.10776362 -0.03894902]
   [ 0.06804121  0.10776362 -0.03894902]
   [ 0.06804121  0.10776362 -0.03894902]
   [ 0.06804121  0.10776362 -0.03894902]
   [ 0.06804121  0.10776362 -0.03894902]
   [ 0.06804121  0.10776362 -0.03894902]
   [ 0.06804121  0.10776362 -0.03894902]
   [ 0.06804121  0.10776362 -0.03894902]
   [ 0.06804121  0.10776362 -0.03894902]
   [ 0.06804121  0.10776362 -0.03894902]]

  [[ 0.06804121  0.10776362 -0.03894902]
   [ 0.06804121  0.10776362 -0.03894902]
   [ 0.06804121  0.10776362 -0.03894902]
   [ 0.06804121  0.10776362 -0.03894902]
   [ 0.06804121  0.10776362 -0.03894902]
   [ 0.06804121  0.10776362 -0.03894902]
   [ 0.06804121  0.10776362 -0.03894902]
   [ 0.06804121  0.10776362 -0.03894902]
   [ 0.06804121  0.10776362 -0.03894902]
   [ 0.06804121  0.10776362 -0.03894902]
   [ 0.2104401   0.2758949  -0.04747107]
   [ 0.63296795  0.77477634 -0.07275779]
   [ 0.6609809   0.8078513  -0.07443426]
   [ 0.6609809   0.8078513  -0.07443426]
   [ 0.18943045  0.25108868 -0.04621372]
   [ 0.06804121  0.10776362 -0.03894902]
   [ 0.06804121  0.10776362 -0.03894902]
   [ 0.06804121  0.10776362 -0.03894902]
   [ 0.06804121  0.10776362 -0.03894902]
   [ 0.06804121  0.10776362 -0.03894902]
   [ 0.06804121  0.10776362 -0.03894902]
   [ 0.06804121  0.10776362 -0.03894902]
   [ 0.06804121  0.10776362 -0.03894902]
   [ 0.06804121  0.10776362 -0.03894902]
   [ 0.06804121  0.10776362 -0.03894902]
   [ 0.06804121  0.10776362 -0.03894902]
   [ 0.06804121  0.10776362 -0.03894902]
   [ 0.06804121  0.10776362 -0.03894902]]

  [[ 0.06804121  0.10776362 -0.03894902]
   [ 0.06804121  0.10776362 -0.03894902]
   [ 0.06804121  0.10776362 -0.03894902]
   [ 0.06804121  0.10776362 -0.03894902]
   [ 0.06804121  0.10776362 -0.03894902]
   [ 0.06804121  0.10776362 -0.03894902]
   [ 0.06804121  0.10776362 -0.03894902]
   [ 0.06804121  0.10776362 -0.03894902]
   [ 0.06804121  0.10776362 -0.03894902]
   [ 0.06804121  0.10776362 -0.03894902]
   [ 0.35050458  0.44126996 -0.0558534 ]
   [ 0.6609809   0.8078513  -0.07443426]
   [ 0.6609809   0.8078513  -0.07443426]
   [ 0.57927656  0.7113825  -0.06954456]
   [ 0.16141754  0.21801364 -0.04453725]
   [ 0.06804121  0.10776362 -0.03894902]
   [ 0.06804121  0.10776362 -0.03894902]
   [ 0.06804121  0.10776362 -0.03894902]
   [ 0.06804121  0.10776362 -0.03894902]
   [ 0.06804121  0.10776362 -0.03894902]
   [ 0.06804121  0.10776362 -0.03894902]
   [ 0.06804121  0.10776362 -0.03894902]
   [ 0.06804121  0.10776362 -0.03894902]
   [ 0.06804121  0.10776362 -0.03894902]
   [ 0.06804121  0.10776362 -0.03894902]
   [ 0.06804121  0.10776362 -0.03894902]
   [ 0.06804121  0.10776362 -0.03894902]
   [ 0.06804121  0.10776362 -0.03894902]]

  [[ 0.06804121  0.10776362 -0.03894902]
   [ 0.06804121  0.10776362 -0.03894902]
   [ 0.06804121  0.10776362 -0.03894902]
   [ 0.06804121  0.10776362 -0.03894902]
   [ 0.06804121  0.10776362 -0.03894902]
   [ 0.06804121  0.10776362 -0.03894902]
   [ 0.06804121  0.10776362 -0.03894902]
   [ 0.06804121  0.10776362 -0.03894902]
   [ 0.06804121  0.10776362 -0.03894902]
   [ 0.06804121  0.10776362 -0.03894902]
   [ 0.35050458  0.44126996 -0.0558534 ]
   [ 0.6609809   0.8078513  -0.07443426]
   [ 0.5512637   0.67830753 -0.06786809]
   [ 0.11006056  0.15737614 -0.04146372]
   [ 0.06804121  0.10776362 -0.03894902]
   [ 0.06804121  0.10776362 -0.03894902]
   [ 0.06804121  0.10776362 -0.03894902]
   [ 0.06804121  0.10776362 -0.03894902]
   [ 0.06804121  0.10776362 -0.03894902]
   [ 0.06804121  0.10776362 -0.03894902]
   [ 0.06804121  0.10776362 -0.03894902]
   [ 0.06804121  0.10776362 -0.03894902]
   [ 0.06804121  0.10776362 -0.03894902]
   [ 0.06804121  0.10776362 -0.03894902]
   [ 0.06804121  0.10776362 -0.03894902]
   [ 0.06804121  0.10776362 -0.03894902]
   [ 0.06804121  0.10776362 -0.03894902]
   [ 0.06804121  0.10776362 -0.03894902]]

  [[ 0.06804121  0.10776362 -0.03894902]
   [ 0.06804121  0.10776362 -0.03894902]
   [ 0.06804121  0.10776362 -0.03894902]
   [ 0.06804121  0.10776362 -0.03894902]
   [ 0.06804121  0.10776362 -0.03894902]
   [ 0.06804121  0.10776362 -0.03894902]
   [ 0.06804121  0.10776362 -0.03894902]
   [ 0.06804121  0.10776362 -0.03894902]
   [ 0.06804121  0.10776362 -0.03894902]
   [ 0.06804121  0.10776362 -0.03894902]
   [ 0.06804121  0.10776362 -0.03894902]
   [ 0.06804121  0.10776362 -0.03894902]
   [ 0.06804121  0.10776362 -0.03894902]
   [ 0.06804121  0.10776362 -0.03894902]
   [ 0.06804121  0.10776362 -0.03894902]
   [ 0.06804121  0.10776362 -0.03894902]
   [ 0.06804121  0.10776362 -0.03894902]
   [ 0.06804121  0.10776362 -0.03894902]
   [ 0.06804121  0.10776362 -0.03894902]
   [ 0.06804121  0.10776362 -0.03894902]
   [ 0.06804121  0.10776362 -0.03894902]
   [ 0.06804121  0.10776362 -0.03894902]
   [ 0.06804121  0.10776362 -0.03894902]
   [ 0.06804121  0.10776362 -0.03894902]
   [ 0.06804121  0.10776362 -0.03894902]
   [ 0.06804121  0.10776362 -0.03894902]
   [ 0.06804121  0.10776362 -0.03894902]
   [ 0.06804121  0.10776362 -0.03894902]]]]