[[[[0.         0.        ]
   [0.         0.        ]
   [0.         0.        ]
   [0.         0.        ]
   [0.         0.        ]
   [0.         0.        ]
   [0.         0.        ]
   [0.         0.        ]
   [0.         0.        ]
   [0.         0.        ]
   [0.         0.        ]
   [0.         0.        ]
   [0.         0.        ]
   [0.         0.        ]
   [0.         0.        ]
   [0.         0.        ]
   [0.         0.        ]
   [0.         0.        ]
   [0.         0.        ]
   [0.         0.        ]
   [0.         0.        ]
   [0.         0.        ]
   [0.         0.        ]
   [0.         0.        ]
   [0.         0.        ]
   [0.         0.        ]
   [0.         0.        ]
   [0.         0.        ]]

  [[0.         0.        ]
   [0.         0.        ]
   [0.         0.        ]
   [0.         0.        ]
   [0.         0.        ]
   [0.         0.        ]
   [0.         0.        ]
   [0.         0.        ]
   [0.         0.        ]
   [0.         0.        ]
   [0.         0.        ]
   [0.         0.        ]
   [0.         0.        ]
   [0.         0.        ]
   [0.         0.        ]
   [0.         0.        ]
   [0.         0.        ]
   [0.         0.        ]
   [0.         0.        ]
   [0.         0.        ]
   [0.         0.        ]
   [0.         0.        ]
   [0.         0.        ]
   [0.         0.        ]
   [0.         0.        ]
   [0.         0.        ]
   [0.         0.        ]
   [0.         0.        ]]

  [[0.         0.        ]
   [0.         0.        ]
   [0.         0.        ]
   [0.         0.        ]
   [0.         0.        ]
   [0.         0.        ]
   [0.         0.        ]
   [0.         0.        ]
   [0.         0.        ]
   [0.         0.        ]
   [0.         0.        ]
   [0.         0.        ]
   [0.         0.        ]
   [0.         0.        ]
   [0.         0.        ]
   [0.         0.        ]
   [0.         0.        ]
   [0.         0.        ]
   [0.         0.        ]
   [0.         0.        ]
   [0.         0.        ]
   [0.         0.        ]
   [0.         0.        ]
   [0.         0.        ]
   [0.         0.        ]
   [0.         0.        ]
   [0.         0.        ]
   [0.         0.        ]]

  [[0.         0.        ]
   [0.         0.        ]
   [0.         0.        ]
   [0.         0.        ]
   [0.         0.        ]
   [0.         0.        ]
   [0.         0.        ]
   [0.         0.        ]
   [0.         0.        ]
   [0.         0.        ]
   [0.         0.        ]
   [0.         0.        ]
   [0.         0.        ]
   [0.         0.        ]
   [0.         0.        ]
   [0.         0.        ]
   [0.         0.        ]
   [0.         0.        ]
   [0.         0.        ]
   [0.         0.        ]
   [0.         0.        ]
   [0.         0.        ]
   [0.         0.        ]
   [0.         0.        ]
   [0.         0.        ]
   [0.         0.        ]
   [0.         0.        ]
   [0.         0.        ]]

  [[0.         0.        ]
   [0.         0.        ]
   [0.         0.        ]
   [0.         0.        ]
   [0.         0.        ]
   [0.         0.        ]
   [0.         0.        ]
   [0.         0.        ]
   [0.         0.        ]
   [0.         0.        ]
   [0.         0.        ]
   [0.         0.        ]
   [0.         0.        ]
   [0.         0.        ]
   [0.         0.        ]
   [0.         0.        ]
   [0.         0.        ]
   [0.         0.        ]
   [0.         0.        ]
   [0.         0.        ]
   [0.         0.        ]
   [0.         0.        ]
   [0.         0.        ]
   [0.         0.        ]
   [0.         0.        ]
   [0.         0.        ]
   [0.         0.        ]
   [0.         0.        ]]

  [[0.         0.        ]
   [0.         0.        ]
   [0.         0.        ]
   [0.         0.        ]
   [0.         0.        ]
   [0.         0.        ]
   [0.         0.        ]
   [0.         0.        ]
   [0.         0.        ]
   [0.         0.        ]
   [0.         0.        ]
   [0.         0.        ]
   [0.         0.        ]
   [0.         0.        ]
   [0.         0.        ]
   [0.         0.        ]
   [0.         0.        ]
   [0.         0.        ]
   [0.         0.        ]
   [0.         0.        ]
   [0.         0.        ]
   [0.         0.        ]
   [0.         0.        ]
   [0.         0.        ]
   [0.         0.        ]
   [0.         0.        ]
   [0.         0.        ]
   [0.         0.        ]]

  [[0.         0.        ]
   [0.         0.        ]
   [0.         0.        ]
   [0.         0.        ]
   [0.         0.        ]
   [0.         0.        ]
   [0.         0.        ]
   [0.         0.        ]
   [0.         0.        ]
   [0.         0.        ]
   [0.         0.        ]
   [0.         0.        ]
   [0.         0.        ]
   [0.         0.        ]
   [0.         0.        ]
   [0.         0.        ]
   [0.         0.        ]
   [0.         0.        ]
   [0.         0.        ]
   [0.         0.        ]
   [0.         0.        ]
   [0.         0.        ]
   [0.         0.        ]
   [0.         0.        ]
   [0.         0.        ]
   [0.         0.        ]
   [0.         0.        ]
   [0.         0.        ]]

  [[0.         0.        ]
   [0.         0.        ]
   [0.         0.        ]
   [0.         0.        ]
   [0.         0.        ]
   [0.         0.        ]
   [0.17233016 0.        ]
   [0.39565706 0.        ]
   [0.338167   0.        ]
   [0.32047772 0.        ]
   [0.11926235 0.        ]
   [0.06619455 0.        ]
   [0.         0.        ]
   [0.         0.        ]
   [0.         0.        ]
   [0.         0.        ]
   [0.         0.        ]
   [0.         0.        ]
   [0.         0.        ]
   [0.         0.        ]
   [0.         0.        ]
   [0.         0.        ]
   [0.         0.        ]
   [0.         0.        ]
   [0.         0.        ]
   [0.         0.        ]
   [0.         0.        ]
   [0.         0.        ]]

  [[0.         0.        ]
   [0.         0.        ]
   [0.         0.        ]
   [0.         0.        ]
   [0.         0.        ]
   [0.         0.        ]
   [0.47746998 0.        ]
   [0.548227   0.        ]
   [0.548227   0.        ]
   [0.548227   0.        ]
   [0.548227   0.        ]
   [0.51948196 0.        ]
   [0.42440218 0.        ]
   [0.42440218 0.        ]
   [0.42440218 0.        ]
   [0.42440218 0.        ]
   [0.42440218 0.        ]
   [0.42440218 0.        ]
   [0.42440218 0.        ]
   [0.42440218 0.        ]
   [0.36248976 0.        ]
   [0.10157309 0.        ]
   [0.         0.        ]
   [0.         0.        ]
   [0.         0.        ]
   [0.         0.        ]
   [0.         0.        ]
   [0.         0.        ]]

  [[0.         0.        ]
   [0.         0.        ]
   [0.         0.        ]
   [0.         0.        ]
   [0.         0.        ]
   [0.         0.        ]
   [0.13474046 0.        ]
   [0.23866488 0.        ]
   [0.14579624 0.        ]
   [0.23866488 0.        ]
   [0.34701163 0.        ]
   [0.48852575 0.        ]
   [0.548227   0.        ]
   [0.48410344 0.        ]
   [0.548227   0.        ]
   [0.548227   0.        ]
   [0.548227   0.        ]
   [0.5393824  0.        ]
   [0.49294806 0.        ]
   [0.548227   0.        ]
   [0.548227   0.        ]
   [0.29615498 0.        ]
   [0.         0.        ]
   [0.         0.        ]
   [0.         0.        ]
   [0.         0.        ]
   [0.         0.        ]
   [0.         0.        ]]

  [[0.         0.        ]
   [0.         0.        ]
   [0.         0.        ]
   [0.         0.        ]
   [0.         0.        ]
   [0.         0.        ]
   [0.         0.        ]
   [0.         0.        ]
   [0.         0.        ]
   [0.         0.        ]
   [0.         0.        ]
   [0.02418254 0.        ]
   [0.1325293  0.        ]
   [0.01754907 0.        ]
   [0.13474046 0.        ]
   [0.13474046 0.        ]
   [0.13474046 0.        ]
   [0.11705118 0.        ]
   [0.03302718 0.        ]
   [0.5084262  0.        ]
   [0.548227   0.        ]
   [0.22097565 0.        ]
   [0.         0.        ]
   [0.         0.        ]
   [0.         0.        ]
   [0.         0.        ]
   [0.         0.        ]
   [0.         0.        ]]

  [[0.         0.        ]
   [0.         0.        ]
   [0.         0.        ]
   [0.         0.        ]
   [0.         0.        ]
   [0.         0.        ]
   [0.         0.        ]
   [0.         0.        ]
   [0.         0.        ]
   [0.         0.        ]
   [0.         0.        ]
   [0.         0.        ]
   [0.         0.        ]
   [0.         0.        ]
   [0.         0.        ]
   [0.         0.        ]
   [0.         0.        ]
   [0.         0.        ]
   [0.17011897 0.        ]
   [0.54601586 0.        ]
   [0.44872493 0.        ]
   [0.0263937  0.        ]
   [0.         0.        ]
   [0.         0.        ]
   [0.         0.        ]
   [0.         0.        ]
   [0.         0.        ]
   [0.         0.        ]]

  [[0.         0.        ]
   [0.         0.        ]
   [0.         0.        ]
   [0.         0.        ]
   [0.         0.        ]
   [0.         0.        ]
   [0.         0.        ]
   [0.         0.        ]
   [0.         0.        ]
   [0.         0.        ]
   [0.         0.        ]
   [0.         0.        ]
   [0.         0.        ]
   [0.         0.        ]
   [0.         0.        ]
   [0.         0.        ]
   [0.         0.        ]
   [0.03523834 0.        ]
   [0.5017927  0.        ]
   [0.55043817 0.        ]
   [0.17011897 0.        ]
   [0.         0.        ]
   [0.         0.        ]
   [0.         0.        ]
   [0.         0.        ]
   [0.         0.        ]
   [0.         0.        ]
   [0.         0.        ]]

  [[0.         0.        ]
   [0.         0.        ]
   [0.         0.        ]
   [0.         0.        ]
   [0.         0.        ]
   [0.         0.        ]
   [0.         0.        ]
   [0.         0.        ]
   [0.         0.        ]
   [0.         0.        ]
   [0.         0.        ]
   [0.         0.        ]
   [0.         0.        ]
   [0.         0.        ]
   [0.         0.        ]
   [0.         0.        ]
   [0.         0.        ]
   [0.27183223 0.        ]
   [0.548227   0.        ]
   [0.5128485  0.        ]
   [0.08388381 0.        ]
   [0.         0.        ]
   [0.         0.        ]
   [0.         0.        ]
   [0.         0.        ]
   [0.         0.        ]
   [0.         0.        ]
   [0.         0.        ]]

  [[0.         0.        ]
   [0.         0.        ]
   [0.         0.        ]
   [0.         0.        ]
   [0.         0.        ]
   [0.         0.        ]
   [0.         0.        ]
   [0.         0.        ]
   [0.         0.        ]
   [0.         0.        ]
   [0.         0.        ]
   [0.         0.        ]
   [0.         0.        ]
   [0.         0.        ]
   [0.         0.        ]
   [0.         0.        ]
   [0.11705118 0.        ]
   [0.5371712  0.        ]
   [0.548227   0.        ]
   [0.12368467 0.        ]
   [0.         0.        ]
   [0.         0.        ]
   [0.         0.        ]
   [0.         0.        ]
   [0.         0.        ]
   [0.         0.        ]
   [0.         0.        ]
   [0.         0.        ]]

  [[0.         0.        ]
   [0.         0.        ]
   [0.         0.        ]
   [0.         0.        ]
   [0.         0.        ]
   [0.         0.        ]
   [0.         0.        ]
   [0.         0.        ]
   [0.         0.        ]
   [0.         0.        ]
   [0.         0.        ]
   [0.         0.        ]
   [0.         0.        ]
   [0.         0.        ]
   [0.         0.        ]
   [0.         0.        ]
   [0.2806769  0.        ]
   [0.548227   0.        ]
   [0.40007943 0.        ]
   [0.         0.        ]
   [0.         0.        ]
   [0.         0.        ]
   [0.         0.        ]
   [0.         0.        ]
   [0.         0.        ]
   [0.         0.        ]
   [0.         0.        ]
   [0.         0.        ]]

  [[0.         0.        ]
   [0.         0.        ]
   [0.         0.        ]
   [0.         0.        ]
   [0.         0.        ]
   [0.         0.        ]
   [0.         0.        ]
   [0.         0.        ]
   [0.         0.        ]
   [0.         0.        ]
   [0.         0.        ]
   [0.         0.        ]
   [0.         0.        ]
   [0.         0.        ]
   [0.         0.        ]
   [0.00649329 0.        ]
   [0.4398803  0.        ]
   [0.5349601  0.        ]
   [0.11484003 0.        ]
   [0.         0.        ]
   [0.         0.        ]
   [0.         0.        ]
   [0.         0.        ]
   [0.         0.        ]
   [0.         0.        ]
   [0.         0.        ]
   [0.         0.        ]
   [0.         0.        ]]

  [[0.         0.        ]
   [0.         0.        ]
   [0.         0.        ]
   [0.         0.        ]
   [0.         0.        ]
   [0.         0.        ]
   [0.         0.        ]
   [0.         0.        ]
   [0.         0.        ]
   [0.         0.        ]
   [0.         0.        ]
   [0.         0.        ]
   [0.         0.        ]
   [0.         0.        ]
   [0.         0.        ]
   [0.26519877 0.        ]
   [0.548227   0.        ]
   [0.3890236  0.        ]
   [0.         0.        ]
   [0.         0.        ]
   [0.         0.        ]
   [0.         0.        ]
   [0.         0.        ]
   [0.         0.        ]
   [0.         0.        ]
   [0.         0.        ]
   [0.         0.        ]
   [0.         0.        ]]

  [[0.         0.        ]
   [0.         0.        ]
   [0.         0.        ]
   [0.         0.        ]
   [0.         0.        ]
   [0.         0.        ]
   [0.         0.        ]
   [0.         0.        ]
   [0.         0.        ]
   [0.         0.        ]
   [0.         0.        ]
   [0.         0.        ]
   [0.         0.        ]
   [0.         0.        ]
   [0.15242971 0.        ]
   [0.54159355 0.        ]
   [0.51727086 0.        ]
   [0.11262888 0.        ]
   [0.         0.        ]
   [0.         0.        ]
   [0.         0.        ]
   [0.         0.        ]
   [0.         0.        ]
   [0.         0.        ]
   [0.         0.        ]
   [0.         0.        ]
   [0.         0.        ]
   [0.         0.        ]]

  [[0.         0.        ]
   [0.         0.        ]
   [0.         0.        ]
   [0.         0.        ]
   [0.         0.        ]
   [0.         0.        ]
   [0.         0.        ]
   [0.         0.        ]
   [0.         0.        ]
   [0.         0.        ]
   [0.         0.        ]
   [0.         0.        ]
   [0.         0.        ]
   [0.02860486 0.        ]
   [0.47525883 0.        ]
   [0.548227   0.        ]
   [0.3536451  0.        ]
   [0.         0.        ]
   [0.         0.        ]
   [0.         0.        ]
   [0.         0.        ]
   [0.         0.        ]
   [0.         0.        ]
   [0.         0.        ]
   [0.         0.        ]
   [0.         0.        ]
   [0.         0.        ]
   [0.         0.        ]]

  [[0.         0.        ]
   [0.         0.        ]
   [0.         0.        ]
   [0.         0.        ]
   [0.         0.        ]
   [0.         0.        ]
   [0.         0.        ]
   [0.         0.        ]
   [0.         0.        ]
   [0.         0.        ]
   [0.         0.        ]
   [0.         0.        ]
   [0.         0.        ]
   [0.435458   0.        ]
   [0.548227   0.        ]
   [0.47083646 0.        ]
   [0.0639834  0.        ]
   [0.         0.        ]
   [0.         0.        ]
   [0.         0.        ]
   [0.         0.        ]
   [0.         0.        ]
   [0.         0.        ]
   [0.         0.        ]
   [0.         0.        ]
   [0.         0.        ]
   [0.         0.        ]
   [0.         0.        ]]

  [[0.         0.        ]
   [0.         0.        ]
   [0.         0.        ]
   [0.         0.        ]
   [0.         0.        ]
   [0.         0.        ]
   [0.         0.        ]
   [0.         0.        ]
   [0.         0.        ]
   [0.         0.        ]
   [0.         0.        ]
   [0.         0.        ]
   [0.07061686 0.        ]
   [0.548227   0.        ]
   [0.548227   0.        ]
   [0.15685204 0.        ]
   [0.         0.        ]
   [0.         0.        ]
   [0.         0.        ]
   [0.         0.        ]
   [0.         0.        ]
   [0.         0.        ]
   [0.         0.        ]
   [0.         0.        ]
   [0.         0.        ]
   [0.         0.        ]
   [0.         0.        ]
   [0.         0.        ]]

  [[0.         0.        ]
   [0.         0.        ]
   [0.         0.        ]
   [0.         0.        ]
   [0.         0.        ]
   [0.         0.        ]
   [0.         0.        ]
   [0.         0.        ]
   [0.         0.        ]
   [0.         0.        ]
   [0.         0.        ]
   [0.05513875 0.        ]
   [0.4818923  0.        ]
   [0.548227   0.        ]
   [0.24087603 0.        ]
   [0.         0.        ]
   [0.         0.        ]
   [0.         0.        ]
   [0.         0.        ]
   [0.         0.        ]
   [0.         0.        ]
   [0.         0.        ]
   [0.         0.        ]
   [0.         0.        ]
   [0.         0.        ]
   [0.         0.        ]
   [0.         0.        ]
   [0.         0.        ]]

  [[0.         0.        ]
   [0.         0.        ]
   [0.         0.        ]
   [0.         0.        ]
   [0.         0.        ]
   [0.         0.        ]
   [0.         0.        ]
   [0.         0.        ]
   [0.         0.        ]
   [0.         0.        ]
   [0.         0.        ]
   [0.2806769  0.        ]
   [0.548227   0.        ]
   [0.548227   0.        ]
   [0.10157309 0.        ]
   [0.         0.        ]
   [0.         0.        ]
   [0.         0.        ]
   [0.         0.        ]
   [0.         0.        ]
   [0.         0.        ]
   [0.         0.        ]
   [0.         0.        ]
   [0.         0.        ]
   [0.         0.        ]
   [0.         0.        ]
   [0.         0.        ]
   [0.         0.        ]]

  [[0.         0.        ]
   [0.         0.        ]
   [0.         0.        ]
   [0.         0.        ]
   [0.         0.        ]
   [0.         0.        ]
   [0.         0.        ]
   [0.         0.        ]
   [0.         0.        ]
   [0.         0.        ]
   [0.12147351 0.        ]
   [0.5216931  0.        ]
   [0.548227   0.        ]
   [0.548227   0.        ]
   [0.10157309 0.        ]
   [0.         0.        ]
   [0.         0.        ]
   [0.         0.        ]
   [0.         0.        ]
   [0.         0.        ]
   [0.         0.        ]
   [0.         0.        ]
   [0.         0.        ]
   [0.         0.        ]
   [0.         0.        ]
   [0.         0.        ]
   [0.         0.        ]
   [0.         0.        ]]

  [[0.         0.        ]
   [0.         0.        ]
   [0.         0.        ]
   [0.         0.        ]
   [0.         0.        ]
   [0.         0.        ]
   [0.         0.        ]
   [0.         0.        ]
   [0.         0.        ]
   [0.         0.        ]
   [0.254143   0.        ]
   [0.548227   0.        ]
   [0.548227   0.        ]
   [0.47083646 0.        ]
   [0.07503918 0.        ]
   [0.         0.        ]
   [0.         0.        ]
   [0.         0.        ]
   [0.         0.        ]
   [0.         0.        ]
   [0.         0.        ]
   [0.         0.        ]
   [0.         0.        ]
   [0.         0.        ]
   [0.         0.        ]
   [0.         0.        ]
   [0.         0.        ]
   [0.         0.        ]]

  [[0.         0.        ]
   [0.         0.        ]
   [0.         0.        ]
   [0.         0.        ]
   [0.         0.        ]
   [0.         0.        ]
   [0.         0.        ]
   [0.         0.        ]
   [0.         0.        ]
   [0.         0.        ]
   [0.254143   0.        ]
   [0.548227   0.        ]
   [0.44430262 0.        ]
   [0.0263937  0.        ]
   [0.         0.        ]
   [0.         0.        ]
   [0.         0.        ]
   [0.         0.        ]
   [0.         0.        ]
   [0.         0.        ]
   [0.         0.        ]
   [0.         0.        ]
   [0.         0.        ]
   [0.         0.        ]
   [0.         0.        ]
   [0.         0.        ]
   [0.         0.        ]
   [0.         0.        ]]

  [[0.         0.        ]
   [0.         0.        ]
   [0.         0.        ]
   [0.         0.        ]
   [0.         0.        ]
   [0.         0.        ]
   [0.         0.        ]
   [0.         0.        ]
   [0.         0.        ]
   [0.         0.        ]
   [0.         0.        ]
   [0.         0.        ]
   [0.         0.        ]
   [0.         0.        ]
   [0.         0.        ]
   [0.         0.        ]
   [0.         0.        ]
   [0.         0.        ]
   [0.         0.        ]
   [0.         0.        ]
   [0.         0.        ]
   [0.         0.        ]
   [0.         0.        ]
   [0.         0.        ]
   [0.         0.        ]
   [0.         0.        ]
   [0.         0.        ]
   [0.         0.        ]]]]