[[[ 0.07784439 -0.03790591]
  [ 0.07784439 -0.03790591]
  [ 0.07784439 -0.03790591]
  [ 0.07784439 -0.03790591]
  [ 0.07784439 -0.03790591]
  [ 0.07784439 -0.03790591]
  [ 0.07784439 -0.03790591]
  [ 0.07784439 -0.03790591]
  [ 0.07784439 -0.03790591]
  [ 0.07784439 -0.03790591]
  [ 0.07784439 -0.03790591]
  [ 0.07784439 -0.03790591]
  [ 0.07784439 -0.03790591]
  [ 0.07784439 -0.03790591]
  [ 0.07784439 -0.03790591]
  [ 0.07784439 -0.03790591]
  [ 0.07784439 -0.03790591]
  [ 0.07784439 -0.03790591]
  [ 0.07784439 -0.03790591]
  [ 0.07784439 -0.03790591]
  [ 0.07784439 -0.03790591]
  [ 0.07784439 -0.03790591]
  [ 0.07784439 -0.03790591]
  [ 0.07784439 -0.03790591]
  [ 0.07784439 -0.03790591]
  [ 0.07784439 -0.03790591]
  [ 0.07784439 -0.03790591]
  [ 0.07784439 -0.03790591]]

 [[ 0.07784439 -0.03790591]
  [ 0.07784439 -0.03790591]
  [ 0.07784439 -0.03790591]
  [ 0.07784439 -0.03790591]
  [ 0.07784439 -0.03790591]
  [ 0.07784439 -0.03790591]
  [ 0.07784439 -0.03790591]
  [ 0.07784439 -0.03790591]
  [ 0.07784439 -0.03790591]
  [ 0.07784439 -0.03790591]
  [ 0.07784439 -0.03790591]
  [ 0.07784439 -0.03790591]
  [ 0.07784439 -0.03790591]
  [ 0.07784439 -0.03790591]
  [ 0.07784439 -0.03790591]
  [ 0.07784439 -0.03790591]
  [ 0.07784439 -0.03790591]
  [ 0.07784439 -0.03790591]
  [ 0.07784439 -0.03790591]
  [ 0.07784439 -0.03790591]
  [ 0.07784439 -0.03790591]
  [ 0.07784439 -0.03790591]
  [ 0.07784439 -0.03790591]
  [ 0.07784439 -0.03790591]
  [ 0.07784439 -0.03790591]
  [ 0.07784439 -0.03790591]
  [ 0.07784439 -0.03790591]
  [ 0.07784439 -0.03790591]]

 [[ 0.07784439 -0.03790591]
  [ 0.07784439 -0.03790591]
  [ 0.07784439 -0.03790591]
  [ 0.07784439 -0.03790591]
  [ 0.07784439 -0.03790591]
  [ 0.07784439 -0.03790591]
  [ 0.07784439 -0.03790591]
  [ 0.07784439 -0.03790591]
  [ 0.07784439 -0.03790591]
  [ 0.07784439 -0.03790591]
  [ 0.07784439 -0.03790591]
  [ 0.07784439 -0.03790591]
  [ 0.07784439 -0.03790591]
  [ 0.07784439 -0.03790591]
  [ 0.07784439 -0.03790591]
  [ 0.07784439 -0.03790591]
  [ 0.07784439 -0.03790591]
  [ 0.07784439 -0.03790591]
  [ 0.07784439 -0.03790591]
  [ 0.07784439 -0.03790591]
  [ 0.07784439 -0.03790591]
  [ 0.07784439 -0.03790591]
  [ 0.07784439 -0.03790591]
  [ 0.07784439 -0.03790591]
  [ 0.07784439 -0.03790591]
  [ 0.07784439 -0.03790591]
  [ 0.07784439 -0.03790591]
  [ 0.07784439 -0.03790591]]

 [[ 0.07784439 -0.03790591]
  [ 0.07784439 -0.03790591]
  [ 0.07784439 -0.03790591]
  [ 0.07784439 -0.03790591]
  [ 0.07784439 -0.03790591]
  [ 0.07784439 -0.03790591]
  [ 0.07784439 -0.03790591]
  [ 0.07784439 -0.03790591]
  [ 0.07784439 -0.03790591]
  [ 0.07784439 -0.03790591]
  [ 0.07784439 -0.03790591]
  [ 0.07784439 -0.03790591]
  [ 0.07784439 -0.03790591]
  [ 0.07784439 -0.03790591]
  [ 0.07784439 -0.03790591]
  [ 0.07784439 -0.03790591]
  [ 0.07784439 -0.03790591]
  [ 0.07784439 -0.03790591]
  [ 0.07784439 -0.03790591]
  [ 0.07784439 -0.03790591]
  [ 0.07784439 -0.03790591]
  [ 0.07784439 -0.03790591]
  [ 0.07784439 -0.03790591]
  [ 0.07784439 -0.03790591]
  [ 0.07784439 -0.03790591]
  [ 0.07784439 -0.03790591]
  [ 0.07784439 -0.03790591]
  [ 0.07784439 -0.03790591]]

 [[ 0.07784439 -0.03790591]
  [ 0.07784439 -0.03790591]
  [ 0.07784439 -0.03790591]
  [ 0.07784439 -0.03790591]
  [ 0.07784439 -0.03790591]
  [ 0.07784439 -0.03790591]
  [ 0.07784439 -0.03790591]
  [ 0.07784439 -0.03790591]
  [ 0.07784439 -0.03790591]
  [ 0.07784439 -0.03790591]
  [ 0.07784439 -0.03790591]
  [ 0.07784439 -0.03790591]
  [ 0.07784439 -0.03790591]
  [ 0.07784439 -0.03790591]
  [ 0.07784439 -0.03790591]
  [ 0.07784439 -0.03790591]
  [ 0.07784439 -0.03790591]
  [ 0.07784439 -0.03790591]
  [ 0.07784439 -0.03790591]
  [ 0.07784439 -0.03790591]
  [ 0.07784439 -0.03790591]
  [ 0.07784439 -0.03790591]
  [ 0.07784439 -0.03790591]
  [ 0.07784439 -0.03790591]
  [ 0.07784439 -0.03790591]
  [ 0.07784439 -0.03790591]
  [ 0.07784439 -0.03790591]
  [ 0.07784439 -0.03790591]]

 [[ 0.07784439 -0.03790591]
  [ 0.07784439 -0.03790591]
  [ 0.07784439 -0.03790591]
  [ 0.07784439 -0.03790591]
  [ 0.07784439 -0.03790591]
  [ 0.07784439 -0.03790591]
  [ 0.07784439 -0.03790591]
  [ 0.07784439 -0.03790591]
  [ 0.07784439 -0.03790591]
  [ 0.07784439 -0.03790591]
  [ 0.07784439 -0.03790591]
  [ 0.07784439 -0.03790591]
  [ 0.07784439 -0.03790591]
  [ 0.07784439 -0.03790591]
  [ 0.07784439 -0.03790591]
  [ 0.07784439 -0.03790591]
  [ 0.07784439 -0.03790591]
  [ 0.07784439 -0.03790591]
  [ 0.07784439 -0.03790591]
  [ 0.07784439 -0.03790591]
  [ 0.07784439 -0.03790591]
  [ 0.07784439 -0.03790591]
  [ 0.07784439 -0.03790591]
  [ 0.07784439 -0.03790591]
  [ 0.07784439 -0.03790591]
  [ 0.07784439 -0.03790591]
  [ 0.07784439 -0.03790591]
  [ 0.07784439 -0.03790591]]

 [[ 0.07784439 -0.03790591]
  [ 0.07784439 -0.03790591]
  [ 0.07784439 -0.03790591]
  [ 0.07784439 -0.03790591]
  [ 0.07784439 -0.03790591]
  [ 0.07784439 -0.03790591]
  [ 0.07784439 -0.03790591]
  [ 0.07784439 -0.03790591]
  [ 0.07784439 -0.03790591]
  [ 0.07784439 -0.03790591]
  [ 0.07784439 -0.03790591]
  [ 0.07784439 -0.03790591]
  [ 0.07784439 -0.03790591]
  [ 0.07784439 -0.03790591]
  [ 0.07784439 -0.03790591]
  [ 0.07784439 -0.03790591]
  [ 0.07784439 -0.03790591]
  [ 0.07784439 -0.03790591]
  [ 0.07784439 -0.03790591]
  [ 0.07784439 -0.03790591]
  [ 0.07784439 -0.03790591]
  [ 0.07784439 -0.03790591]
  [ 0.07784439 -0.03790591]
  [ 0.07784439 -0.03790591]
  [ 0.07784439 -0.03790591]
  [ 0.07784439 -0.03790591]
  [ 0.07784439 -0.03790591]
  [ 0.07784439 -0.03790591]]

 [[ 0.07784439 -0.03790591]
  [ 0.07784439 -0.03790591]
  [ 0.07784439 -0.03790591]
  [ 0.07784439 -0.03790591]
  [ 0.07784439 -0.03790591]
  [ 0.07784439 -0.03790591]
  [ 0.2635817  -0.12552917]
  [ 0.4869086  -0.2308857 ]
  [ 0.42941853 -0.20376423]
  [ 0.41172928 -0.19541916]
  [ 0.21051389 -0.10049396]
  [ 0.15744609 -0.07545874]
  [ 0.07784439 -0.03790591]
  [ 0.07784439 -0.03790591]
  [ 0.07784439 -0.03790591]
  [ 0.07784439 -0.03790591]
  [ 0.07784439 -0.03790591]
  [ 0.07784439 -0.03790591]
  [ 0.07784439 -0.03790591]
  [ 0.07784439 -0.03790591]
  [ 0.07784439 -0.03790591]
  [ 0.07784439 -0.03790591]
  [ 0.07784439 -0.03790591]
  [ 0.07784439 -0.03790591]
  [ 0.07784439 -0.03790591]
  [ 0.07784439 -0.03790591]
  [ 0.07784439 -0.03790591]
  [ 0.07784439 -0.03790591]]

 [[ 0.07784439 -0.03790591]
  [ 0.07784439 -0.03790591]
  [ 0.07784439 -0.03790591]
  [ 0.07784439 -0.03790591]
  [ 0.07784439 -0.03790591]
  [ 0.07784439 -0.03790591]
  [ 0.56872153 -0.2694817 ]
  [ 0.63947856 -0.30286196]
  [ 0.63947856 -0.30286196]
  [ 0.63947856 -0.30286196]
  [ 0.63947856 -0.30286196]
  [ 0.6107335  -0.28930122]
  [ 0.5156537  -0.24444647]
  [ 0.5156537  -0.24444647]
  [ 0.5156537  -0.24444647]
  [ 0.5156537  -0.24444647]
  [ 0.5156537  -0.24444647]
  [ 0.5156537  -0.24444647]
  [ 0.5156537  -0.24444647]
  [ 0.5156537  -0.24444647]
  [ 0.45374128 -0.2152387 ]
  [ 0.19282463 -0.09214889]
  [ 0.07784439 -0.03790591]
  [ 0.07784439 -0.03790591]
  [ 0.07784439 -0.03790591]
  [ 0.07784439 -0.03790591]
  [ 0.07784439 -0.03790591]
  [ 0.07784439 -0.03790591]]

 [[ 0.07784439 -0.03790591]
  [ 0.07784439 -0.03790591]
  [ 0.07784439 -0.03790591]
  [ 0.07784439 -0.03790591]
  [ 0.07784439 -0.03790591]
  [ 0.07784439 -0.03790591]
  [ 0.225992   -0.1077959 ]
  [ 0.32991642 -0.1568232 ]
  [ 0.23704778 -0.11301157]
  [ 0.32991642 -0.1568232 ]
  [ 0.43826315 -0.20793676]
  [ 0.5797773  -0.27469733]
  [ 0.63947856 -0.30286196]
  [ 0.575355   -0.27261108]
  [ 0.63947856 -0.30286196]
  [ 0.63947856 -0.30286196]
  [ 0.63947856 -0.30286196]
  [ 0.63063395 -0.29868942]
  [ 0.5841996  -0.27678362]
  [ 0.63947856 -0.30286196]
  [ 0.63947856 -0.30286196]
  [ 0.38740653 -0.18394467]
  [ 0.07784439 -0.03790591]
  [ 0.07784439 -0.03790591]
  [ 0.07784439 -0.03790591]
  [ 0.07784439 -0.03790591]
  [ 0.07784439 -0.03790591]
  [ 0.07784439 -0.03790591]]

 [[ 0.07784439 -0.03790591]
  [ 0.07784439 -0.03790591]
  [ 0.07784439 -0.03790591]
  [ 0.07784439 -0.03790591]
  [ 0.07784439 -0.03790591]
  [ 0.07784439 -0.03790591]
  [ 0.07784439 -0.03790591]
  [ 0.07784439 -0.03790591]
  [ 0.07784439 -0.03790591]
  [ 0.07784439 -0.03790591]
  [ 0.07784439 -0.03790591]
  [ 0.11543407 -0.05563919]
  [ 0.22378084 -0.10675277]
  [ 0.1088006  -0.05250979]
  [ 0.225992   -0.1077959 ]
  [ 0.225992   -0.1077959 ]
  [ 0.225992   -0.1077959 ]
  [ 0.20830272 -0.09945082]
  [ 0.12427872 -0.05981173]
  [ 0.59967774 -0.28408554]
  [ 0.63947856 -0.30286196]
  [ 0.3122272  -0.14847814]
  [ 0.07784439 -0.03790591]
  [ 0.07784439 -0.03790591]
  [ 0.07784439 -0.03790591]
  [ 0.07784439 -0.03790591]
  [ 0.07784439 -0.03790591]
  [ 0.07784439 -0.03790591]]

 [[ 0.07784439 -0.03790591]
  [ 0.07784439 -0.03790591]
  [ 0.07784439 -0.03790591]
  [ 0.07784439 -0.03790591]
  [ 0.07784439 -0.03790591]
  [ 0.07784439 -0.03790591]
  [ 0.07784439 -0.03790591]
  [ 0.07784439 -0.03790591]
  [ 0.07784439 -0.03790591]
  [ 0.07784439 -0.03790591]
  [ 0.07784439 -0.03790591]
  [ 0.07784439 -0.03790591]
  [ 0.07784439 -0.03790591]
  [ 0.07784439 -0.03790591]
  [ 0.07784439 -0.03790591]
  [ 0.07784439 -0.03790591]
  [ 0.07784439 -0.03790591]
  [ 0.07784439 -0.03790591]
  [ 0.2613705  -0.12448603]
  [ 0.6372674  -0.30181885]
  [ 0.5399765  -0.25592095]
  [ 0.11764524 -0.05668233]
  [ 0.07784439 -0.03790591]
  [ 0.07784439 -0.03790591]
  [ 0.07784439 -0.03790591]
  [ 0.07784439 -0.03790591]
  [ 0.07784439 -0.03790591]
  [ 0.07784439 -0.03790591]]

 [[ 0.07784439 -0.03790591]
  [ 0.07784439 -0.03790591]
  [ 0.07784439 -0.03790591]
  [ 0.07784439 -0.03790591]
  [ 0.07784439 -0.03790591]
  [ 0.07784439 -0.03790591]
  [ 0.07784439 -0.03790591]
  [ 0.07784439 -0.03790591]
  [ 0.07784439 -0.03790591]
  [ 0.07784439 -0.03790591]
  [ 0.07784439 -0.03790591]
  [ 0.07784439 -0.03790591]
  [ 0.07784439 -0.03790591]
  [ 0.07784439 -0.03790591]
  [ 0.07784439 -0.03790591]
  [ 0.07784439 -0.03790591]
  [ 0.07784439 -0.03790591]
  [ 0.12648988 -0.06085486]
  [ 0.5930443  -0.28095615]
  [ 0.6416897  -0.3039051 ]
  [ 0.2613705  -0.12448603]
  [ 0.07784439 -0.03790591]
  [ 0.07784439 -0.03790591]
  [ 0.07784439 -0.03790591]
  [ 0.07784439 -0.03790591]
  [ 0.07784439 -0.03790591]
  [ 0.07784439 -0.03790591]
  [ 0.07784439 -0.03790591]]

 [[ 0.07784439 -0.03790591]
  [ 0.07784439 -0.03790591]
  [ 0.07784439 -0.03790591]
  [ 0.07784439 -0.03790591]
  [ 0.07784439 -0.03790591]
  [ 0.07784439 -0.03790591]
  [ 0.07784439 -0.03790591]
  [ 0.07784439 -0.03790591]
  [ 0.07784439 -0.03790591]
  [ 0.07784439 -0.03790591]
  [ 0.07784439 -0.03790591]
  [ 0.07784439 -0.03790591]
  [ 0.07784439 -0.03790591]
  [ 0.07784439 -0.03790591]
  [ 0.07784439 -0.03790591]
  [ 0.07784439 -0.03790591]
  [ 0.07784439 -0.03790591]
  [ 0.36308378 -0.1724702 ]
  [ 0.63947856 -0.30286196]
  [ 0.60410005 -0.28617182]
  [ 0.17513534 -0.08380381]
  [ 0.07784439 -0.03790591]
  [ 0.07784439 -0.03790591]
  [ 0.07784439 -0.03790591]
  [ 0.07784439 -0.03790591]
  [ 0.07784439 -0.03790591]
  [ 0.07784439 -0.03790591]
  [ 0.07784439 -0.03790591]]

 [[ 0.07784439 -0.03790591]
  [ 0.07784439 -0.03790591]
  [ 0.07784439 -0.03790591]
  [ 0.07784439 -0.03790591]
  [ 0.07784439 -0.03790591]
  [ 0.07784439 -0.03790591]
  [ 0.07784439 -0.03790591]
  [ 0.07784439 -0.03790591]
  [ 0.07784439 -0.03790591]
  [ 0.07784439 -0.03790591]
  [ 0.07784439 -0.03790591]
  [ 0.07784439 -0.03790591]
  [ 0.07784439 -0.03790591]
  [ 0.07784439 -0.03790591]
  [ 0.07784439 -0.03790591]
  [ 0.07784439 -0.03790591]
  [ 0.20830272 -0.09945082]
  [ 0.62842274 -0.29764628]
  [ 0.63947856 -0.30286196]
  [ 0.21493621 -0.10258023]
  [ 0.07784439 -0.03790591]
  [ 0.07784439 -0.03790591]
  [ 0.07784439 -0.03790591]
  [ 0.07784439 -0.03790591]
  [ 0.07784439 -0.03790591]
  [ 0.07784439 -0.03790591]
  [ 0.07784439 -0.03790591]
  [ 0.07784439 -0.03790591]]

 [[ 0.07784439 -0.03790591]
  [ 0.07784439 -0.03790591]
  [ 0.07784439 -0.03790591]
  [ 0.07784439 -0.03790591]
  [ 0.07784439 -0.03790591]
  [ 0.07784439 -0.03790591]
  [ 0.07784439 -0.03790591]
  [ 0.07784439 -0.03790591]
  [ 0.07784439 -0.03790591]
  [ 0.07784439 -0.03790591]
  [ 0.07784439 -0.03790591]
  [ 0.07784439 -0.03790591]
  [ 0.07784439 -0.03790591]
  [ 0.07784439 -0.03790591]
  [ 0.07784439 -0.03790591]
  [ 0.07784439 -0.03790591]
  [ 0.37192842 -0.17664275]
  [ 0.63947856 -0.30286196]
  [ 0.49133098 -0.23297198]
  [ 0.08890018 -0.04312158]
  [ 0.07784439 -0.03790591]
  [ 0.07784439 -0.03790591]
  [ 0.07784439 -0.03790591]
  [ 0.07784439 -0.03790591]
  [ 0.07784439 -0.03790591]
  [ 0.07784439 -0.03790591]
  [ 0.07784439 -0.03790591]
  [ 0.07784439 -0.03790591]]

 [[ 0.07784439 -0.03790591]
  [ 0.07784439 -0.03790591]
  [ 0.07784439 -0.03790591]
  [ 0.07784439 -0.03790591]
  [ 0.07784439 -0.03790591]
  [ 0.07784439 -0.03790591]
  [ 0.07784439 -0.03790591]
  [ 0.07784439 -0.03790591]
  [ 0.07784439 -0.03790591]
  [ 0.07784439 -0.03790591]
  [ 0.07784439 -0.03790591]
  [ 0.07784439 -0.03790591]
  [ 0.07784439 -0.03790591]
  [ 0.07784439 -0.03790591]
  [ 0.07784439 -0.03790591]
  [ 0.09774482 -0.04729412]
  [ 0.53113186 -0.2517484 ]
  [ 0.62621164 -0.29660314]
  [ 0.20609157 -0.09840769]
  [ 0.07784439 -0.03790591]
  [ 0.07784439 -0.03790591]
  [ 0.07784439 -0.03790591]
  [ 0.07784439 -0.03790591]
  [ 0.07784439 -0.03790591]
  [ 0.07784439 -0.03790591]
  [ 0.07784439 -0.03790591]
  [ 0.07784439 -0.03790591]
  [ 0.07784439 -0.03790591]]

 [[ 0.07784439 -0.03790591]
  [ 0.07784439 -0.03790591]
  [ 0.07784439 -0.03790591]
  [ 0.07784439 -0.03790591]
  [ 0.07784439 -0.03790591]
  [ 0.07784439 -0.03790591]
  [ 0.07784439 -0.03790591]
  [ 0.07784439 -0.03790591]
  [ 0.07784439 -0.03790591]
  [ 0.07784439 -0.03790591]
  [ 0.07784439 -0.03790591]
  [ 0.07784439 -0.03790591]
  [ 0.07784439 -0.03790591]
  [ 0.07784439 -0.03790591]
  [ 0.07784439 -0.03790591]
  [ 0.35645032 -0.1693408 ]
  [ 0.63947856 -0.30286196]
  [ 0.48027515 -0.2277563 ]
  [ 0.07784439 -0.03790591]
  [ 0.07784439 -0.03790591]
  [ 0.07784439 -0.03790591]
  [ 0.07784439 -0.03790591]
  [ 0.07784439 -0.03790591]
  [ 0.07784439 -0.03790591]
  [ 0.07784439 -0.03790591]
  [ 0.07784439 -0.03790591]
  [ 0.07784439 -0.03790591]
  [ 0.07784439 -0.03790591]]

 [[ 0.07784439 -0.03790591]
  [ 0.07784439 -0.03790591]
  [ 0.07784439 -0.03790591]
  [ 0.07784439 -0.03790591]
  [ 0.07784439 -0.03790591]
  [ 0.07784439 -0.03790591]
  [ 0.07784439 -0.03790591]
  [ 0.07784439 -0.03790591]
  [ 0.07784439 -0.03790591]
  [ 0.07784439 -0.03790591]
  [ 0.07784439 -0.03790591]
  [ 0.07784439 -0.03790591]
  [ 0.07784439 -0.03790591]
  [ 0.07784439 -0.03790591]
  [ 0.24368125 -0.11614096]
  [ 0.6328451  -0.29973257]
  [ 0.6085224  -0.2882581 ]
  [ 0.20388041 -0.09736456]
  [ 0.07784439 -0.03790591]
  [ 0.07784439 -0.03790591]
  [ 0.07784439 -0.03790591]
  [ 0.07784439 -0.03790591]
  [ 0.07784439 -0.03790591]
  [ 0.07784439 -0.03790591]
  [ 0.07784439 -0.03790591]
  [ 0.07784439 -0.03790591]
  [ 0.07784439 -0.03790591]
  [ 0.07784439 -0.03790591]]

 [[ 0.07784439 -0.03790591]
  [ 0.07784439 -0.03790591]
  [ 0.07784439 -0.03790591]
  [ 0.07784439 -0.03790591]
  [ 0.07784439 -0.03790591]
  [ 0.07784439 -0.03790591]
  [ 0.07784439 -0.03790591]
  [ 0.07784439 -0.03790591]
  [ 0.07784439 -0.03790591]
  [ 0.07784439 -0.03790591]
  [ 0.07784439 -0.03790591]
  [ 0.07784439 -0.03790591]
  [ 0.07784439 -0.03790591]
  [ 0.11985639 -0.05772546]
  [ 0.5665104  -0.26843855]
  [ 0.63947856 -0.30286196]
  [ 0.44489664 -0.21106616]
  [ 0.07784439 -0.03790591]
  [ 0.07784439 -0.03790591]
  [ 0.07784439 -0.03790591]
  [ 0.07784439 -0.03790591]
  [ 0.07784439 -0.03790591]
  [ 0.07784439 -0.03790591]
  [ 0.07784439 -0.03790591]
  [ 0.07784439 -0.03790591]
  [ 0.07784439 -0.03790591]
  [ 0.07784439 -0.03790591]
  [ 0.07784439 -0.03790591]]

 [[ 0.07784439 -0.03790591]
  [ 0.07784439 -0.03790591]
  [ 0.07784439 -0.03790591]
  [ 0.07784439 -0.03790591]
  [ 0.07784439 -0.03790591]
  [ 0.07784439 -0.03790591]
  [ 0.07784439 -0.03790591]
  [ 0.07784439 -0.03790591]
  [ 0.07784439 -0.03790591]
  [ 0.07784439 -0.03790591]
  [ 0.07784439 -0.03790591]
  [ 0.07784439 -0.03790591]
  [ 0.08447786 -0.04103531]
  [ 0.52670956 -0.24966215]
  [ 0.63947856 -0.30286196]
  [ 0.562088   -0.26635227]
  [ 0.15523493 -0.0744156 ]
  [ 0.07784439 -0.03790591]
  [ 0.07784439 -0.03790591]
  [ 0.07784439 -0.03790591]
  [ 0.07784439 -0.03790591]
  [ 0.07784439 -0.03790591]
  [ 0.07784439 -0.03790591]
  [ 0.07784439 -0.03790591]
  [ 0.07784439 -0.03790591]
  [ 0.07784439 -0.03790591]
  [ 0.07784439 -0.03790591]
  [ 0.07784439 -0.03790591]]

 [[ 0.07784439 -0.03790591]
  [ 0.07784439 -0.03790591]
  [ 0.07784439 -0.03790591]
  [ 0.07784439 -0.03790591]
  [ 0.07784439 -0.03790591]
  [ 0.07784439 -0.03790591]
  [ 0.07784439 -0.03790591]
  [ 0.07784439 -0.03790591]
  [ 0.07784439 -0.03790591]
  [ 0.07784439 -0.03790591]
  [ 0.07784439 -0.03790591]
  [ 0.07784439 -0.03790591]
  [ 0.1618684  -0.077545  ]
  [ 0.63947856 -0.30286196]
  [ 0.63947856 -0.30286196]
  [ 0.24810357 -0.11822724]
  [ 0.07784439 -0.03790591]
  [ 0.07784439 -0.03790591]
  [ 0.07784439 -0.03790591]
  [ 0.07784439 -0.03790591]
  [ 0.07784439 -0.03790591]
  [ 0.07784439 -0.03790591]
  [ 0.07784439 -0.03790591]
  [ 0.07784439 -0.03790591]
  [ 0.07784439 -0.03790591]
  [ 0.07784439 -0.03790591]
  [ 0.07784439 -0.03790591]
  [ 0.07784439 -0.03790591]]

 [[ 0.07784439 -0.03790591]
  [ 0.07784439 -0.03790591]
  [ 0.07784439 -0.03790591]
  [ 0.07784439 -0.03790591]
  [ 0.07784439 -0.03790591]
  [ 0.07784439 -0.03790591]
  [ 0.07784439 -0.03790591]
  [ 0.07784439 -0.03790591]
  [ 0.07784439 -0.03790591]
  [ 0.07784439 -0.03790591]
  [ 0.07784439 -0.03790591]
  [ 0.14639029 -0.07024307]
  [ 0.57314384 -0.27156794]
  [ 0.63947856 -0.30286196]
  [ 0.33212757 -0.15786633]
  [ 0.08005555 -0.03894905]
  [ 0.07784439 -0.03790591]
  [ 0.07784439 -0.03790591]
  [ 0.07784439 -0.03790591]
  [ 0.07784439 -0.03790591]
  [ 0.07784439 -0.03790591]
  [ 0.07784439 -0.03790591]
  [ 0.07784439 -0.03790591]
  [ 0.07784439 -0.03790591]
  [ 0.07784439 -0.03790591]
  [ 0.07784439 -0.03790591]
  [ 0.07784439 -0.03790591]
  [ 0.07784439 -0.03790591]]

 [[ 0.07784439 -0.03790591]
  [ 0.07784439 -0.03790591]
  [ 0.07784439 -0.03790591]
  [ 0.07784439 -0.03790591]
  [ 0.07784439 -0.03790591]
  [ 0.07784439 -0.03790591]
  [ 0.07784439 -0.03790591]
  [ 0.07784439 -0.03790591]
  [ 0.07784439 -0.03790591]
  [ 0.07784439 -0.03790591]
  [ 0.07784439 -0.03790591]
  [ 0.37192842 -0.17664275]
  [ 0.63947856 -0.30286196]
  [ 0.63947856 -0.30286196]
  [ 0.19282463 -0.09214889]
  [ 0.07784439 -0.03790591]
  [ 0.07784439 -0.03790591]
  [ 0.07784439 -0.03790591]
  [ 0.07784439 -0.03790591]
  [ 0.07784439 -0.03790591]
  [ 0.07784439 -0.03790591]
  [ 0.07784439 -0.03790591]
  [ 0.07784439 -0.03790591]
  [ 0.07784439 -0.03790591]
  [ 0.07784439 -0.03790591]
  [ 0.07784439 -0.03790591]
  [ 0.07784439 -0.03790591]
  [ 0.07784439 -0.03790591]]

 [[ 0.07784439 -0.03790591]
  [ 0.07784439 -0.03790591]
  [ 0.07784439 -0.03790591]
  [ 0.07784439 -0.03790591]
  [ 0.07784439 -0.03790591]
  [ 0.07784439 -0.03790591]
  [ 0.07784439 -0.03790591]
  [ 0.07784439 -0.03790591]
  [ 0.07784439 -0.03790591]
  [ 0.07784439 -0.03790591]
  [ 0.21272504 -0.10153709]
  [ 0.61294466 -0.29034436]
  [ 0.63947856 -0.30286196]
  [ 0.63947856 -0.30286196]
  [ 0.19282463 -0.09214889]
  [ 0.07784439 -0.03790591]
  [ 0.07784439 -0.03790591]
  [ 0.07784439 -0.03790591]
  [ 0.07784439 -0.03790591]
  [ 0.07784439 -0.03790591]
  [ 0.07784439 -0.03790591]
  [ 0.07784439 -0.03790591]
  [ 0.07784439 -0.03790591]
  [ 0.07784439 -0.03790591]
  [ 0.07784439 -0.03790591]
  [ 0.07784439 -0.03790591]
  [ 0.07784439 -0.03790591]
  [ 0.07784439 -0.03790591]]

 [[ 0.07784439 -0.03790591]
  [ 0.07784439 -0.03790591]
  [ 0.07784439 -0.03790591]
  [ 0.07784439 -0.03790591]
  [ 0.07784439 -0.03790591]
  [ 0.07784439 -0.03790591]
  [ 0.07784439 -0.03790591]
  [ 0.07784439 -0.03790591]
  [ 0.07784439 -0.03790591]
  [ 0.07784439 -0.03790591]
  [ 0.34539452 -0.16412513]
  [ 0.63947856 -0.30286196]
  [ 0.63947856 -0.30286196]
  [ 0.562088   -0.26635227]
  [ 0.16629072 -0.07963128]
  [ 0.07784439 -0.03790591]
  [ 0.07784439 -0.03790591]
  [ 0.07784439 -0.03790591]
  [ 0.07784439 -0.03790591]
  [ 0.07784439 -0.03790591]
  [ 0.07784439 -0.03790591]
  [ 0.07784439 -0.03790591]
  [ 0.07784439 -0.03790591]
  [ 0.07784439 -0.03790591]
  [ 0.07784439 -0.03790591]
  [ 0.07784439 -0.03790591]
  [ 0.07784439 -0.03790591]
  [ 0.07784439 -0.03790591]]

 [[ 0.07784439 -0.03790591]
  [ 0.07784439 -0.03790591]
  [ 0.07784439 -0.03790591]
  [ 0.07784439 -0.03790591]
  [ 0.07784439 -0.03790591]
  [ 0.07784439 -0.03790591]
  [ 0.07784439 -0.03790591]
  [ 0.07784439 -0.03790591]
  [ 0.07784439 -0.03790591]
  [ 0.07784439 -0.03790591]
  [ 0.34539452 -0.16412513]
  [ 0.63947856 -0.30286196]
  [ 0.5355542  -0.25383466]
  [ 0.11764524 -0.05668233]
  [ 0.07784439 -0.03790591]
  [ 0.07784439 -0.03790591]
  [ 0.07784439 -0.03790591]
  [ 0.07784439 -0.03790591]
  [ 0.07784439 -0.03790591]
  [ 0.07784439 -0.03790591]
  [ 0.07784439 -0.03790591]
  [ 0.07784439 -0.03790591]
  [ 0.07784439 -0.03790591]
  [ 0.07784439 -0.03790591]
  [ 0.07784439 -0.03790591]
  [ 0.07784439 -0.03790591]
  [ 0.07784439 -0.03790591]
  [ 0.07784439 -0.03790591]]

 [[ 0.07784439 -0.03790591]
  [ 0.07784439 -0.03790591]
  [ 0.07784439 -0.03790591]
  [ 0.07784439 -0.03790591]
  [ 0.07784439 -0.03790591]
  [ 0.07784439 -0.03790591]
  [ 0.07784439 -0.03790591]
  [ 0.07784439 -0.03790591]
  [ 0.07784439 -0.03790591]
  [ 0.07784439 -0.03790591]
  [ 0.07784439 -0.03790591]
  [ 0.07784439 -0.03790591]
  [ 0.07784439 -0.03790591]
  [ 0.07784439 -0.03790591]
  [ 0.07784439 -0.03790591]
  [ 0.07784439 -0.03790591]
  [ 0.07784439 -0.03790591]
  [ 0.07784439 -0.03790591]
  [ 0.07784439 -0.03790591]
  [ 0.07784439 -0.03790591]
  [ 0.07784439 -0.03790591]
  [ 0.07784439 -0.03790591]
  [ 0.07784439 -0.03790591]
  [ 0.07784439 -0.03790591]
  [ 0.07784439 -0.03790591]
  [ 0.07784439 -0.03790591]
  [ 0.07784439 -0.03790591]
  [ 0.07784439 -0.03790591]]]