[[[[-0.01340715 -0.09385885]
   [-0.01340715 -0.09385885]
   [-0.01340715 -0.09385885]
   [-0.01340715 -0.09385885]
   [-0.01340715 -0.09385885]
   [-0.01340715 -0.09385885]
   [-0.01340715 -0.09385885]
   [-0.01340715 -0.09385885]
   [-0.01340715 -0.09385885]
   [-0.01340715 -0.09385885]
   [-0.01340715 -0.09385885]
   [-0.01340715 -0.09385885]
   [-0.01340715 -0.09385885]
   [-0.01340715 -0.09385885]
   [-0.01340715 -0.09385885]
   [-0.01340715 -0.09385885]
   [-0.01340715 -0.09385885]
   [-0.01340715 -0.09385885]
   [-0.01340715 -0.09385885]
   [-0.01340715 -0.09385885]
   [-0.01340715 -0.09385885]
   [-0.01340715 -0.09385885]
   [-0.01340715 -0.09385885]
   [-0.01340715 -0.09385885]
   [-0.01340715 -0.09385885]
   [-0.01340715 -0.09385885]
   [-0.01340715 -0.09385885]
   [-0.01340715 -0.09385885]]

  [[-0.01340715 -0.09385885]
   [-0.01340715 -0.09385885]
   [-0.01340715 -0.09385885]
   [-0.01340715 -0.09385885]
   [-0.01340715 -0.09385885]
   [-0.01340715 -0.09385885]
   [-0.01340715 -0.09385885]
   [-0.01340715 -0.09385885]
   [-0.01340715 -0.09385885]
   [-0.01340715 -0.09385885]
   [-0.01340715 -0.09385885]
   [-0.01340715 -0.09385885]
   [-0.01340715 -0.09385885]
   [-0.01340715 -0.09385885]
   [-0.01340715 -0.09385885]
   [-0.01340715 -0.09385885]
   [-0.01340715 -0.09385885]
   [-0.01340715 -0.09385885]
   [-0.01340715 -0.09385885]
   [-0.01340715 -0.09385885]
   [-0.01340715 -0.09385885]
   [-0.01340715 -0.09385885]
   [-0.01340715 -0.09385885]
   [-0.01340715 -0.09385885]
   [-0.01340715 -0.09385885]
   [-0.01340715 -0.09385885]
   [-0.01340715 -0.09385885]
   [-0.01340715 -0.09385885]]

  [[-0.01340715 -0.09385885]
   [-0.01340715 -0.09385885]
   [-0.01340715 -0.09385885]
   [-0.01340715 -0.09385885]
   [-0.01340715 -0.09385885]
   [-0.01340715 -0.09385885]
   [-0.01340715 -0.09385885]
   [-0.01340715 -0.09385885]
   [-0.01340715 -0.09385885]
   [-0.01340715 -0.09385885]
   [-0.01340715 -0.09385885]
   [-0.01340715 -0.09385885]
   [-0.01340715 -0.09385885]
   [-0.01340715 -0.09385885]
   [-0.01340715 -0.09385885]
   [-0.01340715 -0.09385885]
   [-0.01340715 -0.09385885]
   [-0.01340715 -0.09385885]
   [-0.01340715 -0.09385885]
   [-0.01340715 -0.09385885]
   [-0.01340715 -0.09385885]
   [-0.01340715 -0.09385885]
   [-0.01340715 -0.09385885]
   [-0.01340715 -0.09385885]
   [-0.01340715 -0.09385885]
   [-0.01340715 -0.09385885]
   [-0.01340715 -0.09385885]
   [-0.01340715 -0.09385885]]

  [[-0.01340715 -0.09385885]
   [-0.01340715 -0.09385885]
   [-0.01340715 -0.09385885]
   [-0.01340715 -0.09385885]
   [-0.01340715 -0.09385885]
   [-0.01340715 -0.09385885]
   [-0.01340715 -0.09385885]
   [-0.01340715 -0.09385885]
   [-0.01340715 -0.09385885]
   [-0.01340715 -0.09385885]
   [-0.01340715 -0.09385885]
   [-0.01340715 -0.09385885]
   [-0.01340715 -0.09385885]
   [-0.01340715 -0.09385885]
   [-0.01340715 -0.09385885]
   [-0.01340715 -0.09385885]
   [-0.01340715 -0.09385885]
   [-0.01340715 -0.09385885]
   [-0.01340715 -0.09385885]
   [-0.01340715 -0.09385885]
   [-0.01340715 -0.09385885]
   [-0.01340715 -0.09385885]
   [-0.01340715 -0.09385885]
   [-0.01340715 -0.09385885]
   [-0.01340715 -0.09385885]
   [-0.01340715 -0.09385885]
   [-0.01340715 -0.09385885]
   [-0.01340715 -0.09385885]]

  [[-0.01340715 -0.09385885]
   [-0.01340715 -0.09385885]
   [-0.01340715 -0.09385885]
   [-0.01340715 -0.09385885]
   [-0.01340715 -0.09385885]
   [-0.01340715 -0.09385885]
   [-0.01340715 -0.09385885]
   [-0.01340715 -0.09385885]
   [-0.01340715 -0.09385885]
   [-0.01340715 -0.09385885]
   [-0.01340715 -0.09385885]
   [-0.01340715 -0.09385885]
   [-0.01340715 -0.09385885]
   [-0.01340715 -0.09385885]
   [-0.01340715 -0.09385885]
   [-0.01340715 -0.09385885]
   [-0.01340715 -0.09385885]
   [-0.01340715 -0.09385885]
   [-0.01340715 -0.09385885]
   [-0.01340715 -0.09385885]
   [-0.01340715 -0.09385885]
   [-0.01340715 -0.09385885]
   [-0.01340715 -0.09385885]
   [-0.01340715 -0.09385885]
   [-0.01340715 -0.09385885]
   [-0.01340715 -0.09385885]
   [-0.01340715 -0.09385885]
   [-0.01340715 -0.09385885]]

  [[-0.01340715 -0.09385885]
   [-0.01340715 -0.09385885]
   [-0.01340715 -0.09385885]
   [-0.01340715 -0.09385885]
   [-0.01340715 -0.09385885]
   [-0.01340715 -0.09385885]
   [-0.01340715 -0.09385885]
   [-0.01340715 -0.09385885]
   [-0.01340715 -0.09385885]
   [-0.01340715 -0.09385885]
   [-0.01340715 -0.09385885]
   [-0.01340715 -0.09385885]
   [-0.01340715 -0.09385885]
   [-0.01340715 -0.09385885]
   [-0.01340715 -0.09385885]
   [-0.01340715 -0.09385885]
   [-0.01340715 -0.09385885]
   [-0.01340715 -0.09385885]
   [-0.01340715 -0.09385885]
   [-0.01340715 -0.09385885]
   [-0.01340715 -0.09385885]
   [-0.01340715 -0.09385885]
   [-0.01340715 -0.09385885]
   [-0.01340715 -0.09385885]
   [-0.01340715 -0.09385885]
   [-0.01340715 -0.09385885]
   [-0.01340715 -0.09385885]
   [-0.01340715 -0.09385885]]

  [[-0.01340715 -0.09385885]
   [-0.01340715 -0.09385885]
   [-0.01340715 -0.09385885]
   [-0.01340715 -0.09385885]
   [-0.01340715 -0.09385885]
   [-0.01340715 -0.09385885]
   [-0.01340715 -0.09385885]
   [-0.01340715 -0.09385885]
   [-0.01340715 -0.09385885]
   [-0.01340715 -0.09385885]
   [-0.01340715 -0.09385885]
   [-0.01340715 -0.09385885]
   [-0.01340715 -0.09385885]
   [-0.01340715 -0.09385885]
   [-0.01340715 -0.09385885]
   [-0.01340715 -0.09385885]
   [-0.01340715 -0.09385885]
   [-0.01340715 -0.09385885]
   [-0.01340715 -0.09385885]
   [-0.01340715 -0.09385885]
   [-0.01340715 -0.09385885]
   [-0.01340715 -0.09385885]
   [-0.01340715 -0.09385885]
   [-0.01340715 -0.09385885]
   [-0.01340715 -0.09385885]
   [-0.01340715 -0.09385885]
   [-0.01340715 -0.09385885]
   [-0.01340715 -0.09385885]]

  [[-0.01340715 -0.09385885]
   [-0.01340715 -0.09385885]
   [-0.01340715 -0.09385885]
   [-0.01340715 -0.09385885]
   [-0.01340715 -0.09385885]
   [-0.01340715 -0.09385885]
   [ 0.17233016 -0.1814821 ]
   [ 0.39565706 -0.28683865]
   [ 0.338167   -0.25971717]
   [ 0.32047772 -0.2513721 ]
   [ 0.11926235 -0.1564469 ]
   [ 0.06619455 -0.13141167]
   [-0.01340715 -0.09385885]
   [-0.01340715 -0.09385885]
   [-0.01340715 -0.09385885]
   [-0.01340715 -0.09385885]
   [-0.01340715 -0.09385885]
   [-0.01340715 -0.09385885]
   [-0.01340715 -0.09385885]
   [-0.01340715 -0.09385885]
   [-0.01340715 -0.09385885]
   [-0.01340715 -0.09385885]
   [-0.01340715 -0.09385885]
   [-0.01340715 -0.09385885]
   [-0.01340715 -0.09385885]
   [-0.01340715 -0.09385885]
   [-0.01340715 -0.09385885]
   [-0.01340715 -0.09385885]]

  [[-0.01340715 -0.09385885]
   [-0.01340715 -0.09385885]
   [-0.01340715 -0.09385885]
   [-0.01340715 -0.09385885]
   [-0.01340715 -0.09385885]
   [-0.01340715 -0.09385885]
   [ 0.47746998 -0.32543463]
   [ 0.548227   -0.3588149 ]
   [ 0.548227   -0.3588149 ]
   [ 0.548227   -0.3588149 ]
   [ 0.548227   -0.3588149 ]
   [ 0.51948196 -0.34525415]
   [ 0.42440218 -0.30039942]
   [ 0.42440218 -0.30039942]
   [ 0.42440218 -0.30039942]
   [ 0.42440218 -0.30039942]
   [ 0.42440218 -0.30039942]
   [ 0.42440218 -0.30039942]
   [ 0.42440218 -0.30039942]
   [ 0.42440218 -0.30039942]
   [ 0.36248976 -0.27119166]
   [ 0.10157309 -0.14810184]
   [-0.01340715 -0.09385885]
   [-0.01340715 -0.09385885]
   [-0.01340715 -0.09385885]
   [-0.01340715 -0.09385885]
   [-0.01340715 -0.09385885]
   [-0.01340715 -0.09385885]]

  [[-0.01340715 -0.09385885]
   [-0.01340715 -0.09385885]
   [-0.01340715 -0.09385885]
   [-0.01340715 -0.09385885]
   [-0.01340715 -0.09385885]
   [-0.01340715 -0.09385885]
   [ 0.13474046 -0.16374885]
   [ 0.23866488 -0.21277615]
   [ 0.14579624 -0.1689645 ]
   [ 0.23866488 -0.21277615]
   [ 0.34701163 -0.2638897 ]
   [ 0.48852575 -0.33065027]
   [ 0.548227   -0.3588149 ]
   [ 0.48410344 -0.32856402]
   [ 0.548227   -0.3588149 ]
   [ 0.548227   -0.3588149 ]
   [ 0.548227   -0.3588149 ]
   [ 0.5393824  -0.35464236]
   [ 0.49294806 -0.33273655]
   [ 0.548227   -0.3588149 ]
   [ 0.548227   -0.3588149 ]
   [ 0.29615498 -0.23989761]
   [-0.01340715 -0.09385885]
   [-0.01340715 -0.09385885]
   [-0.01340715 -0.09385885]
   [-0.01340715 -0.09385885]
   [-0.01340715 -0.09385885]
   [-0.01340715 -0.09385885]]

  [[-0.01340715 -0.09385885]
   [-0.01340715 -0.09385885]
   [-0.01340715 -0.09385885]
   [-0.01340715 -0.09385885]
   [-0.01340715 -0.09385885]
   [-0.01340715 -0.09385885]
   [-0.01340715 -0.09385885]
   [-0.01340715 -0.09385885]
   [-0.01340715 -0.09385885]
   [-0.01340715 -0.09385885]
   [-0.01340715 -0.09385885]
   [ 0.02418254 -0.11159213]
   [ 0.1325293  -0.16270572]
   [ 0.01754907 -0.10846274]
   [ 0.13474046 -0.16374885]
   [ 0.13474046 -0.16374885]
   [ 0.13474046 -0.16374885]
   [ 0.11705118 -0.15540376]
   [ 0.03302718 -0.11576467]
   [ 0.5084262  -0.34003848]
   [ 0.548227   -0.3588149 ]
   [ 0.22097565 -0.20443109]
   [-0.01340715 -0.09385885]
   [-0.01340715 -0.09385885]
   [-0.01340715 -0.09385885]
   [-0.01340715 -0.09385885]
   [-0.01340715 -0.09385885]
   [-0.01340715 -0.09385885]]

  [[-0.01340715 -0.09385885]
   [-0.01340715 -0.09385885]
   [-0.01340715 -0.09385885]
   [-0.01340715 -0.09385885]
   [-0.01340715 -0.09385885]
   [-0.01340715 -0.09385885]
   [-0.01340715 -0.09385885]
   [-0.01340715 -0.09385885]
   [-0.01340715 -0.09385885]
   [-0.01340715 -0.09385885]
   [-0.01340715 -0.09385885]
   [-0.01340715 -0.09385885]
   [-0.01340715 -0.09385885]
   [-0.01340715 -0.09385885]
   [-0.01340715 -0.09385885]
   [-0.01340715 -0.09385885]
   [-0.01340715 -0.09385885]
   [-0.01340715 -0.09385885]
   [ 0.17011897 -0.18043897]
   [ 0.54601586 -0.35777178]
   [ 0.44872493 -0.31187388]
   [ 0.0263937  -0.11263527]
   [-0.01340715 -0.09385885]
   [-0.01340715 -0.09385885]
   [-0.01340715 -0.09385885]
   [-0.01340715 -0.09385885]
   [-0.01340715 -0.09385885]
   [-0.01340715 -0.09385885]]

  [[-0.01340715 -0.09385885]
   [-0.01340715 -0.09385885]
   [-0.01340715 -0.09385885]
   [-0.01340715 -0.09385885]
   [-0.01340715 -0.09385885]
   [-0.01340715 -0.09385885]
   [-0.01340715 -0.09385885]
   [-0.01340715 -0.09385885]
   [-0.01340715 -0.09385885]
   [-0.01340715 -0.09385885]
   [-0.01340715 -0.09385885]
   [-0.01340715 -0.09385885]
   [-0.01340715 -0.09385885]
   [-0.01340715 -0.09385885]
   [-0.01340715 -0.09385885]
   [-0.01340715 -0.09385885]
   [-0.01340715 -0.09385885]
   [ 0.03523834 -0.1168078 ]
   [ 0.5017927  -0.3369091 ]
   [ 0.55043817 -0.35985804]
   [ 0.17011897 -0.18043897]
   [-0.01340715 -0.09385885]
   [-0.01340715 -0.09385885]
   [-0.01340715 -0.09385885]
   [-0.01340715 -0.09385885]
   [-0.01340715 -0.09385885]
   [-0.01340715 -0.09385885]
   [-0.01340715 -0.09385885]]

  [[-0.01340715 -0.09385885]
   [-0.01340715 -0.09385885]
   [-0.01340715 -0.09385885]
   [-0.01340715 -0.09385885]
   [-0.01340715 -0.09385885]
   [-0.01340715 -0.09385885]
   [-0.01340715 -0.09385885]
   [-0.01340715 -0.09385885]
   [-0.01340715 -0.09385885]
   [-0.01340715 -0.09385885]
   [-0.01340715 -0.09385885]
   [-0.01340715 -0.09385885]
   [-0.01340715 -0.09385885]
   [-0.01340715 -0.09385885]
   [-0.01340715 -0.09385885]
   [-0.01340715 -0.09385885]
   [-0.01340715 -0.09385885]
   [ 0.27183223 -0.22842315]
   [ 0.548227   -0.3588149 ]
   [ 0.5128485  -0.34212476]
   [ 0.08388381 -0.13975675]
   [-0.01340715 -0.09385885]
   [-0.01340715 -0.09385885]
   [-0.01340715 -0.09385885]
   [-0.01340715 -0.09385885]
   [-0.01340715 -0.09385885]
   [-0.01340715 -0.09385885]
   [-0.01340715 -0.09385885]]

  [[-0.01340715 -0.09385885]
   [-0.01340715 -0.09385885]
   [-0.01340715 -0.09385885]
   [-0.01340715 -0.09385885]
   [-0.01340715 -0.09385885]
   [-0.01340715 -0.09385885]
   [-0.01340715 -0.09385885]
   [-0.01340715 -0.09385885]
   [-0.01340715 -0.09385885]
   [-0.01340715 -0.09385885]
   [-0.01340715 -0.09385885]
   [-0.01340715 -0.09385885]
   [-0.01340715 -0.09385885]
   [-0.01340715 -0.09385885]
   [-0.01340715 -0.09385885]
   [-0.01340715 -0.09385885]
   [ 0.11705118 -0.15540376]
   [ 0.5371712  -0.35359922]
   [ 0.548227   -0.3588149 ]
   [ 0.12368467 -0.15853317]
   [-0.01340715 -0.09385885]
   [-0.01340715 -0.09385885]
   [-0.01340715 -0.09385885]
   [-0.01340715 -0.09385885]
   [-0.01340715 -0.09385885]
   [-0.01340715 -0.09385885]
   [-0.01340715 -0.09385885]
   [-0.01340715 -0.09385885]]

  [[-0.01340715 -0.09385885]
   [-0.01340715 -0.09385885]
   [-0.01340715 -0.09385885]
   [-0.01340715 -0.09385885]
   [-0.01340715 -0.09385885]
   [-0.01340715 -0.09385885]
   [-0.01340715 -0.09385885]
   [-0.01340715 -0.09385885]
   [-0.01340715 -0.09385885]
   [-0.01340715 -0.09385885]
   [-0.01340715 -0.09385885]
   [-0.01340715 -0.09385885]
   [-0.01340715 -0.09385885]
   [-0.01340715 -0.09385885]
   [-0.01340715 -0.09385885]
   [-0.01340715 -0.09385885]
   [ 0.2806769  -0.23259568]
   [ 0.548227   -0.3588149 ]
   [ 0.40007943 -0.28892493]
   [-0.00235136 -0.09907453]
   [-0.01340715 -0.09385885]
   [-0.01340715 -0.09385885]
   [-0.01340715 -0.09385885]
   [-0.01340715 -0.09385885]
   [-0.01340715 -0.09385885]
   [-0.01340715 -0.09385885]
   [-0.01340715 -0.09385885]
   [-0.01340715 -0.09385885]]

  [[-0.01340715 -0.09385885]
   [-0.01340715 -0.09385885]
   [-0.01340715 -0.09385885]
   [-0.01340715 -0.09385885]
   [-0.01340715 -0.09385885]
   [-0.01340715 -0.09385885]
   [-0.01340715 -0.09385885]
   [-0.01340715 -0.09385885]
   [-0.01340715 -0.09385885]
   [-0.01340715 -0.09385885]
   [-0.01340715 -0.09385885]
   [-0.01340715 -0.09385885]
   [-0.01340715 -0.09385885]
   [-0.01340715 -0.09385885]
   [-0.01340715 -0.09385885]
   [ 0.00649329 -0.10324706]
   [ 0.4398803  -0.30770135]
   [ 0.5349601  -0.35255608]
   [ 0.11484003 -0.15436062]
   [-0.01340715 -0.09385885]
   [-0.01340715 -0.09385885]
   [-0.01340715 -0.09385885]
   [-0.01340715 -0.09385885]
   [-0.01340715 -0.09385885]
   [-0.01340715 -0.09385885]
   [-0.01340715 -0.09385885]
   [-0.01340715 -0.09385885]
   [-0.01340715 -0.09385885]]

  [[-0.01340715 -0.09385885]
   [-0.01340715 -0.09385885]
   [-0.01340715 -0.09385885]
   [-0.01340715 -0.09385885]
   [-0.01340715 -0.09385885]
   [-0.01340715 -0.09385885]
   [-0.01340715 -0.09385885]
   [-0.01340715 -0.09385885]
   [-0.01340715 -0.09385885]
   [-0.01340715 -0.09385885]
   [-0.01340715 -0.09385885]
   [-0.01340715 -0.09385885]
   [-0.01340715 -0.09385885]
   [-0.01340715 -0.09385885]
   [-0.01340715 -0.09385885]
   [ 0.26519877 -0.22529376]
   [ 0.548227   -0.3588149 ]
   [ 0.3890236  -0.28370926]
   [-0.01340715 -0.09385885]
   [-0.01340715 -0.09385885]
   [-0.01340715 -0.09385885]
   [-0.01340715 -0.09385885]
   [-0.01340715 -0.09385885]
   [-0.01340715 -0.09385885]
   [-0.01340715 -0.09385885]
   [-0.01340715 -0.09385885]
   [-0.01340715 -0.09385885]
   [-0.01340715 -0.09385885]]

  [[-0.01340715 -0.09385885]
   [-0.01340715 -0.09385885]
   [-0.01340715 -0.09385885]
   [-0.01340715 -0.09385885]
   [-0.01340715 -0.09385885]
   [-0.01340715 -0.09385885]
   [-0.01340715 -0.09385885]
   [-0.01340715 -0.09385885]
   [-0.01340715 -0.09385885]
   [-0.01340715 -0.09385885]
   [-0.01340715 -0.09385885]
   [-0.01340715 -0.09385885]
   [-0.01340715 -0.09385885]
   [-0.01340715 -0.09385885]
   [ 0.15242971 -0.1720939 ]
   [ 0.54159355 -0.3556855 ]
   [ 0.51727086 -0.34421104]
   [ 0.11262888 -0.15331751]
   [-0.01340715 -0.09385885]
   [-0.01340715 -0.09385885]
   [-0.01340715 -0.09385885]
   [-0.01340715 -0.09385885]
   [-0.01340715 -0.09385885]
   [-0.01340715 -0.09385885]
   [-0.01340715 -0.09385885]
   [-0.01340715 -0.09385885]
   [-0.01340715 -0.09385885]
   [-0.01340715 -0.09385885]]

  [[-0.01340715 -0.09385885]
   [-0.01340715 -0.09385885]
   [-0.01340715 -0.09385885]
   [-0.01340715 -0.09385885]
   [-0.01340715 -0.09385885]
   [-0.01340715 -0.09385885]
   [-0.01340715 -0.09385885]
   [-0.01340715 -0.09385885]
   [-0.01340715 -0.09385885]
   [-0.01340715 -0.09385885]
   [-0.01340715 -0.09385885]
   [-0.01340715 -0.09385885]
   [-0.01340715 -0.09385885]
   [ 0.02860486 -0.1136784 ]
   [ 0.47525883 -0.32439148]
   [ 0.548227   -0.3588149 ]
   [ 0.3536451  -0.2670191 ]
   [-0.01340715 -0.09385885]
   [-0.01340715 -0.09385885]
   [-0.01340715 -0.09385885]
   [-0.01340715 -0.09385885]
   [-0.01340715 -0.09385885]
   [-0.01340715 -0.09385885]
   [-0.01340715 -0.09385885]
   [-0.01340715 -0.09385885]
   [-0.01340715 -0.09385885]
   [-0.01340715 -0.09385885]
   [-0.01340715 -0.09385885]]

  [[-0.01340715 -0.09385885]
   [-0.01340715 -0.09385885]
   [-0.01340715 -0.09385885]
   [-0.01340715 -0.09385885]
   [-0.01340715 -0.09385885]
   [-0.01340715 -0.09385885]
   [-0.01340715 -0.09385885]
   [-0.01340715 -0.09385885]
   [-0.01340715 -0.09385885]
   [-0.01340715 -0.09385885]
   [-0.01340715 -0.09385885]
   [-0.01340715 -0.09385885]
   [-0.00677367 -0.09698826]
   [ 0.435458   -0.3056151 ]
   [ 0.548227   -0.3588149 ]
   [ 0.47083646 -0.3223052 ]
   [ 0.0639834  -0.13036855]
   [-0.01340715 -0.09385885]
   [-0.01340715 -0.09385885]
   [-0.01340715 -0.09385885]
   [-0.01340715 -0.09385885]
   [-0.01340715 -0.09385885]
   [-0.01340715 -0.09385885]
   [-0.01340715 -0.09385885]
   [-0.01340715 -0.09385885]
   [-0.01340715 -0.09385885]
   [-0.01340715 -0.09385885]
   [-0.01340715 -0.09385885]]

  [[-0.01340715 -0.09385885]
   [-0.01340715 -0.09385885]
   [-0.01340715 -0.09385885]
   [-0.01340715 -0.09385885]
   [-0.01340715 -0.09385885]
   [-0.01340715 -0.09385885]
   [-0.01340715 -0.09385885]
   [-0.01340715 -0.09385885]
   [-0.01340715 -0.09385885]
   [-0.01340715 -0.09385885]
   [-0.01340715 -0.09385885]
   [-0.01340715 -0.09385885]
   [ 0.07061686 -0.13349795]
   [ 0.548227   -0.3588149 ]
   [ 0.548227   -0.3588149 ]
   [ 0.15685204 -0.17418018]
   [-0.01340715 -0.09385885]
   [-0.01340715 -0.09385885]
   [-0.01340715 -0.09385885]
   [-0.01340715 -0.09385885]
   [-0.01340715 -0.09385885]
   [-0.01340715 -0.09385885]
   [-0.01340715 -0.09385885]
   [-0.01340715 -0.09385885]
   [-0.01340715 -0.09385885]
   [-0.01340715 -0.09385885]
   [-0.01340715 -0.09385885]
   [-0.01340715 -0.09385885]]

  [[-0.01340715 -0.09385885]
   [-0.01340715 -0.09385885]
   [-0.01340715 -0.09385885]
   [-0.01340715 -0.09385885]
   [-0.01340715 -0.09385885]
   [-0.01340715 -0.09385885]
   [-0.01340715 -0.09385885]
   [-0.01340715 -0.09385885]
   [-0.01340715 -0.09385885]
   [-0.01340715 -0.09385885]
   [-0.01340715 -0.09385885]
   [ 0.05513875 -0.12619601]
   [ 0.4818923  -0.32752088]
   [ 0.548227   -0.3588149 ]
   [ 0.24087603 -0.21381927]
   [-0.01119599 -0.09490199]
   [-0.01340715 -0.09385885]
   [-0.01340715 -0.09385885]
   [-0.01340715 -0.09385885]
   [-0.01340715 -0.09385885]
   [-0.01340715 -0.09385885]
   [-0.01340715 -0.09385885]
   [-0.01340715 -0.09385885]
   [-0.01340715 -0.09385885]
   [-0.01340715 -0.09385885]
   [-0.01340715 -0.09385885]
   [-0.01340715 -0.09385885]
   [-0.01340715 -0.09385885]]

  [[-0.01340715 -0.09385885]
   [-0.01340715 -0.09385885]
   [-0.01340715 -0.09385885]
   [-0.01340715 -0.09385885]
   [-0.01340715 -0.09385885]
   [-0.01340715 -0.09385885]
   [-0.01340715 -0.09385885]
   [-0.01340715 -0.09385885]
   [-0.01340715 -0.09385885]
   [-0.01340715 -0.09385885]
   [-0.01340715 -0.09385885]
   [ 0.2806769  -0.23259568]
   [ 0.548227   -0.3588149 ]
   [ 0.548227   -0.3588149 ]
   [ 0.10157309 -0.14810184]
   [-0.01340715 -0.09385885]
   [-0.01340715 -0.09385885]
   [-0.01340715 -0.09385885]
   [-0.01340715 -0.09385885]
   [-0.01340715 -0.09385885]
   [-0.01340715 -0.09385885]
   [-0.01340715 -0.09385885]
   [-0.01340715 -0.09385885]
   [-0.01340715 -0.09385885]
   [-0.01340715 -0.09385885]
   [-0.01340715 -0.09385885]
   [-0.01340715 -0.09385885]
   [-0.01340715 -0.09385885]]

  [[-0.01340715 -0.09385885]
   [-0.01340715 -0.09385885]
   [-0.01340715 -0.09385885]
   [-0.01340715 -0.09385885]
   [-0.01340715 -0.09385885]
   [-0.01340715 -0.09385885]
   [-0.01340715 -0.09385885]
   [-0.01340715 -0.09385885]
   [-0.01340715 -0.09385885]
   [-0.01340715 -0.09385885]
   [ 0.12147351 -0.15749003]
   [ 0.5216931  -0.3462973 ]
   [ 0.548227   -0.3588149 ]
   [ 0.548227   -0.3588149 ]
   [ 0.10157309 -0.14810184]
   [-0.01340715 -0.09385885]
   [-0.01340715 -0.09385885]
   [-0.01340715 -0.09385885]
   [-0.01340715 -0.09385885]
   [-0.01340715 -0.09385885]
   [-0.01340715 -0.09385885]
   [-0.01340715 -0.09385885]
   [-0.01340715 -0.09385885]
   [-0.01340715 -0.09385885]
   [-0.01340715 -0.09385885]
   [-0.01340715 -0.09385885]
   [-0.01340715 -0.09385885]
   [-0.01340715 -0.09385885]]

  [[-0.01340715 -0.09385885]
   [-0.01340715 -0.09385885]
   [-0.01340715 -0.09385885]
   [-0.01340715 -0.09385885]
   [-0.01340715 -0.09385885]
   [-0.01340715 -0.09385885]
   [-0.01340715 -0.09385885]
   [-0.01340715 -0.09385885]
   [-0.01340715 -0.09385885]
   [-0.01340715 -0.09385885]
   [ 0.254143   -0.22007808]
   [ 0.548227   -0.3588149 ]
   [ 0.548227   -0.3588149 ]
   [ 0.47083646 -0.3223052 ]
   [ 0.07503918 -0.13558422]
   [-0.01340715 -0.09385885]
   [-0.01340715 -0.09385885]
   [-0.01340715 -0.09385885]
   [-0.01340715 -0.09385885]
   [-0.01340715 -0.09385885]
   [-0.01340715 -0.09385885]
   [-0.01340715 -0.09385885]
   [-0.01340715 -0.09385885]
   [-0.01340715 -0.09385885]
   [-0.01340715 -0.09385885]
   [-0.01340715 -0.09385885]
   [-0.01340715 -0.09385885]
   [-0.01340715 -0.09385885]]

  [[-0.01340715 -0.09385885]
   [-0.01340715 -0.09385885]
   [-0.01340715 -0.09385885]
   [-0.01340715 -0.09385885]
   [-0.01340715 -0.09385885]
   [-0.01340715 -0.09385885]
   [-0.01340715 -0.09385885]
   [-0.01340715 -0.09385885]
   [-0.01340715 -0.09385885]
   [-0.01340715 -0.09385885]
   [ 0.254143   -0.22007808]
   [ 0.548227   -0.3588149 ]
   [ 0.44430262 -0.3097876 ]
   [ 0.0263937  -0.11263527]
   [-0.01340715 -0.09385885]
   [-0.01340715 -0.09385885]
   [-0.01340715 -0.09385885]
   [-0.01340715 -0.09385885]
   [-0.01340715 -0.09385885]
   [-0.01340715 -0.09385885]
   [-0.01340715 -0.09385885]
   [-0.01340715 -0.09385885]
   [-0.01340715 -0.09385885]
   [-0.01340715 -0.09385885]
   [-0.01340715 -0.09385885]
   [-0.01340715 -0.09385885]
   [-0.01340715 -0.09385885]
   [-0.01340715 -0.09385885]]

  [[-0.01340715 -0.09385885]
   [-0.01340715 -0.09385885]
   [-0.01340715 -0.09385885]
   [-0.01340715 -0.09385885]
   [-0.01340715 -0.09385885]
   [-0.01340715 -0.09385885]
   [-0.01340715 -0.09385885]
   [-0.01340715 -0.09385885]
   [-0.01340715 -0.09385885]
   [-0.01340715 -0.09385885]
   [-0.01340715 -0.09385885]
   [-0.01340715 -0.09385885]
   [-0.01340715 -0.09385885]
   [-0.01340715 -0.09385885]
   [-0.01340715 -0.09385885]
   [-0.01340715 -0.09385885]
   [-0.01340715 -0.09385885]
   [-0.01340715 -0.09385885]
   [-0.01340715 -0.09385885]
   [-0.01340715 -0.09385885]
   [-0.01340715 -0.09385885]
   [-0.01340715 -0.09385885]
   [-0.01340715 -0.09385885]
   [-0.01340715 -0.09385885]
   [-0.01340715 -0.09385885]
   [-0.01340715 -0.09385885]
   [-0.01340715 -0.09385885]
   [-0.01340715 -0.09385885]]]]