[[[[-0.02989683 -0.09590273  0.07893063]
   [-0.02989683 -0.09590273  0.07893063]
   [-0.02989683 -0.09590273  0.07893063]
   [-0.02989683 -0.09590273  0.07893063]
   [-0.02989683 -0.09590273  0.07893063]
   [-0.02989683 -0.09590273  0.07893063]
   [-0.02989683 -0.09590273  0.07893063]
   [-0.02989683 -0.09590273  0.07893063]
   [-0.02989683 -0.09590273  0.07893063]
   [-0.02989683 -0.09590273  0.07893063]
   [-0.02989683 -0.09590273  0.07893063]
   [-0.02989683 -0.09590273  0.07893063]
   [-0.02989683 -0.09590273  0.07893063]
   [-0.02989683 -0.09590273  0.07893063]
   [-0.02989683 -0.09590273  0.07893063]
   [-0.02989683 -0.09590273  0.07893063]
   [-0.02989683 -0.09590273  0.07893063]
   [-0.02989683 -0.09590273  0.07893063]
   [-0.02989683 -0.09590273  0.07893063]
   [-0.02989683 -0.09590273  0.07893063]
   [-0.02989683 -0.09590273  0.07893063]
   [-0.02989683 -0.09590273  0.07893063]
   [-0.02989683 -0.09590273  0.07893063]
   [-0.02989683 -0.09590273  0.07893063]
   [-0.02989683 -0.09590273  0.07893063]
   [-0.02989683 -0.09590273  0.07893063]
   [-0.02989683 -0.09590273  0.07893063]
   [-0.02989683 -0.09590273  0.07893063]]

  [[-0.02989683 -0.09590273  0.07893063]
   [-0.02989683 -0.09590273  0.07893063]
   [-0.02989683 -0.09590273  0.07893063]
   [-0.02989683 -0.09590273  0.07893063]
   [-0.02989683 -0.09590273  0.07893063]
   [-0.02989683 -0.09590273  0.07893063]
   [-0.02989683 -0.09590273  0.07893063]
   [-0.02989683 -0.09590273  0.07893063]
   [-0.02989683 -0.09590273  0.07893063]
   [-0.02989683 -0.09590273  0.07893063]
   [-0.02989683 -0.09590273  0.07893063]
   [-0.02989683 -0.09590273  0.07893063]
   [-0.02989683 -0.09590273  0.07893063]
   [-0.02989683 -0.09590273  0.07893063]
   [-0.02989683 -0.09590273  0.07893063]
   [-0.02989683 -0.09590273  0.07893063]
   [-0.02989683 -0.09590273  0.07893063]
   [-0.02989683 -0.09590273  0.07893063]
   [-0.02989683 -0.09590273  0.07893063]
   [-0.02989683 -0.09590273  0.07893063]
   [-0.02989683 -0.09590273  0.07893063]
   [-0.02989683 -0.09590273  0.07893063]
   [-0.02989683 -0.09590273  0.07893063]
   [-0.02989683 -0.09590273  0.07893063]
   [-0.02989683 -0.09590273  0.07893063]
   [-0.02989683 -0.09590273  0.07893063]
   [-0.02989683 -0.09590273  0.07893063]
   [-0.02989683 -0.09590273  0.07893063]]

  [[-0.02989683 -0.09590273  0.07893063]
   [-0.02989683 -0.09590273  0.07893063]
   [-0.02989683 -0.09590273  0.07893063]
   [-0.02989683 -0.09590273  0.07893063]
   [-0.02989683 -0.09590273  0.07893063]
   [-0.02989683 -0.09590273  0.07893063]
   [-0.02989683 -0.09590273  0.07893063]
   [-0.02989683 -0.09590273  0.07893063]
   [-0.02989683 -0.09590273  0.07893063]
   [-0.02989683 -0.09590273  0.07893063]
   [-0.02989683 -0.09590273  0.07893063]
   [-0.02989683 -0.09590273  0.07893063]
   [-0.02989683 -0.09590273  0.07893063]
   [-0.02989683 -0.09590273  0.07893063]
   [-0.02989683 -0.09590273  0.07893063]
   [-0.02989683 -0.09590273  0.07893063]
   [-0.02989683 -0.09590273  0.07893063]
   [-0.02989683 -0.09590273  0.07893063]
   [-0.02989683 -0.09590273  0.07893063]
   [-0.02989683 -0.09590273  0.07893063]
   [-0.02989683 -0.09590273  0.07893063]
   [-0.02989683 -0.09590273  0.07893063]
   [-0.02989683 -0.09590273  0.07893063]
   [-0.02989683 -0.09590273  0.07893063]
   [-0.02989683 -0.09590273  0.07893063]
   [-0.02989683 -0.09590273  0.07893063]
   [-0.02989683 -0.09590273  0.07893063]
   [-0.02989683 -0.09590273  0.07893063]]

  [[-0.02989683 -0.09590273  0.07893063]
   [-0.02989683 -0.09590273  0.07893063]
   [-0.02989683 -0.09590273  0.07893063]
   [-0.02989683 -0.09590273  0.07893063]
   [-0.02989683 -0.09590273  0.07893063]
   [-0.02989683 -0.09590273  0.07893063]
   [-0.02989683 -0.09590273  0.07893063]
   [-0.02989683 -0.09590273  0.07893063]
   [-0.02989683 -0.09590273  0.07893063]
   [-0.02989683 -0.09590273  0.07893063]
   [-0.02989683 -0.09590273  0.07893063]
   [-0.02989683 -0.09590273  0.07893063]
   [-0.02989683 -0.09590273  0.07893063]
   [-0.02989683 -0.09590273  0.07893063]
   [-0.02989683 -0.09590273  0.07893063]
   [-0.02989683 -0.09590273  0.07893063]
   [-0.02989683 -0.09590273  0.07893063]
   [-0.02989683 -0.09590273  0.07893063]
   [-0.02989683 -0.09590273  0.07893063]
   [-0.02989683 -0.09590273  0.07893063]
   [-0.02989683 -0.09590273  0.07893063]
   [-0.02989683 -0.09590273  0.07893063]
   [-0.02989683 -0.09590273  0.07893063]
   [-0.02989683 -0.09590273  0.07893063]
   [-0.02989683 -0.09590273  0.07893063]
   [-0.02989683 -0.09590273  0.07893063]
   [-0.02989683 -0.09590273  0.07893063]
   [-0.02989683 -0.09590273  0.07893063]]

  [[-0.02989683 -0.09590273  0.07893063]
   [-0.02989683 -0.09590273  0.07893063]
   [-0.02989683 -0.09590273  0.07893063]
   [-0.02989683 -0.09590273  0.07893063]
   [-0.02989683 -0.09590273  0.07893063]
   [-0.02989683 -0.09590273  0.07893063]
   [-0.02989683 -0.09590273  0.07893063]
   [-0.02989683 -0.09590273  0.07893063]
   [-0.02989683 -0.09590273  0.07893063]
   [-0.02989683 -0.09590273  0.07893063]
   [-0.02989683 -0.09590273  0.07893063]
   [-0.02989683 -0.09590273  0.07893063]
   [-0.02989683 -0.09590273  0.07893063]
   [-0.02989683 -0.09590273  0.07893063]
   [-0.02989683 -0.09590273  0.07893063]
   [-0.02989683 -0.09590273  0.07893063]
   [-0.02989683 -0.09590273  0.07893063]
   [-0.02989683 -0.09590273  0.07893063]
   [-0.02989683 -0.09590273  0.07893063]
   [-0.02989683 -0.09590273  0.07893063]
   [-0.02989683 -0.09590273  0.07893063]
   [-0.02989683 -0.09590273  0.07893063]
   [-0.02989683 -0.09590273  0.07893063]
   [-0.02989683 -0.09590273  0.07893063]
   [-0.02989683 -0.09590273  0.07893063]
   [-0.02989683 -0.09590273  0.07893063]
   [-0.02989683 -0.09590273  0.07893063]
   [-0.02989683 -0.09590273  0.07893063]]

  [[-0.02989683 -0.09590273  0.07893063]
   [-0.02989683 -0.09590273  0.07893063]
   [-0.02989683 -0.09590273  0.07893063]
   [-0.02989683 -0.09590273  0.07893063]
   [-0.02989683 -0.09590273  0.07893063]
   [-0.02989683 -0.09590273  0.07893063]
   [-0.02989683 -0.09590273  0.07893063]
   [-0.02989683 -0.09590273  0.07893063]
   [-0.02989683 -0.09590273  0.07893063]
   [-0.02989683 -0.09590273  0.07893063]
   [-0.02989683 -0.09590273  0.07893063]
   [-0.02989683 -0.09590273  0.07893063]
   [-0.02989683 -0.09590273  0.07893063]
   [-0.02989683 -0.09590273  0.07893063]
   [-0.02989683 -0.09590273  0.07893063]
   [-0.02989683 -0.09590273  0.07893063]
   [-0.02989683 -0.09590273  0.07893063]
   [-0.02989683 -0.09590273  0.07893063]
   [-0.02989683 -0.09590273  0.07893063]
   [-0.02989683 -0.09590273  0.07893063]
   [-0.02989683 -0.09590273  0.07893063]
   [-0.02989683 -0.09590273  0.07893063]
   [-0.02989683 -0.09590273  0.07893063]
   [-0.02989683 -0.09590273  0.07893063]
   [-0.02989683 -0.09590273  0.07893063]
   [-0.02989683 -0.09590273  0.07893063]
   [-0.02989683 -0.09590273  0.07893063]
   [-0.02989683 -0.09590273  0.07893063]]

  [[-0.02989683 -0.09590273  0.07893063]
   [-0.02989683 -0.09590273  0.07893063]
   [-0.02989683 -0.09590273  0.07893063]
   [-0.02989683 -0.09590273  0.07893063]
   [-0.02989683 -0.09590273  0.07893063]
   [-0.02989683 -0.09590273  0.07893063]
   [-0.02989683 -0.09590273  0.07893063]
   [-0.02989683 -0.09590273  0.07893063]
   [-0.02989683 -0.09590273  0.07893063]
   [-0.02989683 -0.09590273  0.07893063]
   [-0.02989683 -0.09590273  0.07893063]
   [-0.02989683 -0.09590273  0.07893063]
   [-0.02989683 -0.09590273  0.07893063]
   [-0.02989683 -0.09590273  0.07893063]
   [-0.02989683 -0.09590273  0.07893063]
   [-0.02989683 -0.09590273  0.07893063]
   [-0.02989683 -0.09590273  0.07893063]
   [-0.02989683 -0.09590273  0.07893063]
   [-0.02989683 -0.09590273  0.07893063]
   [-0.02989683 -0.09590273  0.07893063]
   [-0.02989683 -0.09590273  0.07893063]
   [-0.02989683 -0.09590273  0.07893063]
   [-0.02989683 -0.09590273  0.07893063]
   [-0.02989683 -0.09590273  0.07893063]
   [-0.02989683 -0.09590273  0.07893063]
   [-0.02989683 -0.09590273  0.07893063]
   [-0.02989683 -0.09590273  0.07893063]
   [-0.02989683 -0.09590273  0.07893063]]

  [[-0.02989683 -0.09590273  0.07893063]
   [-0.02989683 -0.09590273  0.07893063]
   [-0.02989683 -0.09590273  0.07893063]
   [-0.02989683 -0.09590273  0.07893063]
   [-0.02989683 -0.09590273  0.07893063]
   [-0.02989683 -0.09590273  0.07893063]
   [-0.01212317 -0.06910203  0.05017744]
   [ 0.00924755 -0.03687736  0.01560514]
   [ 0.00374617 -0.04517282  0.02450494]
   [ 0.00205344 -0.04772527  0.02724334]
   [-0.01720136 -0.07675937  0.05839264]
   [-0.02227955 -0.08441672  0.06660783]
   [-0.02989683 -0.09590273  0.07893063]
   [-0.02989683 -0.09590273  0.07893063]
   [-0.02989683 -0.09590273  0.07893063]
   [-0.02989683 -0.09590273  0.07893063]
   [-0.02989683 -0.09590273  0.07893063]
   [-0.02989683 -0.09590273  0.07893063]
   [-0.02989683 -0.09590273  0.07893063]
   [-0.02989683 -0.09590273  0.07893063]
   [-0.02989683 -0.09590273  0.07893063]
   [-0.02989683 -0.09590273  0.07893063]
   [-0.02989683 -0.09590273  0.07893063]
   [-0.02989683 -0.09590273  0.07893063]
   [-0.02989683 -0.09590273  0.07893063]
   [-0.02989683 -0.09590273  0.07893063]
   [-0.02989683 -0.09590273  0.07893063]
   [-0.02989683 -0.09590273  0.07893063]]

  [[-0.02989683 -0.09590273  0.07893063]
   [-0.02989683 -0.09590273  0.07893063]
   [-0.02989683 -0.09590273  0.07893063]
   [-0.02989683 -0.09590273  0.07893063]
   [-0.02989683 -0.09590273  0.07893063]
   [-0.02989683 -0.09590273  0.07893063]
   [ 0.01707642 -0.02507228  0.00294004]
   [ 0.02384734 -0.01486249 -0.00801355]
   [ 0.02384734 -0.01486249 -0.00801355]
   [ 0.02384734 -0.01486249 -0.00801355]
   [ 0.02384734 -0.01486249 -0.00801355]
   [ 0.02109665 -0.01901022 -0.00356366]
   [ 0.01199823 -0.03272963  0.01115524]
   [ 0.01199823 -0.03272963  0.01115524]
   [ 0.01199823 -0.03272963  0.01115524]
   [ 0.01199823 -0.03272963  0.01115524]
   [ 0.01199823 -0.03272963  0.01115524]
   [ 0.01199823 -0.03272963  0.01115524]
   [ 0.01199823 -0.03272963  0.01115524]
   [ 0.01199823 -0.03272963  0.01115524]
   [ 0.00607368 -0.04166321  0.02073964]
   [-0.01889409 -0.07931182  0.06113103]
   [-0.02989683 -0.09590273  0.07893063]
   [-0.02989683 -0.09590273  0.07893063]
   [-0.02989683 -0.09590273  0.07893063]
   [-0.02989683 -0.09590273  0.07893063]
   [-0.02989683 -0.09590273  0.07893063]
   [-0.02989683 -0.09590273  0.07893063]]

  [[-0.02989683 -0.09590273  0.07893063]
   [-0.02989683 -0.09590273  0.07893063]
   [-0.02989683 -0.09590273  0.07893063]
   [-0.02989683 -0.09590273  0.07893063]
   [-0.02989683 -0.09590273  0.07893063]
   [-0.02989683 -0.09590273  0.07893063]
   [-0.01572022 -0.07452598  0.05599654]
   [-0.00577543 -0.05953034  0.03990844]
   [-0.01466226 -0.07293069  0.05428503]
   [-0.00577543 -0.05953034  0.03990844]
   [ 0.00459254 -0.0438966   0.02313574]
   [ 0.01813438 -0.02347701  0.00122854]
   [ 0.02384734 -0.01486249 -0.00801355]
   [ 0.0177112  -0.02411512  0.00191315]
   [ 0.02384734 -0.01486249 -0.00801355]
   [ 0.02384734 -0.01486249 -0.00801355]
   [ 0.02384734 -0.01486249 -0.00801355]
   [ 0.02300097 -0.01613872 -0.00664435]
   [ 0.01855756 -0.0228389   0.00054394]
   [ 0.02384734 -0.01486249 -0.00801355]
   [ 0.02384734 -0.01486249 -0.00801355]
   [-0.00027406 -0.05123489  0.03100864]
   [-0.02989683 -0.09590273  0.07893063]
   [-0.02989683 -0.09590273  0.07893063]
   [-0.02989683 -0.09590273  0.07893063]
   [-0.02989683 -0.09590273  0.07893063]
   [-0.02989683 -0.09590273  0.07893063]
   [-0.02989683 -0.09590273  0.07893063]]

  [[-0.02989683 -0.09590273  0.07893063]
   [-0.02989683 -0.09590273  0.07893063]
   [-0.02989683 -0.09590273  0.07893063]
   [-0.02989683 -0.09590273  0.07893063]
   [-0.02989683 -0.09590273  0.07893063]
   [-0.02989683 -0.09590273  0.07893063]
   [-0.02989683 -0.09590273  0.07893063]
   [-0.02989683 -0.09590273  0.07893063]
   [-0.02989683 -0.09590273  0.07893063]
   [-0.02989683 -0.09590273  0.07893063]
   [-0.02989683 -0.09590273  0.07893063]
   [-0.02629978 -0.09047878  0.07311153]
   [-0.01593181 -0.07484503  0.05633884]
   [-0.02693455 -0.09143595  0.07413843]
   [-0.01572022 -0.07452598  0.05599654]
   [-0.01572022 -0.07452598  0.05599654]
   [-0.01572022 -0.07452598  0.05599654]
   [-0.01741295 -0.07707842  0.05873493]
   [-0.02545341 -0.08920255  0.07174233]
   [ 0.0200387  -0.0206055  -0.00185215]
   [ 0.02384734 -0.01486249 -0.00801355]
   [-0.00746816 -0.06208279  0.04264684]
   [-0.02989683 -0.09590273  0.07893063]
   [-0.02989683 -0.09590273  0.07893063]
   [-0.02989683 -0.09590273  0.07893063]
   [-0.02989683 -0.09590273  0.07893063]
   [-0.02989683 -0.09590273  0.07893063]
   [-0.02989683 -0.09590273  0.07893063]]

  [[-0.02989683 -0.09590273  0.07893063]
   [-0.02989683 -0.09590273  0.07893063]
   [-0.02989683 -0.09590273  0.07893063]
   [-0.02989683 -0.09590273  0.07893063]
   [-0.02989683 -0.09590273  0.07893063]
   [-0.02989683 -0.09590273  0.07893063]
   [-0.02989683 -0.09590273  0.07893063]
   [-0.02989683 -0.09590273  0.07893063]
   [-0.02989683 -0.09590273  0.07893063]
   [-0.02989683 -0.09590273  0.07893063]
   [-0.02989683 -0.09590273  0.07893063]
   [-0.02989683 -0.09590273  0.07893063]
   [-0.02989683 -0.09590273  0.07893063]
   [-0.02989683 -0.09590273  0.07893063]
   [-0.02989683 -0.09590273  0.07893063]
   [-0.02989683 -0.09590273  0.07893063]
   [-0.02989683 -0.09590273  0.07893063]
   [-0.02989683 -0.09590273  0.07893063]
   [-0.01233476 -0.06942108  0.05051973]
   [ 0.02363575 -0.01518155 -0.00767125]
   [ 0.01432573 -0.02922001  0.00738994]
   [-0.02608819 -0.09015972  0.07276923]
   [-0.02989683 -0.09590273  0.07893063]
   [-0.02989683 -0.09590273  0.07893063]
   [-0.02989683 -0.09590273  0.07893063]
   [-0.02989683 -0.09590273  0.07893063]
   [-0.02989683 -0.09590273  0.07893063]
   [-0.02989683 -0.09590273  0.07893063]]

  [[-0.02989683 -0.09590273  0.07893063]
   [-0.02989683 -0.09590273  0.07893063]
   [-0.02989683 -0.09590273  0.07893063]
   [-0.02989683 -0.09590273  0.07893063]
   [-0.02989683 -0.09590273  0.07893063]
   [-0.02989683 -0.09590273  0.07893063]
   [-0.02989683 -0.09590273  0.07893063]
   [-0.02989683 -0.09590273  0.07893063]
   [-0.02989683 -0.09590273  0.07893063]
   [-0.02989683 -0.09590273  0.07893063]
   [-0.02989683 -0.09590273  0.07893063]
   [-0.02989683 -0.09590273  0.07893063]
   [-0.02989683 -0.09590273  0.07893063]
   [-0.02989683 -0.09590273  0.07893063]
   [-0.02989683 -0.09590273  0.07893063]
   [-0.02989683 -0.09590273  0.07893063]
   [-0.02989683 -0.09590273  0.07893063]
   [-0.02524182 -0.0888835   0.07140003]
   [ 0.01940392 -0.02156267 -0.00082526]
   [ 0.02405893 -0.01454344 -0.00835585]
   [-0.01233476 -0.06942108  0.05051973]
   [-0.02989683 -0.09590273  0.07893063]
   [-0.02989683 -0.09590273  0.07893063]
   [-0.02989683 -0.09590273  0.07893063]
   [-0.02989683 -0.09590273  0.07893063]
   [-0.02989683 -0.09590273  0.07893063]
   [-0.02989683 -0.09590273  0.07893063]
   [-0.02989683 -0.09590273  0.07893063]]

  [[-0.02989683 -0.09590273  0.07893063]
   [-0.02989683 -0.09590273  0.07893063]
   [-0.02989683 -0.09590273  0.07893063]
   [-0.02989683 -0.09590273  0.07893063]
   [-0.02989683 -0.09590273  0.07893063]
   [-0.02989683 -0.09590273  0.07893063]
   [-0.02989683 -0.09590273  0.07893063]
   [-0.02989683 -0.09590273  0.07893063]
   [-0.02989683 -0.09590273  0.07893063]
   [-0.02989683 -0.09590273  0.07893063]
   [-0.02989683 -0.09590273  0.07893063]
   [-0.02989683 -0.09590273  0.07893063]
   [-0.02989683 -0.09590273  0.07893063]
   [-0.02989683 -0.09590273  0.07893063]
   [-0.02989683 -0.09590273  0.07893063]
   [-0.02989683 -0.09590273  0.07893063]
   [-0.02989683 -0.09590273  0.07893063]
   [-0.00260156 -0.0547445   0.03477394]
   [ 0.02384734 -0.01486249 -0.00801355]
   [ 0.02046188 -0.01996739 -0.00253676]
   [-0.02058682 -0.08186427  0.06386943]
   [-0.02989683 -0.09590273  0.07893063]
   [-0.02989683 -0.09590273  0.07893063]
   [-0.02989683 -0.09590273  0.07893063]
   [-0.02989683 -0.09590273  0.07893063]
   [-0.02989683 -0.09590273  0.07893063]
   [-0.02989683 -0.09590273  0.07893063]
   [-0.02989683 -0.09590273  0.07893063]]

  [[-0.02989683 -0.09590273  0.07893063]
   [-0.02989683 -0.09590273  0.07893063]
   [-0.02989683 -0.09590273  0.07893063]
   [-0.02989683 -0.09590273  0.07893063]
   [-0.02989683 -0.09590273  0.07893063]
   [-0.02989683 -0.09590273  0.07893063]
   [-0.02989683 -0.09590273  0.07893063]
   [-0.02989683 -0.09590273  0.07893063]
   [-0.02989683 -0.09590273  0.07893063]
   [-0.02989683 -0.09590273  0.07893063]
   [-0.02989683 -0.09590273  0.07893063]
   [-0.02989683 -0.09590273  0.07893063]
   [-0.02989683 -0.09590273  0.07893063]
   [-0.02989683 -0.09590273  0.07893063]
   [-0.02989683 -0.09590273  0.07893063]
   [-0.02989683 -0.09590273  0.07893063]
   [-0.01741295 -0.07707842  0.05873493]
   [ 0.02278938 -0.01645777 -0.00630205]
   [ 0.02384734 -0.01486249 -0.00801355]
   [-0.01677817 -0.07612126  0.05770803]
   [-0.02989683 -0.09590273  0.07893063]
   [-0.02989683 -0.09590273  0.07893063]
   [-0.02989683 -0.09590273  0.07893063]
   [-0.02989683 -0.09590273  0.07893063]
   [-0.02989683 -0.09590273  0.07893063]
   [-0.02989683 -0.09590273  0.07893063]
   [-0.02989683 -0.09590273  0.07893063]
   [-0.02989683 -0.09590273  0.07893063]]

  [[-0.02989683 -0.09590273  0.07893063]
   [-0.02989683 -0.09590273  0.07893063]
   [-0.02989683 -0.09590273  0.07893063]
   [-0.02989683 -0.09590273  0.07893063]
   [-0.02989683 -0.09590273  0.07893063]
   [-0.02989683 -0.09590273  0.07893063]
   [-0.02989683 -0.09590273  0.07893063]
   [-0.02989683 -0.09590273  0.07893063]
   [-0.02989683 -0.09590273  0.07893063]
   [-0.02989683 -0.09590273  0.07893063]
   [-0.02989683 -0.09590273  0.07893063]
   [-0.02989683 -0.09590273  0.07893063]
   [-0.02989683 -0.09590273  0.07893063]
   [-0.02989683 -0.09590273  0.07893063]
   [-0.02989683 -0.09590273  0.07893063]
   [-0.02989683 -0.09590273  0.07893063]
   [-0.0017552  -0.05346828  0.03340474]
   [ 0.02384734 -0.01486249 -0.00801355]
   [ 0.00967073 -0.03623925  0.01492055]
   [-0.02883887 -0.09430745  0.07721913]
   [-0.02989683 -0.09590273  0.07893063]
   [-0.02989683 -0.09590273  0.07893063]
   [-0.02989683 -0.09590273  0.07893063]
   [-0.02989683 -0.09590273  0.07893063]
   [-0.02989683 -0.09590273  0.07893063]
   [-0.02989683 -0.09590273  0.07893063]
   [-0.02989683 -0.09590273  0.07893063]
   [-0.02989683 -0.09590273  0.07893063]]

  [[-0.02989683 -0.09590273  0.07893063]
   [-0.02989683 -0.09590273  0.07893063]
   [-0.02989683 -0.09590273  0.07893063]
   [-0.02989683 -0.09590273  0.07893063]
   [-0.02989683 -0.09590273  0.07893063]
   [-0.02989683 -0.09590273  0.07893063]
   [-0.02989683 -0.09590273  0.07893063]
   [-0.02989683 -0.09590273  0.07893063]
   [-0.02989683 -0.09590273  0.07893063]
   [-0.02989683 -0.09590273  0.07893063]
   [-0.02989683 -0.09590273  0.07893063]
   [-0.02989683 -0.09590273  0.07893063]
   [-0.02989683 -0.09590273  0.07893063]
   [-0.02989683 -0.09590273  0.07893063]
   [-0.02989683 -0.09590273  0.07893063]
   [-0.02799251 -0.09303123  0.07584994]
   [ 0.01347937 -0.03049624  0.00875914]
   [ 0.02257779 -0.01677683 -0.00595976]
   [-0.01762454 -0.07739748  0.05907723]
   [-0.02989683 -0.09590273  0.07893063]
   [-0.02989683 -0.09590273  0.07893063]
   [-0.02989683 -0.09590273  0.07893063]
   [-0.02989683 -0.09590273  0.07893063]
   [-0.02989683 -0.09590273  0.07893063]
   [-0.02989683 -0.09590273  0.07893063]
   [-0.02989683 -0.09590273  0.07893063]
   [-0.02989683 -0.09590273  0.07893063]
   [-0.02989683 -0.09590273  0.07893063]]

  [[-0.02989683 -0.09590273  0.07893063]
   [-0.02989683 -0.09590273  0.07893063]
   [-0.02989683 -0.09590273  0.07893063]
   [-0.02989683 -0.09590273  0.07893063]
   [-0.02989683 -0.09590273  0.07893063]
   [-0.02989683 -0.09590273  0.07893063]
   [-0.02989683 -0.09590273  0.07893063]
   [-0.02989683 -0.09590273  0.07893063]
   [-0.02989683 -0.09590273  0.07893063]
   [-0.02989683 -0.09590273  0.07893063]
   [-0.02989683 -0.09590273  0.07893063]
   [-0.02989683 -0.09590273  0.07893063]
   [-0.02989683 -0.09590273  0.07893063]
   [-0.02989683 -0.09590273  0.07893063]
   [-0.02989683 -0.09590273  0.07893063]
   [-0.00323634 -0.05570167  0.03580084]
   [ 0.02384734 -0.01486249 -0.00801355]
   [ 0.00861277 -0.03783453  0.01663204]
   [-0.02989683 -0.09590273  0.07893063]
   [-0.02989683 -0.09590273  0.07893063]
   [-0.02989683 -0.09590273  0.07893063]
   [-0.02989683 -0.09590273  0.07893063]
   [-0.02989683 -0.09590273  0.07893063]
   [-0.02989683 -0.09590273  0.07893063]
   [-0.02989683 -0.09590273  0.07893063]
   [-0.02989683 -0.09590273  0.07893063]
   [-0.02989683 -0.09590273  0.07893063]
   [-0.02989683 -0.09590273  0.07893063]]

  [[-0.02989683 -0.09590273  0.07893063]
   [-0.02989683 -0.09590273  0.07893063]
   [-0.02989683 -0.09590273  0.07893063]
   [-0.02989683 -0.09590273  0.07893063]
   [-0.02989683 -0.09590273  0.07893063]
   [-0.02989683 -0.09590273  0.07893063]
   [-0.02989683 -0.09590273  0.07893063]
   [-0.02989683 -0.09590273  0.07893063]
   [-0.02989683 -0.09590273  0.07893063]
   [-0.02989683 -0.09590273  0.07893063]
   [-0.02989683 -0.09590273  0.07893063]
   [-0.02989683 -0.09590273  0.07893063]
   [-0.02989683 -0.09590273  0.07893063]
   [-0.02989683 -0.09590273  0.07893063]
   [-0.01402749 -0.07197353  0.05325814]
   [ 0.02321257 -0.01581966 -0.00698666]
   [ 0.02088506 -0.01932928 -0.00322136]
   [-0.01783613 -0.07771654  0.05941954]
   [-0.02989683 -0.09590273  0.07893063]
   [-0.02989683 -0.09590273  0.07893063]
   [-0.02989683 -0.09590273  0.07893063]
   [-0.02989683 -0.09590273  0.07893063]
   [-0.02989683 -0.09590273  0.07893063]
   [-0.02989683 -0.09590273  0.07893063]
   [-0.02989683 -0.09590273  0.07893063]
   [-0.02989683 -0.09590273  0.07893063]
   [-0.02989683 -0.09590273  0.07893063]
   [-0.02989683 -0.09590273  0.07893063]]

  [[-0.02989683 -0.09590273  0.07893063]
   [-0.02989683 -0.09590273  0.07893063]
   [-0.02989683 -0.09590273  0.07893063]
   [-0.02989683 -0.09590273  0.07893063]
   [-0.02989683 -0.09590273  0.07893063]
   [-0.02989683 -0.09590273  0.07893063]
   [-0.02989683 -0.09590273  0.07893063]
   [-0.02989683 -0.09590273  0.07893063]
   [-0.02989683 -0.09590273  0.07893063]
   [-0.02989683 -0.09590273  0.07893063]
   [-0.02989683 -0.09590273  0.07893063]
   [-0.02989683 -0.09590273  0.07893063]
   [-0.02989683 -0.09590273  0.07893063]
   [-0.0258766  -0.08984067  0.07242693]
   [ 0.01686483 -0.02539134  0.00328235]
   [ 0.02384734 -0.01486249 -0.00801355]
   [ 0.00522731 -0.04293943  0.02210884]
   [-0.02989683 -0.09590273  0.07893063]
   [-0.02989683 -0.09590273  0.07893063]
   [-0.02989683 -0.09590273  0.07893063]
   [-0.02989683 -0.09590273  0.07893063]
   [-0.02989683 -0.09590273  0.07893063]
   [-0.02989683 -0.09590273  0.07893063]
   [-0.02989683 -0.09590273  0.07893063]
   [-0.02989683 -0.09590273  0.07893063]
   [-0.02989683 -0.09590273  0.07893063]
   [-0.02989683 -0.09590273  0.07893063]
   [-0.02989683 -0.09590273  0.07893063]]

  [[-0.02989683 -0.09590273  0.07893063]
   [-0.02989683 -0.09590273  0.07893063]
   [-0.02989683 -0.09590273  0.07893063]
   [-0.02989683 -0.09590273  0.07893063]
   [-0.02989683 -0.09590273  0.07893063]
   [-0.02989683 -0.09590273  0.07893063]
   [-0.02989683 -0.09590273  0.07893063]
   [-0.02989683 -0.09590273  0.07893063]
   [-0.02989683 -0.09590273  0.07893063]
   [-0.02989683 -0.09590273  0.07893063]
   [-0.02989683 -0.09590273  0.07893063]
   [-0.02989683 -0.09590273  0.07893063]
   [-0.02926205 -0.09494556  0.07790373]
   [ 0.01305619 -0.03113435  0.00944374]
   [ 0.02384734 -0.01486249 -0.00801355]
   [ 0.01644165 -0.02602945  0.00396694]
   [-0.02249114 -0.08473577  0.06695013]
   [-0.02989683 -0.09590273  0.07893063]
   [-0.02989683 -0.09590273  0.07893063]
   [-0.02989683 -0.09590273  0.07893063]
   [-0.02989683 -0.09590273  0.07893063]
   [-0.02989683 -0.09590273  0.07893063]
   [-0.02989683 -0.09590273  0.07893063]
   [-0.02989683 -0.09590273  0.07893063]
   [-0.02989683 -0.09590273  0.07893063]
   [-0.02989683 -0.09590273  0.07893063]
   [-0.02989683 -0.09590273  0.07893063]
   [-0.02989683 -0.09590273  0.07893063]]

  [[-0.02989683 -0.09590273  0.07893063]
   [-0.02989683 -0.09590273  0.07893063]
   [-0.02989683 -0.09590273  0.07893063]
   [-0.02989683 -0.09590273  0.07893063]
   [-0.02989683 -0.09590273  0.07893063]
   [-0.02989683 -0.09590273  0.07893063]
   [-0.02989683 -0.09590273  0.07893063]
   [-0.02989683 -0.09590273  0.07893063]
   [-0.02989683 -0.09590273  0.07893063]
   [-0.02989683 -0.09590273  0.07893063]
   [-0.02989683 -0.09590273  0.07893063]
   [-0.02989683 -0.09590273  0.07893063]
   [-0.02185636 -0.0837786   0.06592324]
   [ 0.02384734 -0.01486249 -0.00801355]
   [ 0.02384734 -0.01486249 -0.00801355]
   [-0.01360431 -0.07133542  0.05257354]
   [-0.02989683 -0.09590273  0.07893063]
   [-0.02989683 -0.09590273  0.07893063]
   [-0.02989683 -0.09590273  0.07893063]
   [-0.02989683 -0.09590273  0.07893063]
   [-0.02989683 -0.09590273  0.07893063]
   [-0.02989683 -0.09590273  0.07893063]
   [-0.02989683 -0.09590273  0.07893063]
   [-0.02989683 -0.09590273  0.07893063]
   [-0.02989683 -0.09590273  0.07893063]
   [-0.02989683 -0.09590273  0.07893063]
   [-0.02989683 -0.09590273  0.07893063]
   [-0.02989683 -0.09590273  0.07893063]]

  [[-0.02989683 -0.09590273  0.07893063]
   [-0.02989683 -0.09590273  0.07893063]
   [-0.02989683 -0.09590273  0.07893063]
   [-0.02989683 -0.09590273  0.07893063]
   [-0.02989683 -0.09590273  0.07893063]
   [-0.02989683 -0.09590273  0.07893063]
   [-0.02989683 -0.09590273  0.07893063]
   [-0.02989683 -0.09590273  0.07893063]
   [-0.02989683 -0.09590273  0.07893063]
   [-0.02989683 -0.09590273  0.07893063]
   [-0.02989683 -0.09590273  0.07893063]
   [-0.0233375  -0.086012    0.06831934]
   [ 0.0174996  -0.02443418  0.00225544]
   [ 0.02384734 -0.01486249 -0.00801355]
   [-0.00556384 -0.05921129  0.03956614]
   [-0.02968524 -0.09558368  0.07858833]
   [-0.02989683 -0.09590273  0.07893063]
   [-0.02989683 -0.09590273  0.07893063]
   [-0.02989683 -0.09590273  0.07893063]
   [-0.02989683 -0.09590273  0.07893063]
   [-0.02989683 -0.09590273  0.07893063]
   [-0.02989683 -0.09590273  0.07893063]
   [-0.02989683 -0.09590273  0.07893063]
   [-0.02989683 -0.09590273  0.07893063]
   [-0.02989683 -0.09590273  0.07893063]
   [-0.02989683 -0.09590273  0.07893063]
   [-0.02989683 -0.09590273  0.07893063]
   [-0.02989683 -0.09590273  0.07893063]]

  [[-0.02989683 -0.09590273  0.07893063]
   [-0.02989683 -0.09590273  0.07893063]
   [-0.02989683 -0.09590273  0.07893063]
   [-0.02989683 -0.09590273  0.07893063]
   [-0.02989683 -0.09590273  0.07893063]
   [-0.02989683 -0.09590273  0.07893063]
   [-0.02989683 -0.09590273  0.07893063]
   [-0.02989683 -0.09590273  0.07893063]
   [-0.02989683 -0.09590273  0.07893063]
   [-0.02989683 -0.09590273  0.07893063]
   [-0.02989683 -0.09590273  0.07893063]
   [-0.0017552  -0.05346828  0.03340474]
   [ 0.02384734 -0.01486249 -0.00801355]
   [ 0.02384734 -0.01486249 -0.00801355]
   [-0.01889409 -0.07931182  0.06113103]
   [-0.02989683 -0.09590273  0.07893063]
   [-0.02989683 -0.09590273  0.07893063]
   [-0.02989683 -0.09590273  0.07893063]
   [-0.02989683 -0.09590273  0.07893063]
   [-0.02989683 -0.09590273  0.07893063]
   [-0.02989683 -0.09590273  0.07893063]
   [-0.02989683 -0.09590273  0.07893063]
   [-0.02989683 -0.09590273  0.07893063]
   [-0.02989683 -0.09590273  0.07893063]
   [-0.02989683 -0.09590273  0.07893063]
   [-0.02989683 -0.09590273  0.07893063]
   [-0.02989683 -0.09590273  0.07893063]
   [-0.02989683 -0.09590273  0.07893063]]

  [[-0.02989683 -0.09590273  0.07893063]
   [-0.02989683 -0.09590273  0.07893063]
   [-0.02989683 -0.09590273  0.07893063]
   [-0.02989683 -0.09590273  0.07893063]
   [-0.02989683 -0.09590273  0.07893063]
   [-0.02989683 -0.09590273  0.07893063]
   [-0.02989683 -0.09590273  0.07893063]
   [-0.02989683 -0.09590273  0.07893063]
   [-0.02989683 -0.09590273  0.07893063]
   [-0.02989683 -0.09590273  0.07893063]
   [-0.01698976 -0.07644031  0.05805033]
   [ 0.02130824 -0.01869117 -0.00390595]
   [ 0.02384734 -0.01486249 -0.00801355]
   [ 0.02384734 -0.01486249 -0.00801355]
   [-0.01889409 -0.07931182  0.06113103]
   [-0.02989683 -0.09590273  0.07893063]
   [-0.02989683 -0.09590273  0.07893063]
   [-0.02989683 -0.09590273  0.07893063]
   [-0.02989683 -0.09590273  0.07893063]
   [-0.02989683 -0.09590273  0.07893063]
   [-0.02989683 -0.09590273  0.07893063]
   [-0.02989683 -0.09590273  0.07893063]
   [-0.02989683 -0.09590273  0.07893063]
   [-0.02989683 -0.09590273  0.07893063]
   [-0.02989683 -0.09590273  0.07893063]
   [-0.02989683 -0.09590273  0.07893063]
   [-0.02989683 -0.09590273  0.07893063]
   [-0.02989683 -0.09590273  0.07893063]]

  [[-0.02989683 -0.09590273  0.07893063]
   [-0.02989683 -0.09590273  0.07893063]
   [-0.02989683 -0.09590273  0.07893063]
   [-0.02989683 -0.09590273  0.07893063]
   [-0.02989683 -0.09590273  0.07893063]
   [-0.02989683 -0.09590273  0.07893063]
   [-0.02989683 -0.09590273  0.07893063]
   [-0.02989683 -0.09590273  0.07893063]
   [-0.02989683 -0.09590273  0.07893063]
   [-0.02989683 -0.09590273  0.07893063]
   [-0.00429429 -0.05729695  0.03751234]
   [ 0.02384734 -0.01486249 -0.00801355]
   [ 0.02384734 -0.01486249 -0.00801355]
   [ 0.01644165 -0.02602945  0.00396694]
   [-0.02143318 -0.08314049  0.06523863]
   [-0.02989683 -0.09590273  0.07893063]
   [-0.02989683 -0.09590273  0.07893063]
   [-0.02989683 -0.09590273  0.07893063]
   [-0.02989683 -0.09590273  0.07893063]
   [-0.02989683 -0.09590273  0.07893063]
   [-0.02989683 -0.09590273  0.07893063]
   [-0.02989683 -0.09590273  0.07893063]
   [-0.02989683 -0.09590273  0.07893063]
   [-0.02989683 -0.09590273  0.07893063]
   [-0.02989683 -0.09590273  0.07893063]
   [-0.02989683 -0.09590273  0.07893063]
   [-0.02989683 -0.09590273  0.07893063]
   [-0.02989683 -0.09590273  0.07893063]]

  [[-0.02989683 -0.09590273  0.07893063]
   [-0.02989683 -0.09590273  0.07893063]
   [-0.02989683 -0.09590273  0.07893063]
   [-0.02989683 -0.09590273  0.07893063]
   [-0.02989683 -0.09590273  0.07893063]
   [-0.02989683 -0.09590273  0.07893063]
   [-0.02989683 -0.09590273  0.07893063]
   [-0.02989683 -0.09590273  0.07893063]
   [-0.02989683 -0.09590273  0.07893063]
   [-0.02989683 -0.09590273  0.07893063]
   [-0.00429429 -0.05729695  0.03751234]
   [ 0.02384734 -0.01486249 -0.00801355]
   [ 0.01390255 -0.02985813  0.00807454]
   [-0.02608819 -0.09015972  0.07276923]
   [-0.02989683 -0.09590273  0.07893063]
   [-0.02989683 -0.09590273  0.07893063]
   [-0.02989683 -0.09590273  0.07893063]
   [-0.02989683 -0.09590273  0.07893063]
   [-0.02989683 -0.09590273  0.07893063]
   [-0.02989683 -0.09590273  0.07893063]
   [-0.02989683 -0.09590273  0.07893063]
   [-0.02989683 -0.09590273  0.07893063]
   [-0.02989683 -0.09590273  0.07893063]
   [-0.02989683 -0.09590273  0.07893063]
   [-0.02989683 -0.09590273  0.07893063]
   [-0.02989683 -0.09590273  0.07893063]
   [-0.02989683 -0.09590273  0.07893063]
   [-0.02989683 -0.09590273  0.07893063]]

  [[-0.02989683 -0.09590273  0.07893063]
   [-0.02989683 -0.09590273  0.07893063]
   [-0.02989683 -0.09590273  0.07893063]
   [-0.02989683 -0.09590273  0.07893063]
   [-0.02989683 -0.09590273  0.07893063]
   [-0.02989683 -0.09590273  0.07893063]
   [-0.02989683 -0.09590273  0.07893063]
   [-0.02989683 -0.09590273  0.07893063]
   [-0.02989683 -0.09590273  0.07893063]
   [-0.02989683 -0.09590273  0.07893063]
   [-0.02989683 -0.09590273  0.07893063]
   [-0.02989683 -0.09590273  0.07893063]
   [-0.02989683 -0.09590273  0.07893063]
   [-0.02989683 -0.09590273  0.07893063]
   [-0.02989683 -0.09590273  0.07893063]
   [-0.02989683 -0.09590273  0.07893063]
   [-0.02989683 -0.09590273  0.07893063]
   [-0.02989683 -0.09590273  0.07893063]
   [-0.02989683 -0.09590273  0.07893063]
   [-0.02989683 -0.09590273  0.07893063]
   [-0.02989683 -0.09590273  0.07893063]
   [-0.02989683 -0.09590273  0.07893063]
   [-0.02989683 -0.09590273  0.07893063]
   [-0.02989683 -0.09590273  0.07893063]
   [-0.02989683 -0.09590273  0.07893063]
   [-0.02989683 -0.09590273  0.07893063]
   [-0.02989683 -0.09590273  0.07893063]
   [-0.02989683 -0.09590273  0.07893063]]]]