[[[[-0.08102604 -0.0576285 ]
   [-0.09615368 -0.07063475]
   [-0.09615368 -0.07063475]
   [-0.09615368 -0.07063475]
   [-0.09615368 -0.07063475]
   [-0.09615368 -0.07063475]
   [-0.09615368 -0.07063475]
   [-0.09615368 -0.07063475]
   [-0.09615368 -0.07063475]
   [-0.09615368 -0.07063475]
   [-0.09615368 -0.07063475]
   [-0.09615368 -0.07063475]
   [-0.09615368 -0.07063475]
   [-0.09615368 -0.07063475]
   [-0.09615368 -0.07063475]
   [-0.09615368 -0.07063475]
   [-0.09615368 -0.07063475]
   [-0.09615368 -0.07063475]
   [-0.09615368 -0.07063475]
   [-0.09615368 -0.07063475]
   [-0.09615368 -0.07063475]
   [-0.09615368 -0.07063475]
   [-0.09615368 -0.07063475]
   [-0.09615368 -0.07063475]
   [-0.09615368 -0.07063475]
   [-0.09615368 -0.07063475]
   [-0.09615368 -0.07063475]
   [-0.09225973 -0.06638492]]

  [[-0.09967185 -0.07018025]
   [-0.12248977 -0.08732235]
   [-0.12248977 -0.08732235]
   [-0.12248977 -0.08732235]
   [-0.12248977 -0.08732235]
   [-0.12248977 -0.08732235]
   [-0.12248977 -0.08732235]
   [-0.12248977 -0.08732235]
   [-0.12248977 -0.08732235]
   [-0.12248977 -0.08732235]
   [-0.12248977 -0.08732235]
   [-0.12248977 -0.08732235]
   [-0.12248977 -0.08732235]
   [-0.12248977 -0.08732235]
   [-0.12248977 -0.08732235]
   [-0.12248977 -0.08732235]
   [-0.12248977 -0.08732235]
   [-0.12248977 -0.08732235]
   [-0.12248977 -0.08732235]
   [-0.12248977 -0.08732235]
   [-0.12248977 -0.08732235]
   [-0.12248977 -0.08732235]
   [-0.12248977 -0.08732235]
   [-0.12248977 -0.08732235]
   [-0.12248977 -0.08732235]
   [-0.12248977 -0.08732235]
   [-0.12248977 -0.08732235]
   [-0.10301019 -0.079529  ]]

  [[-0.09967185 -0.07018025]
   [-0.12248977 -0.08732235]
   [-0.12248977 -0.08732235]
   [-0.12248977 -0.08732235]
   [-0.12248977 -0.08732235]
   [-0.12248977 -0.08732235]
   [-0.12248977 -0.08732235]
   [-0.12248977 -0.08732235]
   [-0.12248977 -0.08732235]
   [-0.12248977 -0.08732235]
   [-0.12248977 -0.08732235]
   [-0.12248977 -0.08732235]
   [-0.12248977 -0.08732235]
   [-0.12248977 -0.08732235]
   [-0.12248977 -0.08732235]
   [-0.12248977 -0.08732235]
   [-0.12248977 -0.08732235]
   [-0.12248977 -0.08732235]
   [-0.12248977 -0.08732235]
   [-0.12248977 -0.08732235]
   [-0.12248977 -0.08732235]
   [-0.12248977 -0.08732235]
   [-0.12248977 -0.08732235]
   [-0.12248977 -0.08732235]
   [-0.12248977 -0.08732235]
   [-0.12248977 -0.08732235]
   [-0.12248977 -0.08732235]
   [-0.10301019 -0.079529  ]]

  [[-0.09967185 -0.07018025]
   [-0.12248977 -0.08732235]
   [-0.12248977 -0.08732235]
   [-0.12248977 -0.08732235]
   [-0.12248977 -0.08732235]
   [-0.12248977 -0.08732235]
   [-0.12248977 -0.08732235]
   [-0.12248977 -0.08732235]
   [-0.12248977 -0.08732235]
   [-0.12248977 -0.08732235]
   [-0.12248977 -0.08732235]
   [-0.12248977 -0.08732235]
   [-0.12248977 -0.08732235]
   [-0.12248977 -0.08732235]
   [-0.12248977 -0.08732235]
   [-0.12248977 -0.08732235]
   [-0.12248977 -0.08732235]
   [-0.12248977 -0.08732235]
   [-0.12248977 -0.08732235]
   [-0.12248977 -0.08732235]
   [-0.12248977 -0.08732235]
   [-0.12248977 -0.08732235]
   [-0.12248977 -0.08732235]
   [-0.12248977 -0.08732235]
   [-0.12248977 -0.08732235]
   [-0.12248977 -0.08732235]
   [-0.12248977 -0.08732235]
   [-0.10301019 -0.079529  ]]

  [[-0.09967185 -0.07018025]
   [-0.12248977 -0.08732235]
   [-0.12248977 -0.08732235]
   [-0.12248977 -0.08732235]
   [-0.12248977 -0.08732235]
   [-0.12248977 -0.08732235]
   [-0.12248977 -0.08732235]
   [-0.12248977 -0.08732235]
   [-0.12248977 -0.08732235]
   [-0.12248977 -0.08732235]
   [-0.12248977 -0.08732235]
   [-0.12248977 -0.08732235]
   [-0.12248977 -0.08732235]
   [-0.12248977 -0.08732235]
   [-0.12248977 -0.08732235]
   [-0.12248977 -0.08732235]
   [-0.12248977 -0.08732235]
   [-0.12248977 -0.08732235]
   [-0.12248977 -0.08732235]
   [-0.12248977 -0.08732235]
   [-0.12248977 -0.08732235]
   [-0.12248977 -0.08732235]
   [-0.12248977 -0.08732235]
   [-0.12248977 -0.08732235]
   [-0.12248977 -0.08732235]
   [-0.12248977 -0.08732235]
   [-0.12248977 -0.08732235]
   [-0.10301019 -0.079529  ]]

  [[-0.09967185 -0.07018025]
   [-0.12248977 -0.08732235]
   [-0.12248977 -0.08732235]
   [-0.12248977 -0.08732235]
   [-0.12248977 -0.08732235]
   [-0.12248977 -0.08732235]
   [-0.12248977 -0.08732235]
   [-0.12248977 -0.08732235]
   [-0.12248977 -0.08732235]
   [-0.12248977 -0.08732235]
   [-0.12248977 -0.08732235]
   [-0.12248977 -0.08732235]
   [-0.12248977 -0.08732235]
   [-0.12248977 -0.08732235]
   [-0.12248977 -0.08732235]
   [-0.12248977 -0.08732235]
   [-0.12248977 -0.08732235]
   [-0.12248977 -0.08732235]
   [-0.12248977 -0.08732235]
   [-0.12248977 -0.08732235]
   [-0.12248977 -0.08732235]
   [-0.12248977 -0.08732235]
   [-0.12248977 -0.08732235]
   [-0.12248977 -0.08732235]
   [-0.12248977 -0.08732235]
   [-0.12248977 -0.08732235]
   [-0.12248977 -0.08732235]
   [-0.10301019 -0.079529  ]]

  [[-0.09967185 -0.07018025]
   [-0.12248977 -0.08732235]
   [-0.12248977 -0.08732235]
   [-0.12248977 -0.08732235]
   [-0.12248977 -0.08732235]
   [-0.1223316  -0.08579809]
   [-0.12137529 -0.07823886]
   [-0.11375396 -0.06678483]
   [-0.10934704 -0.06443873]
   [-0.11065738 -0.06741214]
   [-0.11284718 -0.07568047]
   [-0.11839747 -0.08194057]
   [-0.12043774 -0.08590926]
   [-0.12248977 -0.08732235]
   [-0.12248977 -0.08732235]
   [-0.12248977 -0.08732235]
   [-0.12248977 -0.08732235]
   [-0.12248977 -0.08732235]
   [-0.12248977 -0.08732235]
   [-0.12248977 -0.08732235]
   [-0.12248977 -0.08732235]
   [-0.12248977 -0.08732235]
   [-0.12248977 -0.08732235]
   [-0.12248977 -0.08732235]
   [-0.12248977 -0.08732235]
   [-0.12248977 -0.08732235]
   [-0.12248977 -0.08732235]
   [-0.10301019 -0.079529  ]]

  [[-0.09967185 -0.07018025]
   [-0.12248977 -0.08732235]
   [-0.12248977 -0.08732235]
   [-0.12248977 -0.08732235]
   [-0.12248977 -0.08732235]
   [-0.12229323 -0.08573648]
   [-0.11452616 -0.06903508]
   [-0.10167347 -0.05794423]
   [-0.10079575 -0.05557364]
   [-0.10242051 -0.05532237]
   [-0.10397887 -0.05591371]
   [-0.1051553  -0.05679074]
   [-0.10690325 -0.05982417]
   [-0.10839385 -0.06179673]
   [-0.10839385 -0.06179673]
   [-0.10839385 -0.06179673]
   [-0.10839385 -0.06179673]
   [-0.10839385 -0.06179673]
   [-0.10839385 -0.06179673]
   [-0.10793246 -0.06144912]
   [-0.10848284 -0.06464601]
   [-0.11228036 -0.07622698]
   [-0.11952573 -0.08528122]
   [-0.12248977 -0.08732235]
   [-0.12248977 -0.08732235]
   [-0.12248977 -0.08732235]
   [-0.12248977 -0.08732235]
   [-0.10301019 -0.079529  ]]

  [[-0.09967185 -0.07018025]
   [-0.12248977 -0.08732235]
   [-0.12248977 -0.08732235]
   [-0.12248977 -0.08732235]
   [-0.12248977 -0.08732235]
   [-0.11288184 -0.08684965]
   [-0.10149311 -0.07765216]
   [-0.09447569 -0.06524657]
   [-0.09014916 -0.06426924]
   [-0.09817308 -0.06399776]
   [-0.09828617 -0.06287245]
   [-0.10033678 -0.05890191]
   [-0.09764989 -0.05623025]
   [-0.10036229 -0.05756471]
   [-0.09977587 -0.05780156]
   [-0.09991368 -0.05753099]
   [-0.09984024 -0.05740875]
   [-0.09950513 -0.05673564]
   [-0.10017717 -0.05729564]
   [-0.10019512 -0.05691789]
   [-0.10037804 -0.05370897]
   [-0.10611001 -0.06298964]
   [-0.11406228 -0.08093511]
   [-0.12248977 -0.08732235]
   [-0.12248977 -0.08732235]
   [-0.12248977 -0.08732235]
   [-0.12248977 -0.08732235]
   [-0.10301019 -0.079529  ]]

  [[-0.09967185 -0.07018025]
   [-0.12248977 -0.08732235]
   [-0.12248977 -0.08732235]
   [-0.12248977 -0.08732235]
   [-0.12248977 -0.08732235]
   [-0.10686508 -0.08680639]
   [-0.10439701 -0.0805509 ]
   [-0.09937096 -0.07461349]
   [-0.09963609 -0.07393253]
   [-0.09840339 -0.07461297]
   [-0.09626092 -0.07483299]
   [-0.09711241 -0.07254445]
   [-0.09413654 -0.06863687]
   [-0.09126961 -0.07117463]
   [-0.09389281 -0.06945787]
   [-0.09079637 -0.067619  ]
   [-0.09083489 -0.06766023]
   [-0.09111028 -0.06833673]
   [-0.09299538 -0.07082435]
   [-0.09279665 -0.05672694]
   [-0.08952112 -0.04583675]
   [-0.09901855 -0.05920132]
   [-0.11350895 -0.07982764]
   [-0.12248977 -0.08732235]
   [-0.12248977 -0.08732235]
   [-0.12248977 -0.08732235]
   [-0.12248977 -0.08732235]
   [-0.10301019 -0.079529  ]]

  [[-0.09967185 -0.07018025]
   [-0.12248977 -0.08732235]
   [-0.12248977 -0.08732235]
   [-0.12248977 -0.08732235]
   [-0.12248977 -0.08732235]
   [-0.1179612  -0.08629274]
   [-0.11389528 -0.08295305]
   [-0.11387585 -0.08056065]
   [-0.11002696 -0.08071301]
   [-0.10766208 -0.07985641]
   [-0.10208318 -0.07914335]
   [-0.10123736 -0.07809082]
   [-0.10171342 -0.07506406]
   [-0.10084049 -0.07495856]
   [-0.10070071 -0.07610238]
   [-0.10083275 -0.07482228]
   [-0.10093367 -0.0746801 ]
   [-0.10135627 -0.0724468 ]
   [-0.09781361 -0.06964353]
   [-0.0873263  -0.05709415]
   [-0.08796673 -0.04595928]
   [-0.10083114 -0.06269529]
   [-0.11588268 -0.08228665]
   [-0.12248977 -0.08732235]
   [-0.12248977 -0.08732235]
   [-0.12248977 -0.08732235]
   [-0.12248977 -0.08732235]
   [-0.10301019 -0.079529  ]]

  [[-0.09967185 -0.07018025]
   [-0.12248977 -0.08732235]
   [-0.12248977 -0.08732235]
   [-0.12248977 -0.08732235]
   [-0.12248977 -0.08732235]
   [-0.12248977 -0.08732235]
   [-0.12248977 -0.08732235]
   [-0.12248977 -0.08732235]
   [-0.12248977 -0.08732235]
   [-0.12248977 -0.08732235]
   [-0.12134072 -0.08706111]
   [-0.11780318 -0.08564398]
   [-0.12010064 -0.08422393]
   [-0.11557427 -0.08456204]
   [-0.11660513 -0.0834242 ]
   [-0.11483754 -0.0824736 ]
   [-0.11533685 -0.08219732]
   [-0.11764632 -0.08023813]
   [-0.09455477 -0.06741155]
   [-0.08375003 -0.05378259]
   [-0.09364554 -0.05549423]
   [-0.109496   -0.07168512]
   [-0.11879974 -0.08511239]
   [-0.12248977 -0.08732235]
   [-0.12248977 -0.08732235]
   [-0.12248977 -0.08732235]
   [-0.12248977 -0.08732235]
   [-0.10301019 -0.079529  ]]

  [[-0.09967185 -0.07018025]
   [-0.12248977 -0.08732235]
   [-0.12248977 -0.08732235]
   [-0.12248977 -0.08732235]
   [-0.12248977 -0.08732235]
   [-0.12248977 -0.08732235]
   [-0.12248977 -0.08732235]
   [-0.12248977 -0.08732235]
   [-0.12248977 -0.08732235]
   [-0.12248977 -0.08732235]
   [-0.12248977 -0.08732235]
   [-0.12248977 -0.08732235]
   [-0.12248977 -0.08732235]
   [-0.12248977 -0.08732235]
   [-0.12248977 -0.08732235]
   [-0.12248977 -0.08732235]
   [-0.12191679 -0.08497527]
   [-0.11172527 -0.07646979]
   [-0.08846993 -0.06307848]
   [-0.08509496 -0.04916887]
   [-0.10014254 -0.0589525 ]
   [-0.11386654 -0.07908759]
   [-0.12188946 -0.08699951]
   [-0.12248977 -0.08732235]
   [-0.12248977 -0.08732235]
   [-0.12248977 -0.08732235]
   [-0.12248977 -0.08732235]
   [-0.10301019 -0.079529  ]]

  [[-0.09967185 -0.07018025]
   [-0.12248977 -0.08732235]
   [-0.12248977 -0.08732235]
   [-0.12248977 -0.08732235]
   [-0.12248977 -0.08732235]
   [-0.12248977 -0.08732235]
   [-0.12248977 -0.08732235]
   [-0.12248977 -0.08732235]
   [-0.12248977 -0.08732235]
   [-0.12248977 -0.08732235]
   [-0.12248977 -0.08732235]
   [-0.12248977 -0.08732235]
   [-0.12248977 -0.08732235]
   [-0.12248977 -0.08732235]
   [-0.12248977 -0.08732235]
   [-0.12237868 -0.08625174]
   [-0.11950886 -0.08109456]
   [-0.09337042 -0.0664599 ]
   [-0.08305479 -0.05404478]
   [-0.09543457 -0.05839107]
   [-0.11035901 -0.07300045]
   [-0.1193431  -0.08507897]
   [-0.12248977 -0.08732235]
   [-0.12248977 -0.08732235]
   [-0.12248977 -0.08732235]
   [-0.12248977 -0.08732235]
   [-0.12248977 -0.08732235]
   [-0.10301019 -0.079529  ]]

  [[-0.09967185 -0.07018025]
   [-0.12248977 -0.08732235]
   [-0.12248977 -0.08732235]
   [-0.12248977 -0.08732235]
   [-0.12248977 -0.08732235]
   [-0.12248977 -0.08732235]
   [-0.12248977 -0.08732235]
   [-0.12248977 -0.08732235]
   [-0.12248977 -0.08732235]
   [-0.12248977 -0.08732235]
   [-0.12248977 -0.08732235]
   [-0.12248977 -0.08732235]
   [-0.12248977 -0.08732235]
   [-0.12248977 -0.08732235]
   [-0.12248977 -0.08732235]
   [-0.1213541  -0.08489217]
   [-0.10780311 -0.07532259]
   [-0.08683954 -0.06029395]
   [-0.08404431 -0.05285077]
   [-0.10190059 -0.06390716]
   [-0.11597963 -0.07930487]
   [-0.12102234 -0.08653317]
   [-0.12248977 -0.08732235]
   [-0.12248977 -0.08732235]
   [-0.12248977 -0.08732235]
   [-0.12248977 -0.08732235]
   [-0.12248977 -0.08732235]
   [-0.10301019 -0.079529  ]]

  [[-0.09967185 -0.07018025]
   [-0.12248977 -0.08732235]
   [-0.12248977 -0.08732235]
   [-0.12248977 -0.08732235]
   [-0.12248977 -0.08732235]
   [-0.12248977 -0.08732235]
   [-0.12248977 -0.08732235]
   [-0.12248977 -0.08732235]
   [-0.12248977 -0.08732235]
   [-0.12248977 -0.08732235]
   [-0.12248977 -0.08732235]
   [-0.12248977 -0.08732235]
   [-0.12248977 -0.08732235]
   [-0.12248977 -0.08732235]
   [-0.12247282 -0.08715904]
   [-0.117122   -0.08384816]
   [-0.09662619 -0.06880493]
   [-0.08413033 -0.05349356]
   [-0.09739178 -0.05771528]
   [-0.11194138 -0.07468937]
   [-0.12037901 -0.08612455]
   [-0.12248977 -0.08732235]
   [-0.12248977 -0.08732235]
   [-0.12248977 -0.08732235]
   [-0.12248977 -0.08732235]
   [-0.12248977 -0.08732235]
   [-0.12248977 -0.08732235]
   [-0.10301019 -0.079529  ]]

  [[-0.09967185 -0.07018025]
   [-0.12248977 -0.08732235]
   [-0.12248977 -0.08732235]
   [-0.12248977 -0.08732235]
   [-0.12248977 -0.08732235]
   [-0.12248977 -0.08732235]
   [-0.12248977 -0.08732235]
   [-0.12248977 -0.08732235]
   [-0.12248977 -0.08732235]
   [-0.12248977 -0.08732235]
   [-0.12248977 -0.08732235]
   [-0.12248977 -0.08732235]
   [-0.12248977 -0.08732235]
   [-0.12248977 -0.08732235]
   [-0.12211749 -0.0850334 ]
   [-0.10917634 -0.07541598]
   [-0.08699635 -0.05986697]
   [-0.08695836 -0.05176045]
   [-0.10373462 -0.06533737]
   [-0.11690839 -0.08235138]
   [-0.12232301 -0.08723267]
   [-0.12248977 -0.08732235]
   [-0.12248977 -0.08732235]
   [-0.12248977 -0.08732235]
   [-0.12248977 -0.08732235]
   [-0.12248977 -0.08732235]
   [-0.12248977 -0.08732235]
   [-0.10301019 -0.079529  ]]

  [[-0.09967185 -0.07018025]
   [-0.12248977 -0.08732235]
   [-0.12248977 -0.08732235]
   [-0.12248977 -0.08732235]
   [-0.12248977 -0.08732235]
   [-0.12248977 -0.08732235]
   [-0.12248977 -0.08732235]
   [-0.12248977 -0.08732235]
   [-0.12248977 -0.08732235]
   [-0.12248977 -0.08732235]
   [-0.12248977 -0.08732235]
   [-0.12248977 -0.08732235]
   [-0.12248977 -0.08732235]
   [-0.12234855 -0.0859614 ]
   [-0.12017049 -0.08001114]
   [-0.09399816 -0.06536613]
   [-0.084121   -0.05269695]
   [-0.09707323 -0.05846635]
   [-0.11202607 -0.07503875]
   [-0.12055543 -0.08628206]
   [-0.12248977 -0.08732235]
   [-0.12248977 -0.08732235]
   [-0.12248977 -0.08732235]
   [-0.12248977 -0.08732235]
   [-0.12248977 -0.08732235]
   [-0.12248977 -0.08732235]
   [-0.12248977 -0.08732235]
   [-0.10301019 -0.079529  ]]

  [[-0.09967185 -0.07018025]
   [-0.12248977 -0.08732235]
   [-0.12248977 -0.08732235]
   [-0.12248977 -0.08732235]
   [-0.12248977 -0.08732235]
   [-0.12248977 -0.08732235]
   [-0.12248977 -0.08732235]
   [-0.12248977 -0.08732235]
   [-0.12248977 -0.08732235]
   [-0.12248977 -0.08732235]
   [-0.12248977 -0.08732235]
   [-0.12248977 -0.08732235]
   [-0.12245399 -0.08697758]
   [-0.12205699 -0.08412923]
   [-0.10404301 -0.06825048]
   [-0.08276234 -0.05598755]
   [-0.08756104 -0.05270248]
   [-0.10465198 -0.06604131]
   [-0.11701657 -0.08270023]
   [-0.12248977 -0.08732235]
   [-0.12248977 -0.08732235]
   [-0.12248977 -0.08732235]
   [-0.12248977 -0.08732235]
   [-0.12248977 -0.08732235]
   [-0.12248977 -0.08732235]
   [-0.12248977 -0.08732235]
   [-0.12248977 -0.08732235]
   [-0.10301019 -0.079529  ]]

  [[-0.09967185 -0.07018025]
   [-0.12248977 -0.08732235]
   [-0.12248977 -0.08732235]
   [-0.12248977 -0.08732235]
   [-0.12248977 -0.08732235]
   [-0.12248977 -0.08732235]
   [-0.12248977 -0.08732235]
   [-0.12248977 -0.08732235]
   [-0.12248977 -0.08732235]
   [-0.12248977 -0.08732235]
   [-0.12248977 -0.08732235]
   [-0.12248412 -0.08726791]
   [-0.12289941 -0.08526686]
   [-0.11024715 -0.07091469]
   [-0.08491367 -0.05967376]
   [-0.08312121 -0.05150194]
   [-0.09788997 -0.05936512]
   [-0.11323244 -0.07610436]
   [-0.12058878 -0.0863    ]
   [-0.12248977 -0.08732235]
   [-0.12248977 -0.08732235]
   [-0.12248977 -0.08732235]
   [-0.12248977 -0.08732235]
   [-0.12248977 -0.08732235]
   [-0.12248977 -0.08732235]
   [-0.12248977 -0.08732235]
   [-0.12248977 -0.08732235]
   [-0.10301019 -0.079529  ]]

  [[-0.09967185 -0.07018025]
   [-0.12248977 -0.08732235]
   [-0.12248977 -0.08732235]
   [-0.12248977 -0.08732235]
   [-0.12248977 -0.08732235]
   [-0.12248977 -0.08732235]
   [-0.12248977 -0.08732235]
   [-0.12248977 -0.08732235]
   [-0.12248977 -0.08732235]
   [-0.12248977 -0.08732235]
   [-0.12248977 -0.08732235]
   [-0.12237321 -0.08663195]
   [-0.11867119 -0.08459918]
   [-0.09525125 -0.06826568]
   [-0.08250522 -0.05276512]
   [-0.08952483 -0.05650003]
   [-0.10950053 -0.07000145]
   [-0.11731218 -0.08351396]
   [-0.12248977 -0.08732235]
   [-0.12248977 -0.08732235]
   [-0.12248977 -0.08732235]
   [-0.12248977 -0.08732235]
   [-0.12248977 -0.08732235]
   [-0.12248977 -0.08732235]
   [-0.12248977 -0.08732235]
   [-0.12248977 -0.08732235]
   [-0.12248977 -0.08732235]
   [-0.10301019 -0.079529  ]]

  [[-0.09967185 -0.07018025]
   [-0.12248977 -0.08732235]
   [-0.12248977 -0.08732235]
   [-0.12248977 -0.08732235]
   [-0.12248977 -0.08732235]
   [-0.12248977 -0.08732235]
   [-0.12248977 -0.08732235]
   [-0.12248977 -0.08732235]
   [-0.12248977 -0.08732235]
   [-0.12248977 -0.08732235]
   [-0.1224314  -0.08675983]
   [-0.12223472 -0.08312201]
   [-0.09894486 -0.06909804]
   [-0.08358863 -0.05587203]
   [-0.08558153 -0.05593155]
   [-0.10520687 -0.06697783]
   [-0.11607713 -0.07994148]
   [-0.1213225  -0.08669459]
   [-0.12248977 -0.08732235]
   [-0.12248977 -0.08732235]
   [-0.12248977 -0.08732235]
   [-0.12248977 -0.08732235]
   [-0.12248977 -0.08732235]
   [-0.12248977 -0.08732235]
   [-0.12248977 -0.08732235]
   [-0.12248977 -0.08732235]
   [-0.12248977 -0.08732235]
   [-0.10301019 -0.079529  ]]

  [[-0.09967185 -0.07018025]
   [-0.12248977 -0.08732235]
   [-0.12248977 -0.08732235]
   [-0.12248977 -0.08732235]
   [-0.12248977 -0.08732235]
   [-0.12248977 -0.08732235]
   [-0.12248977 -0.08732235]
   [-0.12248977 -0.08732235]
   [-0.12248977 -0.08732235]
   [-0.12248977 -0.08732235]
   [-0.12177422 -0.08490013]
   [-0.11468702 -0.07646661]
   [-0.0889727  -0.06480081]
   [-0.0847429  -0.05135808]
   [-0.09697482 -0.05734008]
   [-0.11281651 -0.07509831]
   [-0.11991316 -0.08592413]
   [-0.12248977 -0.08732235]
   [-0.12248977 -0.08732235]
   [-0.12248977 -0.08732235]
   [-0.12248977 -0.08732235]
   [-0.12248977 -0.08732235]
   [-0.12248977 -0.08732235]
   [-0.12248977 -0.08732235]
   [-0.12248977 -0.08732235]
   [-0.12248977 -0.08732235]
   [-0.12248977 -0.08732235]
   [-0.10301019 -0.079529  ]]

  [[-0.09967185 -0.07018025]
   [-0.12248977 -0.08732235]
   [-0.12248977 -0.08732235]
   [-0.12248977 -0.08732235]
   [-0.12248977 -0.08732235]
   [-0.12248977 -0.08732235]
   [-0.12248977 -0.08732235]
   [-0.12248977 -0.08732235]
   [-0.12248977 -0.08732235]
   [-0.12237491 -0.08621544]
   [-0.11867467 -0.08057304]
   [-0.09355275 -0.06564455]
   [-0.08404104 -0.05458744]
   [-0.08888276 -0.04520958]
   [-0.10087862 -0.06062981]
   [-0.11522976 -0.08228761]
   [-0.12245642 -0.08730441]
   [-0.12248977 -0.08732235]
   [-0.12248977 -0.08732235]
   [-0.12248977 -0.08732235]
   [-0.12248977 -0.08732235]
   [-0.12248977 -0.08732235]
   [-0.12248977 -0.08732235]
   [-0.12248977 -0.08732235]
   [-0.12248977 -0.08732235]
   [-0.12248977 -0.08732235]
   [-0.12248977 -0.08732235]
   [-0.10301019 -0.079529  ]]

  [[-0.09967185 -0.07018025]
   [-0.12248977 -0.08732235]
   [-0.12248977 -0.08732235]
   [-0.12248977 -0.08732235]
   [-0.12248977 -0.08732235]
   [-0.12248977 -0.08732235]
   [-0.12248977 -0.08732235]
   [-0.12248977 -0.08732235]
   [-0.12248977 -0.08732235]
   [-0.12134669 -0.08510935]
   [-0.10776304 -0.07606002]
   [-0.08843943 -0.06158529]
   [-0.08021804 -0.05199058]
   [-0.09437682 -0.04644505]
   [-0.10211614 -0.06463189]
   [-0.11802812 -0.08392768]
   [-0.12248977 -0.08732235]
   [-0.12248977 -0.08732235]
   [-0.12248977 -0.08732235]
   [-0.12248977 -0.08732235]
   [-0.12248977 -0.08732235]
   [-0.12248977 -0.08732235]
   [-0.12248977 -0.08732235]
   [-0.12248977 -0.08732235]
   [-0.12248977 -0.08732235]
   [-0.12248977 -0.08732235]
   [-0.12248977 -0.08732235]
   [-0.10301019 -0.079529  ]]

  [[-0.09967185 -0.07018025]
   [-0.12248977 -0.08732235]
   [-0.12248977 -0.08732235]
   [-0.12248977 -0.08732235]
   [-0.12248977 -0.08732235]
   [-0.12248977 -0.08732235]
   [-0.12248977 -0.08732235]
   [-0.12248977 -0.08732235]
   [-0.12248977 -0.08732235]
   [-0.11632343 -0.08415488]
   [-0.0997232  -0.07528318]
   [-0.08751914 -0.05799253]
   [-0.07997066 -0.05108221]
   [-0.0993052  -0.06284733]
   [-0.11343902 -0.07598187]
   [-0.12041138 -0.0857036 ]
   [-0.12248977 -0.08732235]
   [-0.12248977 -0.08732235]
   [-0.12248977 -0.08732235]
   [-0.12248977 -0.08732235]
   [-0.12248977 -0.08732235]
   [-0.12248977 -0.08732235]
   [-0.12248977 -0.08732235]
   [-0.12248977 -0.08732235]
   [-0.12248977 -0.08732235]
   [-0.12248977 -0.08732235]
   [-0.12248977 -0.08732235]
   [-0.10301019 -0.079529  ]]

  [[-0.09967185 -0.07018025]
   [-0.12248977 -0.08732235]
   [-0.12248977 -0.08732235]
   [-0.12248977 -0.08732235]
   [-0.12248977 -0.08732235]
   [-0.12248977 -0.08732235]
   [-0.12248977 -0.08732235]
   [-0.12248977 -0.08732235]
   [-0.12248977 -0.08732235]
   [-0.11249581 -0.08542851]
   [-0.09960862 -0.08428535]
   [-0.09828498 -0.08023991]
   [-0.09975168 -0.07259539]
   [-0.11271758 -0.07218572]
   [-0.11657538 -0.08079737]
   [-0.12115574 -0.08660491]
   [-0.12248977 -0.08732235]
   [-0.12248977 -0.08732235]
   [-0.12248977 -0.08732235]
   [-0.12248977 -0.08732235]
   [-0.12248977 -0.08732235]
   [-0.12248977 -0.08732235]
   [-0.12248977 -0.08732235]
   [-0.12248977 -0.08732235]
   [-0.12248977 -0.08732235]
   [-0.12248977 -0.08732235]
   [-0.12248977 -0.08732235]
   [-0.10301019 -0.079529  ]]

  [[-0.09493171 -0.04660964]
   [-0.10460589 -0.05470056]
   [-0.10460589 -0.05470056]
   [-0.10460589 -0.05470056]
   [-0.10460589 -0.05470056]
   [-0.10460589 -0.05470056]
   [-0.10460589 -0.05470056]
   [-0.10460589 -0.05470056]
   [-0.10460589 -0.05470056]
   [-0.09642744 -0.05284113]
   [-0.08795306 -0.05050034]
   [-0.0877125  -0.04599305]
   [-0.09822328 -0.04306062]
   [-0.09921809 -0.04967107]
   [-0.10400558 -0.05437772]
   [-0.10460589 -0.05470056]
   [-0.10460589 -0.05470056]
   [-0.10460589 -0.05470056]
   [-0.10460589 -0.05470056]
   [-0.10460589 -0.05470056]
   [-0.10460589 -0.05470056]
   [-0.10460589 -0.05470056]
   [-0.10460589 -0.05470056]
   [-0.10460589 -0.05470056]
   [-0.10460589 -0.05470056]
   [-0.10460589 -0.05470056]
   [-0.10460589 -0.05470056]
   [-0.08556046 -0.05109147]]]]