[[[[0.         0.         0.07893063]
   [0.         0.         0.07893063]
   [0.         0.         0.07893063]
   [0.         0.         0.07893063]
   [0.         0.         0.07893063]
   [0.         0.         0.07893063]
   [0.         0.         0.07893063]
   [0.         0.         0.07893063]
   [0.         0.         0.07893063]
   [0.         0.         0.07893063]
   [0.         0.         0.07893063]
   [0.         0.         0.07893063]
   [0.         0.         0.07893063]
   [0.         0.         0.07893063]
   [0.         0.         0.07893063]
   [0.         0.         0.07893063]
   [0.         0.         0.07893063]
   [0.         0.         0.07893063]
   [0.         0.         0.07893063]
   [0.         0.         0.07893063]
   [0.         0.         0.07893063]
   [0.         0.         0.07893063]
   [0.         0.         0.07893063]
   [0.         0.         0.07893063]
   [0.         0.         0.07893063]
   [0.         0.         0.07893063]
   [0.         0.         0.07893063]
   [0.         0.         0.07893063]]

  [[0.         0.         0.07893063]
   [0.         0.         0.07893063]
   [0.         0.         0.07893063]
   [0.         0.         0.07893063]
   [0.         0.         0.07893063]
   [0.         0.         0.07893063]
   [0.         0.         0.07893063]
   [0.         0.         0.07893063]
   [0.         0.         0.07893063]
   [0.         0.         0.07893063]
   [0.         0.         0.07893063]
   [0.         0.         0.07893063]
   [0.         0.         0.07893063]
   [0.         0.         0.07893063]
   [0.         0.         0.07893063]
   [0.         0.         0.07893063]
   [0.         0.         0.07893063]
   [0.         0.         0.07893063]
   [0.         0.         0.07893063]
   [0.         0.         0.07893063]
   [0.         0.         0.07893063]
   [0.         0.         0.07893063]
   [0.         0.         0.07893063]
   [0.         0.         0.07893063]
   [0.         0.         0.07893063]
   [0.         0.         0.07893063]
   [0.         0.         0.07893063]
   [0.         0.         0.07893063]]

  [[0.         0.         0.07893063]
   [0.         0.         0.07893063]
   [0.         0.         0.07893063]
   [0.         0.         0.07893063]
   [0.         0.         0.07893063]
   [0.         0.         0.07893063]
   [0.         0.         0.07893063]
   [0.         0.         0.07893063]
   [0.         0.         0.07893063]
   [0.         0.         0.07893063]
   [0.         0.         0.07893063]
   [0.         0.         0.07893063]
   [0.         0.         0.07893063]
   [0.         0.         0.07893063]
   [0.         0.         0.07893063]
   [0.         0.         0.07893063]
   [0.         0.         0.07893063]
   [0.         0.         0.07893063]
   [0.         0.         0.07893063]
   [0.         0.         0.07893063]
   [0.         0.         0.07893063]
   [0.         0.         0.07893063]
   [0.         0.         0.07893063]
   [0.         0.         0.07893063]
   [0.         0.         0.07893063]
   [0.         0.         0.07893063]
   [0.         0.         0.07893063]
   [0.         0.         0.07893063]]

  [[0.         0.         0.07893063]
   [0.         0.         0.07893063]
   [0.         0.         0.07893063]
   [0.         0.         0.07893063]
   [0.         0.         0.07893063]
   [0.         0.         0.07893063]
   [0.         0.         0.07893063]
   [0.         0.         0.07893063]
   [0.         0.         0.07893063]
   [0.         0.         0.07893063]
   [0.         0.         0.07893063]
   [0.         0.         0.07893063]
   [0.         0.         0.07893063]
   [0.         0.         0.07893063]
   [0.         0.         0.07893063]
   [0.         0.         0.07893063]
   [0.         0.         0.07893063]
   [0.         0.         0.07893063]
   [0.         0.         0.07893063]
   [0.         0.         0.07893063]
   [0.         0.         0.07893063]
   [0.         0.         0.07893063]
   [0.         0.         0.07893063]
   [0.         0.         0.07893063]
   [0.         0.         0.07893063]
   [0.         0.         0.07893063]
   [0.         0.         0.07893063]
   [0.         0.         0.07893063]]

  [[0.         0.         0.07893063]
   [0.         0.         0.07893063]
   [0.         0.         0.07893063]
   [0.         0.         0.07893063]
   [0.         0.         0.07893063]
   [0.         0.         0.07893063]
   [0.         0.         0.07893063]
   [0.         0.         0.07893063]
   [0.         0.         0.07893063]
   [0.         0.         0.07893063]
   [0.         0.         0.07893063]
   [0.         0.         0.07893063]
   [0.         0.         0.07893063]
   [0.         0.         0.07893063]
   [0.         0.         0.07893063]
   [0.         0.         0.07893063]
   [0.         0.         0.07893063]
   [0.         0.         0.07893063]
   [0.         0.         0.07893063]
   [0.         0.         0.07893063]
   [0.         0.         0.07893063]
   [0.         0.         0.07893063]
   [0.         0.         0.07893063]
   [0.         0.         0.07893063]
   [0.         0.         0.07893063]
   [0.         0.         0.07893063]
   [0.         0.         0.07893063]
   [0.         0.         0.07893063]]

  [[0.         0.         0.07893063]
   [0.         0.         0.07893063]
   [0.         0.         0.07893063]
   [0.         0.         0.07893063]
   [0.         0.         0.07893063]
   [0.         0.         0.07893063]
   [0.         0.         0.07893063]
   [0.         0.         0.07893063]
   [0.         0.         0.07893063]
   [0.         0.         0.07893063]
   [0.         0.         0.07893063]
   [0.         0.         0.07893063]
   [0.         0.         0.07893063]
   [0.         0.         0.07893063]
   [0.         0.         0.07893063]
   [0.         0.         0.07893063]
   [0.         0.         0.07893063]
   [0.         0.         0.07893063]
   [0.         0.         0.07893063]
   [0.         0.         0.07893063]
   [0.         0.         0.07893063]
   [0.         0.         0.07893063]
   [0.         0.         0.07893063]
   [0.         0.         0.07893063]
   [0.         0.         0.07893063]
   [0.         0.         0.07893063]
   [0.         0.         0.07893063]
   [0.         0.         0.07893063]]

  [[0.         0.         0.07893063]
   [0.         0.         0.07893063]
   [0.         0.         0.07893063]
   [0.         0.         0.07893063]
   [0.         0.         0.07893063]
   [0.         0.         0.07893063]
   [0.         0.         0.07893063]
   [0.         0.         0.07893063]
   [0.         0.         0.07893063]
   [0.         0.         0.07893063]
   [0.         0.         0.07893063]
   [0.         0.         0.07893063]
   [0.         0.         0.07893063]
   [0.         0.         0.07893063]
   [0.         0.         0.07893063]
   [0.         0.         0.07893063]
   [0.         0.         0.07893063]
   [0.         0.         0.07893063]
   [0.         0.         0.07893063]
   [0.         0.         0.07893063]
   [0.         0.         0.07893063]
   [0.         0.         0.07893063]
   [0.         0.         0.07893063]
   [0.         0.         0.07893063]
   [0.         0.         0.07893063]
   [0.         0.         0.07893063]
   [0.         0.         0.07893063]
   [0.         0.         0.07893063]]

  [[0.         0.         0.07893063]
   [0.         0.         0.07893063]
   [0.         0.         0.07893063]
   [0.         0.         0.07893063]
   [0.         0.         0.07893063]
   [0.         0.         0.07893063]
   [0.         0.         0.05017744]
   [0.00924755 0.         0.01560514]
   [0.00374617 0.         0.02450494]
   [0.00205344 0.         0.02724334]
   [0.         0.         0.05839264]
   [0.         0.         0.06660783]
   [0.         0.         0.07893063]
   [0.         0.         0.07893063]
   [0.         0.         0.07893063]
   [0.         0.         0.07893063]
   [0.         0.         0.07893063]
   [0.         0.         0.07893063]
   [0.         0.         0.07893063]
   [0.         0.         0.07893063]
   [0.         0.         0.07893063]
   [0.         0.         0.07893063]
   [0.         0.         0.07893063]
   [0.         0.         0.07893063]
   [0.         0.         0.07893063]
   [0.         0.         0.07893063]
   [0.         0.         0.07893063]
   [0.         0.         0.07893063]]

  [[0.         0.         0.07893063]
   [0.         0.         0.07893063]
   [0.         0.         0.07893063]
   [0.         0.         0.07893063]
   [0.         0.         0.07893063]
   [0.         0.         0.07893063]
   [0.01707642 0.         0.00294004]
   [0.02384734 0.         0.        ]
   [0.02384734 0.         0.        ]
   [0.02384734 0.         0.        ]
   [0.02384734 0.         0.        ]
   [0.02109665 0.         0.        ]
   [0.01199823 0.         0.01115524]
   [0.01199823 0.         0.01115524]
   [0.01199823 0.         0.01115524]
   [0.01199823 0.         0.01115524]
   [0.01199823 0.         0.01115524]
   [0.01199823 0.         0.01115524]
   [0.01199823 0.         0.01115524]
   [0.01199823 0.         0.01115524]
   [0.00607368 0.         0.02073964]
   [0.         0.         0.06113103]
   [0.         0.         0.07893063]
   [0.         0.         0.07893063]
   [0.         0.         0.07893063]
   [0.         0.         0.07893063]
   [0.         0.         0.07893063]
   [0.         0.         0.07893063]]

  [[0.         0.         0.07893063]
   [0.         0.         0.07893063]
   [0.         0.         0.07893063]
   [0.         0.         0.07893063]
   [0.         0.         0.07893063]
   [0.         0.         0.07893063]
   [0.         0.         0.05599654]
   [0.         0.         0.03990844]
   [0.         0.         0.05428503]
   [0.         0.         0.03990844]
   [0.00459254 0.         0.02313574]
   [0.01813438 0.         0.00122854]
   [0.02384734 0.         0.        ]
   [0.0177112  0.         0.00191315]
   [0.02384734 0.         0.        ]
   [0.02384734 0.         0.        ]
   [0.02384734 0.         0.        ]
   [0.02300097 0.         0.        ]
   [0.01855756 0.         0.00054394]
   [0.02384734 0.         0.        ]
   [0.02384734 0.         0.        ]
   [0.         0.         0.03100864]
   [0.         0.         0.07893063]
   [0.         0.         0.07893063]
   [0.         0.         0.07893063]
   [0.         0.         0.07893063]
   [0.         0.         0.07893063]
   [0.         0.         0.07893063]]

  [[0.         0.         0.07893063]
   [0.         0.         0.07893063]
   [0.         0.         0.07893063]
   [0.         0.         0.07893063]
   [0.         0.         0.07893063]
   [0.         0.         0.07893063]
   [0.         0.         0.07893063]
   [0.         0.         0.07893063]
   [0.         0.         0.07893063]
   [0.         0.         0.07893063]
   [0.         0.         0.07893063]
   [0.         0.         0.07311153]
   [0.         0.         0.05633884]
   [0.         0.         0.07413843]
   [0.         0.         0.05599654]
   [0.         0.         0.05599654]
   [0.         0.         0.05599654]
   [0.         0.         0.05873493]
   [0.         0.         0.07174233]
   [0.0200387  0.         0.        ]
   [0.02384734 0.         0.        ]
   [0.         0.         0.04264684]
   [0.         0.         0.07893063]
   [0.         0.         0.07893063]
   [0.         0.         0.07893063]
   [0.         0.         0.07893063]
   [0.         0.         0.07893063]
   [0.         0.         0.07893063]]

  [[0.         0.         0.07893063]
   [0.         0.         0.07893063]
   [0.         0.         0.07893063]
   [0.         0.         0.07893063]
   [0.         0.         0.07893063]
   [0.         0.         0.07893063]
   [0.         0.         0.07893063]
   [0.         0.         0.07893063]
   [0.         0.         0.07893063]
   [0.         0.         0.07893063]
   [0.         0.         0.07893063]
   [0.         0.         0.07893063]
   [0.         0.         0.07893063]
   [0.         0.         0.07893063]
   [0.         0.         0.07893063]
   [0.         0.         0.07893063]
   [0.         0.         0.07893063]
   [0.         0.         0.07893063]
   [0.         0.         0.05051973]
   [0.02363575 0.         0.        ]
   [0.01432573 0.         0.00738994]
   [0.         0.         0.07276923]
   [0.         0.         0.07893063]
   [0.         0.         0.07893063]
   [0.         0.         0.07893063]
   [0.         0.         0.07893063]
   [0.         0.         0.07893063]
   [0.         0.         0.07893063]]

  [[0.         0.         0.07893063]
   [0.         0.         0.07893063]
   [0.         0.         0.07893063]
   [0.         0.         0.07893063]
   [0.         0.         0.07893063]
   [0.         0.         0.07893063]
   [0.         0.         0.07893063]
   [0.         0.         0.07893063]
   [0.         0.         0.07893063]
   [0.         0.         0.07893063]
   [0.         0.         0.07893063]
   [0.         0.         0.07893063]
   [0.         0.         0.07893063]
   [0.         0.         0.07893063]
   [0.         0.         0.07893063]
   [0.         0.         0.07893063]
   [0.         0.         0.07893063]
   [0.         0.         0.07140003]
   [0.01940392 0.         0.        ]
   [0.02405893 0.         0.        ]
   [0.         0.         0.05051973]
   [0.         0.         0.07893063]
   [0.         0.         0.07893063]
   [0.         0.         0.07893063]
   [0.         0.         0.07893063]
   [0.         0.         0.07893063]
   [0.         0.         0.07893063]
   [0.         0.         0.07893063]]

  [[0.         0.         0.07893063]
   [0.         0.         0.07893063]
   [0.         0.         0.07893063]
   [0.         0.         0.07893063]
   [0.         0.         0.07893063]
   [0.         0.         0.07893063]
   [0.         0.         0.07893063]
   [0.         0.         0.07893063]
   [0.         0.         0.07893063]
   [0.         0.         0.07893063]
   [0.         0.         0.07893063]
   [0.         0.         0.07893063]
   [0.         0.         0.07893063]
   [0.         0.         0.07893063]
   [0.         0.         0.07893063]
   [0.         0.         0.07893063]
   [0.         0.         0.07893063]
   [0.         0.         0.03477394]
   [0.02384734 0.         0.        ]
   [0.02046188 0.         0.        ]
   [0.         0.         0.06386943]
   [0.         0.         0.07893063]
   [0.         0.         0.07893063]
   [0.         0.         0.07893063]
   [0.         0.         0.07893063]
   [0.         0.         0.07893063]
   [0.         0.         0.07893063]
   [0.         0.         0.07893063]]

  [[0.         0.         0.07893063]
   [0.         0.         0.07893063]
   [0.         0.         0.07893063]
   [0.         0.         0.07893063]
   [0.         0.         0.07893063]
   [0.         0.         0.07893063]
   [0.         0.         0.07893063]
   [0.         0.         0.07893063]
   [0.         0.         0.07893063]
   [0.         0.         0.07893063]
   [0.         0.         0.07893063]
   [0.         0.         0.07893063]
   [0.         0.         0.07893063]
   [0.         0.         0.07893063]
   [0.         0.         0.07893063]
   [0.         0.         0.07893063]
   [0.         0.         0.05873493]
   [0.02278938 0.         0.        ]
   [0.02384734 0.         0.        ]
   [0.         0.         0.05770803]
   [0.         0.         0.07893063]
   [0.         0.         0.07893063]
   [0.         0.         0.07893063]
   [0.         0.         0.07893063]
   [0.         0.         0.07893063]
   [0.         0.         0.07893063]
   [0.         0.         0.07893063]
   [0.         0.         0.07893063]]

  [[0.         0.         0.07893063]
   [0.         0.         0.07893063]
   [0.         0.         0.07893063]
   [0.         0.         0.07893063]
   [0.         0.         0.07893063]
   [0.         0.         0.07893063]
   [0.         0.         0.07893063]
   [0.         0.         0.07893063]
   [0.         0.         0.07893063]
   [0.         0.         0.07893063]
   [0.         0.         0.07893063]
   [0.         0.         0.07893063]
   [0.         0.         0.07893063]
   [0.         0.         0.07893063]
   [0.         0.         0.07893063]
   [0.         0.         0.07893063]
   [0.         0.         0.03340474]
   [0.02384734 0.         0.        ]
   [0.00967073 0.         0.01492055]
   [0.         0.         0.07721913]
   [0.         0.         0.07893063]
   [0.         0.         0.07893063]
   [0.         0.         0.07893063]
   [0.         0.         0.07893063]
   [0.         0.         0.07893063]
   [0.         0.         0.07893063]
   [0.         0.         0.07893063]
   [0.         0.         0.07893063]]

  [[0.         0.         0.07893063]
   [0.         0.         0.07893063]
   [0.         0.         0.07893063]
   [0.         0.         0.07893063]
   [0.         0.         0.07893063]
   [0.         0.         0.07893063]
   [0.         0.         0.07893063]
   [0.         0.         0.07893063]
   [0.         0.         0.07893063]
   [0.         0.         0.07893063]
   [0.         0.         0.07893063]
   [0.         0.         0.07893063]
   [0.         0.         0.07893063]
   [0.         0.         0.07893063]
   [0.         0.         0.07893063]
   [0.         0.         0.07584994]
   [0.01347937 0.         0.00875914]
   [0.02257779 0.         0.        ]
   [0.         0.         0.05907723]
   [0.         0.         0.07893063]
   [0.         0.         0.07893063]
   [0.         0.         0.07893063]
   [0.         0.         0.07893063]
   [0.         0.         0.07893063]
   [0.         0.         0.07893063]
   [0.         0.         0.07893063]
   [0.         0.         0.07893063]
   [0.         0.         0.07893063]]

  [[0.         0.         0.07893063]
   [0.         0.         0.07893063]
   [0.         0.         0.07893063]
   [0.         0.         0.07893063]
   [0.         0.         0.07893063]
   [0.         0.         0.07893063]
   [0.         0.         0.07893063]
   [0.         0.         0.07893063]
   [0.         0.         0.07893063]
   [0.         0.         0.07893063]
   [0.         0.         0.07893063]
   [0.         0.         0.07893063]
   [0.         0.         0.07893063]
   [0.         0.         0.07893063]
   [0.         0.         0.07893063]
   [0.         0.         0.03580084]
   [0.02384734 0.         0.        ]
   [0.00861277 0.         0.01663204]
   [0.         0.         0.07893063]
   [0.         0.         0.07893063]
   [0.         0.         0.07893063]
   [0.         0.         0.07893063]
   [0.         0.         0.07893063]
   [0.         0.         0.07893063]
   [0.         0.         0.07893063]
   [0.         0.         0.07893063]
   [0.         0.         0.07893063]
   [0.         0.         0.07893063]]

  [[0.         0.         0.07893063]
   [0.         0.         0.07893063]
   [0.         0.         0.07893063]
   [0.         0.         0.07893063]
   [0.         0.         0.07893063]
   [0.         0.         0.07893063]
   [0.         0.         0.07893063]
   [0.         0.         0.07893063]
   [0.         0.         0.07893063]
   [0.         0.         0.07893063]
   [0.         0.         0.07893063]
   [0.         0.         0.07893063]
   [0.         0.         0.07893063]
   [0.         0.         0.07893063]
   [0.         0.         0.05325814]
   [0.02321257 0.         0.        ]
   [0.02088506 0.         0.        ]
   [0.         0.         0.05941954]
   [0.         0.         0.07893063]
   [0.         0.         0.07893063]
   [0.         0.         0.07893063]
   [0.         0.         0.07893063]
   [0.         0.         0.07893063]
   [0.         0.         0.07893063]
   [0.         0.         0.07893063]
   [0.         0.         0.07893063]
   [0.         0.         0.07893063]
   [0.         0.         0.07893063]]

  [[0.         0.         0.07893063]
   [0.         0.         0.07893063]
   [0.         0.         0.07893063]
   [0.         0.         0.07893063]
   [0.         0.         0.07893063]
   [0.         0.         0.07893063]
   [0.         0.         0.07893063]
   [0.         0.         0.07893063]
   [0.         0.         0.07893063]
   [0.         0.         0.07893063]
   [0.         0.         0.07893063]
   [0.         0.         0.07893063]
   [0.         0.         0.07893063]
   [0.         0.         0.07242693]
   [0.01686483 0.         0.00328235]
   [0.02384734 0.         0.        ]
   [0.00522731 0.         0.02210884]
   [0.         0.         0.07893063]
   [0.         0.         0.07893063]
   [0.         0.         0.07893063]
   [0.         0.         0.07893063]
   [0.         0.         0.07893063]
   [0.         0.         0.07893063]
   [0.         0.         0.07893063]
   [0.         0.         0.07893063]
   [0.         0.         0.07893063]
   [0.         0.         0.07893063]
   [0.         0.         0.07893063]]

  [[0.         0.         0.07893063]
   [0.         0.         0.07893063]
   [0.         0.         0.07893063]
   [0.         0.         0.07893063]
   [0.         0.         0.07893063]
   [0.         0.         0.07893063]
   [0.         0.         0.07893063]
   [0.         0.         0.07893063]
   [0.         0.         0.07893063]
   [0.         0.         0.07893063]
   [0.         0.         0.07893063]
   [0.         0.         0.07893063]
   [0.         0.         0.07790373]
   [0.01305619 0.         0.00944374]
   [0.02384734 0.         0.        ]
   [0.01644165 0.         0.00396694]
   [0.         0.         0.06695013]
   [0.         0.         0.07893063]
   [0.         0.         0.07893063]
   [0.         0.         0.07893063]
   [0.         0.         0.07893063]
   [0.         0.         0.07893063]
   [0.         0.         0.07893063]
   [0.         0.         0.07893063]
   [0.         0.         0.07893063]
   [0.         0.         0.07893063]
   [0.         0.         0.07893063]
   [0.         0.         0.07893063]]

  [[0.         0.         0.07893063]
   [0.         0.         0.07893063]
   [0.         0.         0.07893063]
   [0.         0.         0.07893063]
   [0.         0.         0.07893063]
   [0.         0.         0.07893063]
   [0.         0.         0.07893063]
   [0.         0.         0.07893063]
   [0.         0.         0.07893063]
   [0.         0.         0.07893063]
   [0.         0.         0.07893063]
   [0.         0.         0.07893063]
   [0.         0.         0.06592324]
   [0.02384734 0.         0.        ]
   [0.02384734 0.         0.        ]
   [0.         0.         0.05257354]
   [0.         0.         0.07893063]
   [0.         0.         0.07893063]
   [0.         0.         0.07893063]
   [0.         0.         0.07893063]
   [0.         0.         0.07893063]
   [0.         0.         0.07893063]
   [0.         0.         0.07893063]
   [0.         0.         0.07893063]
   [0.         0.         0.07893063]
   [0.         0.         0.07893063]
   [0.         0.         0.07893063]
   [0.         0.         0.07893063]]

  [[0.         0.         0.07893063]
   [0.         0.         0.07893063]
   [0.         0.         0.07893063]
   [0.         0.         0.07893063]
   [0.         0.         0.07893063]
   [0.         0.         0.07893063]
   [0.         0.         0.07893063]
   [0.         0.         0.07893063]
   [0.         0.         0.07893063]
   [0.         0.         0.07893063]
   [0.         0.         0.07893063]
   [0.         0.         0.06831934]
   [0.0174996  0.         0.00225544]
   [0.02384734 0.         0.        ]
   [0.         0.         0.03956614]
   [0.         0.         0.07858833]
   [0.         0.         0.07893063]
   [0.         0.         0.07893063]
   [0.         0.         0.07893063]
   [0.         0.         0.07893063]
   [0.         0.         0.07893063]
   [0.         0.         0.07893063]
   [0.         0.         0.07893063]
   [0.         0.         0.07893063]
   [0.         0.         0.07893063]
   [0.         0.         0.07893063]
   [0.         0.         0.07893063]
   [0.         0.         0.07893063]]

  [[0.         0.         0.07893063]
   [0.         0.         0.07893063]
   [0.         0.         0.07893063]
   [0.         0.         0.07893063]
   [0.         0.         0.07893063]
   [0.         0.         0.07893063]
   [0.         0.         0.07893063]
   [0.         0.         0.07893063]
   [0.         0.         0.07893063]
   [0.         0.         0.07893063]
   [0.         0.         0.07893063]
   [0.         0.         0.03340474]
   [0.02384734 0.         0.        ]
   [0.02384734 0.         0.        ]
   [0.         0.         0.06113103]
   [0.         0.         0.07893063]
   [0.         0.         0.07893063]
   [0.         0.         0.07893063]
   [0.         0.         0.07893063]
   [0.         0.         0.07893063]
   [0.         0.         0.07893063]
   [0.         0.         0.07893063]
   [0.         0.         0.07893063]
   [0.         0.         0.07893063]
   [0.         0.         0.07893063]
   [0.         0.         0.07893063]
   [0.         0.         0.07893063]
   [0.         0.         0.07893063]]

  [[0.         0.         0.07893063]
   [0.         0.         0.07893063]
   [0.         0.         0.07893063]
   [0.         0.         0.07893063]
   [0.         0.         0.07893063]
   [0.         0.         0.07893063]
   [0.         0.         0.07893063]
   [0.         0.         0.07893063]
   [0.         0.         0.07893063]
   [0.         0.         0.07893063]
   [0.         0.         0.05805033]
   [0.02130824 0.         0.        ]
   [0.02384734 0.         0.        ]
   [0.02384734 0.         0.        ]
   [0.         0.         0.06113103]
   [0.         0.         0.07893063]
   [0.         0.         0.07893063]
   [0.         0.         0.07893063]
   [0.         0.         0.07893063]
   [0.         0.         0.07893063]
   [0.         0.         0.07893063]
   [0.         0.         0.07893063]
   [0.         0.         0.07893063]
   [0.         0.         0.07893063]
   [0.         0.         0.07893063]
   [0.         0.         0.07893063]
   [0.         0.         0.07893063]
   [0.         0.         0.07893063]]

  [[0.         0.         0.07893063]
   [0.         0.         0.07893063]
   [0.         0.         0.07893063]
   [0.         0.         0.07893063]
   [0.         0.         0.07893063]
   [0.         0.         0.07893063]
   [0.         0.         0.07893063]
   [0.         0.         0.07893063]
   [0.         0.         0.07893063]
   [0.         0.         0.07893063]
   [0.         0.         0.03751234]
   [0.02384734 0.         0.        ]
   [0.02384734 0.         0.        ]
   [0.01644165 0.         0.00396694]
   [0.         0.         0.06523863]
   [0.         0.         0.07893063]
   [0.         0.         0.07893063]
   [0.         0.         0.07893063]
   [0.         0.         0.07893063]
   [0.         0.         0.07893063]
   [0.         0.         0.07893063]
   [0.         0.         0.07893063]
   [0.         0.         0.07893063]
   [0.         0.         0.07893063]
   [0.         0.         0.07893063]
   [0.         0.         0.07893063]
   [0.         0.         0.07893063]
   [0.         0.         0.07893063]]

  [[0.         0.         0.07893063]
   [0.         0.         0.07893063]
   [0.         0.         0.07893063]
   [0.         0.         0.07893063]
   [0.         0.         0.07893063]
   [0.         0.         0.07893063]
   [0.         0.         0.07893063]
   [0.         0.         0.07893063]
   [0.         0.         0.07893063]
   [0.         0.         0.07893063]
   [0.         0.         0.03751234]
   [0.02384734 0.         0.        ]
   [0.01390255 0.         0.00807454]
   [0.         0.         0.07276923]
   [0.         0.         0.07893063]
   [0.         0.         0.07893063]
   [0.         0.         0.07893063]
   [0.         0.         0.07893063]
   [0.         0.         0.07893063]
   [0.         0.         0.07893063]
   [0.         0.         0.07893063]
   [0.         0.         0.07893063]
   [0.         0.         0.07893063]
   [0.         0.         0.07893063]
   [0.         0.         0.07893063]
   [0.         0.         0.07893063]
   [0.         0.         0.07893063]
   [0.         0.         0.07893063]]

  [[0.         0.         0.07893063]
   [0.         0.         0.07893063]
   [0.         0.         0.07893063]
   [0.         0.         0.07893063]
   [0.         0.         0.07893063]
   [0.         0.         0.07893063]
   [0.         0.         0.07893063]
   [0.         0.         0.07893063]
   [0.         0.         0.07893063]
   [0.         0.         0.07893063]
   [0.         0.         0.07893063]
   [0.         0.         0.07893063]
   [0.         0.         0.07893063]
   [0.         0.         0.07893063]
   [0.         0.         0.07893063]
   [0.         0.         0.07893063]
   [0.         0.         0.07893063]
   [0.         0.         0.07893063]
   [0.         0.         0.07893063]
   [0.         0.         0.07893063]
   [0.         0.         0.07893063]
   [0.         0.         0.07893063]
   [0.         0.         0.07893063]
   [0.         0.         0.07893063]
   [0.         0.         0.07893063]
   [0.         0.         0.07893063]
   [0.         0.         0.07893063]
   [0.         0.         0.07893063]]]]