[[[[-0.3129313  -0.17582324 -0.18832839]
   [-0.40508014 -0.28321877 -0.17879385]
   [-0.40508014 -0.28321877 -0.17879385]
   [-0.40508014 -0.28321877 -0.17879385]
   [-0.40508014 -0.28321877 -0.17879385]
   [-0.40508014 -0.28321877 -0.17879385]
   [-0.40508014 -0.28321877 -0.17879385]
   [-0.40508014 -0.28321877 -0.17879385]
   [-0.40508014 -0.28321877 -0.17879385]
   [-0.40508014 -0.28321877 -0.17879385]
   [-0.40508014 -0.28321877 -0.17879385]
   [-0.40508014 -0.28321877 -0.17879385]
   [-0.32851863 -0.24833566 -0.19208829]
   [-0.27281398 -0.21531776 -0.1552128 ]]

  [[-0.3954525  -0.30885834 -0.19618171]
   [-0.5018693  -0.45505625 -0.1637104 ]
   [-0.5018693  -0.45505625 -0.1637104 ]
   [-0.5018693  -0.45505625 -0.1637104 ]
   [-0.5018693  -0.45505625 -0.1637104 ]
   [-0.5018693  -0.45505625 -0.1637104 ]
   [-0.5018693  -0.45505625 -0.1637104 ]
   [-0.5018693  -0.45505625 -0.1637104 ]
   [-0.5018693  -0.45505625 -0.1637104 ]
   [-0.5018693  -0.45505625 -0.1637104 ]
   [-0.5018693  -0.45505625 -0.1637104 ]
   [-0.5018693  -0.45505625 -0.1637104 ]
   [-0.41770232 -0.37493655 -0.17650689]
   [-0.3394594  -0.27634802 -0.11800792]]

  [[-0.3954525  -0.30885834 -0.19618171]
   [-0.49886838 -0.44266963 -0.15633546]
   [-0.54656523 -0.38213685 -0.2244238 ]
   [-0.57531905 -0.36259958 -0.23012598]
   [-0.5514102  -0.31079867 -0.20601998]
   [-0.54117423 -0.32400554 -0.17948362]
   [-0.5225632  -0.34747735 -0.1929441 ]
   [-0.52150613 -0.36542147 -0.19822332]
   [-0.5233068  -0.3676949  -0.19983262]
   [-0.51713055 -0.39915976 -0.18542673]
   [-0.50423664 -0.43301556 -0.16457072]
   [-0.48787245 -0.43202302 -0.17209767]
   [-0.41770232 -0.37493655 -0.17650689]
   [-0.3394594  -0.27634802 -0.11800792]]

  [[-0.3954525  -0.30885834 -0.19618171]
   [-0.49312687 -0.4657295  -0.20191512]
   [-0.4970257  -0.43706197 -0.20049514]
   [-0.51234245 -0.39405447 -0.23305464]
   [-0.5518021  -0.41689187 -0.22368409]
   [-0.5674047  -0.41707748 -0.23369527]
   [-0.5721464  -0.39127213 -0.2036502 ]
   [-0.57117426 -0.35912052 -0.198077  ]
   [-0.58078027 -0.3269695  -0.1975286 ]
   [-0.5599608  -0.30513042 -0.19299673]
   [-0.5814911  -0.40313736 -0.12482847]
   [-0.509889   -0.39925435 -0.14121948]
   [-0.41770232 -0.37493655 -0.17650689]
   [-0.3394594  -0.27634802 -0.11800792]]

  [[-0.3954525  -0.30885834 -0.19618171]
   [-0.5357832  -0.44507718 -0.15870069]
   [-0.6160649  -0.44353706 -0.15328382]
   [-0.61528224 -0.43630567 -0.18074942]
   [-0.5898656  -0.42930776 -0.24347597]
   [-0.57123244 -0.42299443 -0.24242838]
   [-0.5937895  -0.42044482 -0.24718466]
   [-0.5985661  -0.40661463 -0.23589087]
   [-0.6525181  -0.3698821  -0.33065763]
   [-0.57348925 -0.37204087 -0.22469568]
   [-0.5532108  -0.38358283 -0.21508032]
   [-0.54334563 -0.44025335 -0.1539949 ]
   [-0.41770232 -0.37493655 -0.17650689]
   [-0.3394594  -0.27634802 -0.11800792]]

  [[-0.3954525  -0.30885834 -0.19618171]
   [-0.5227874  -0.41861755 -0.17428747]
   [-0.5692343  -0.40504795 -0.14086795]
   [-0.5885257  -0.3684607  -0.15336917]
   [-0.61206824 -0.365548   -0.17538439]
   [-0.61864775 -0.3588962  -0.18642879]
   [-0.6238499  -0.3775602  -0.2014384 ]
   [-0.65557283 -0.34370077 -0.26954836]
   [-0.69133776 -0.31778595 -0.2692136 ]
   [-0.60105604 -0.31551942 -0.22881398]
   [-0.53205824 -0.4067788  -0.238945  ]
   [-0.5167503  -0.46990362 -0.18064392]
   [-0.41770232 -0.37493655 -0.17650689]
   [-0.3394594  -0.27634802 -0.11800792]]

  [[-0.3954525  -0.30885834 -0.19618171]
   [-0.5018693  -0.45505625 -0.1637104 ]
   [-0.5018693  -0.45505625 -0.1637104 ]
   [-0.5018693  -0.45505625 -0.1637104 ]
   [-0.5062204  -0.44588694 -0.16605829]
   [-0.5079532  -0.44303036 -0.16523905]
   [-0.5065675  -0.42860636 -0.16670151]
   [-0.6012741  -0.36939928 -0.26600283]
   [-0.6642505  -0.30126283 -0.17535831]
   [-0.60548866 -0.35773894 -0.20606747]
   [-0.52293724 -0.41712168 -0.23964915]
   [-0.5004784  -0.459028   -0.17007378]
   [-0.41770232 -0.37493655 -0.17650689]
   [-0.3394594  -0.27634802 -0.11800792]]

  [[-0.3954525  -0.30885834 -0.19618171]
   [-0.5018693  -0.45505625 -0.1637104 ]
   [-0.5018693  -0.45505625 -0.1637104 ]
   [-0.5018693  -0.45505625 -0.1637104 ]
   [-0.5018693  -0.45505625 -0.1637104 ]
   [-0.4970462  -0.44896665 -0.1593998 ]
   [-0.5459414  -0.41085193 -0.24070883]
   [-0.6456604  -0.33769956 -0.21612796]
   [-0.6493481  -0.31755924 -0.13816932]
   [-0.5544571  -0.39646786 -0.2244727 ]
   [-0.48172912 -0.45054638 -0.21099047]
   [-0.50495136 -0.4590412  -0.1628856 ]
   [-0.41770232 -0.37493655 -0.17650689]
   [-0.3394594  -0.27634802 -0.11800792]]

  [[-0.3954525  -0.30885834 -0.19618171]
   [-0.5018693  -0.45505625 -0.1637104 ]
   [-0.5018693  -0.45505625 -0.1637104 ]
   [-0.5018693  -0.45505625 -0.1637104 ]
   [-0.5016764  -0.45481268 -0.16353798]
   [-0.5331397  -0.4334675  -0.20188469]
   [-0.60347825 -0.35796484 -0.27205127]
   [-0.67195714 -0.31044415 -0.15279704]
   [-0.59750724 -0.3458965  -0.19586465]
   [-0.51609963 -0.4241664  -0.23008358]
   [-0.50325304 -0.46044177 -0.16409835]
   [-0.5018693  -0.45505625 -0.1637104 ]
   [-0.41770232 -0.37493655 -0.17650689]
   [-0.3394594  -0.27634802 -0.11800792]]

  [[-0.3954525  -0.30885834 -0.19618171]
   [-0.5018693  -0.45505625 -0.1637104 ]
   [-0.5018693  -0.45505625 -0.1637104 ]
   [-0.5018693  -0.45505625 -0.1637104 ]
   [-0.49592513 -0.43672037 -0.15813848]
   [-0.5633524  -0.38099936 -0.26178044]
   [-0.63374984 -0.33378443 -0.18640852]
   [-0.60842645 -0.31245103 -0.1414894 ]
   [-0.5682003  -0.4280812  -0.21896957]
   [-0.4834882  -0.44874114 -0.20222554]
   [-0.5027854  -0.4564937  -0.16323656]
   [-0.5018693  -0.45505625 -0.1637104 ]
   [-0.41770232 -0.37493655 -0.17650689]
   [-0.3394594  -0.27634802 -0.11800792]]

  [[-0.3954525  -0.30885834 -0.19618171]
   [-0.5018693  -0.45505625 -0.1637104 ]
   [-0.5018693  -0.45505625 -0.1637104 ]
   [-0.49794653 -0.4501034  -0.16020444]
   [-0.5354671  -0.4209979  -0.2321642 ]
   [-0.6380176  -0.33065164 -0.2701701 ]
   [-0.69242096 -0.28776485 -0.1519865 ]
   [-0.6012386  -0.39161602 -0.19743612]
   [-0.48746625 -0.4293927  -0.23162544]
   [-0.5041695  -0.4610798  -0.16437788]
   [-0.5018693  -0.45505625 -0.1637104 ]
   [-0.5018693  -0.45505625 -0.1637104 ]
   [-0.41770232 -0.37493655 -0.17650689]
   [-0.3394594  -0.27634802 -0.11800792]]

  [[-0.3954525  -0.30885834 -0.19618171]
   [-0.5018693  -0.45505625 -0.1637104 ]
   [-0.5018693  -0.45505625 -0.1637104 ]
   [-0.50486636 -0.45735    -0.17200477]
   [-0.5859869  -0.3897046  -0.25671592]
   [-0.67633086 -0.27015126 -0.18035416]
   [-0.6506327  -0.3283019  -0.1908113 ]
   [-0.5260698  -0.38389188 -0.23285101]
   [-0.49400002 -0.44766727 -0.1820645 ]
   [-0.5024221  -0.45592368 -0.16342446]
   [-0.5018693  -0.45505625 -0.1637104 ]
   [-0.5018693  -0.45505625 -0.1637104 ]
   [-0.41770232 -0.37493655 -0.17650689]
   [-0.3394594  -0.27634802 -0.11800792]]

  [[-0.34389994 -0.31536472 -0.21558455]
   [-0.41707936 -0.4473785  -0.19554609]
   [-0.41707936 -0.4473785  -0.19554609]
   [-0.41451004 -0.4445687  -0.21755913]
   [-0.520669   -0.3866332  -0.21743965]
   [-0.5446805  -0.3499411  -0.18565693]
   [-0.48443684 -0.42875892 -0.29149407]
   [-0.4302296  -0.46420893 -0.27644956]
   [-0.4195839  -0.4510219  -0.19328822]
   [-0.41707936 -0.4473785  -0.19554609]
   [-0.41707936 -0.4473785  -0.19554609]
   [-0.41707936 -0.4473785  -0.19554609]
   [-0.36099896 -0.37329927 -0.19662535]
   [-0.25680768 -0.26943895 -0.13955791]]

  [[-0.2468816  -0.28904545 -0.1765751 ]
   [-0.2886127  -0.38104695 -0.1517376 ]
   [-0.2886127  -0.38104695 -0.1517376 ]
   [-0.32095292 -0.36375806 -0.14800316]
   [-0.43789774 -0.3415359  -0.12255804]
   [-0.40711802 -0.3389783  -0.12095144]
   [-0.27429673 -0.34952766 -0.24161994]
   [-0.26081747 -0.3644935  -0.19044095]
   [-0.29104406 -0.38408834 -0.15117942]
   [-0.2886127  -0.38104695 -0.1517376 ]
   [-0.2886127  -0.38104695 -0.1517376 ]
   [-0.2886127  -0.38104695 -0.1517376 ]
   [-0.2687516  -0.32449862 -0.1356271 ]
   [-0.20644349 -0.22736368 -0.09399764]]]]