[[[-2.41583019e-01 -1.08920649e-01 -4.89129499e-02]
  [-3.33731860e-01 -2.16316164e-01 -3.93784158e-02]
  [-3.33731860e-01 -2.16316164e-01 -3.93784158e-02]
  [-3.33731860e-01 -2.16316164e-01 -3.93784158e-02]
  [-3.33731860e-01 -2.16316164e-01 -3.93784158e-02]
  [-3.33731860e-01 -2.16316164e-01 -3.93784158e-02]
  [-3.33731860e-01 -2.16316164e-01 -3.93784158e-02]
  [-3.33731860e-01 -2.16316164e-01 -3.93784158e-02]
  [-3.33731860e-01 -2.16316164e-01 -3.93784158e-02]
  [-3.33731860e-01 -2.16316164e-01 -3.93784158e-02]
  [-3.33731860e-01 -2.16316164e-01 -3.93784158e-02]
  [-3.33731860e-01 -2.16316164e-01 -3.93784158e-02]
  [-2.57170349e-01 -1.81433052e-01 -5.26728667e-02]
  [-2.01465711e-01 -1.48415163e-01 -1.57973804e-02]]

 [[-3.24104220e-01 -2.41955742e-01 -5.67662828e-02]
  [-4.30521071e-01 -3.88153642e-01 -2.42949724e-02]
  [-4.30521071e-01 -3.88153642e-01 -2.42949724e-02]
  [-4.30521071e-01 -3.88153642e-01 -2.42949724e-02]
  [-4.30521071e-01 -3.88153642e-01 -2.42949724e-02]
  [-4.30521071e-01 -3.88153642e-01 -2.42949724e-02]
  [-4.30521071e-01 -3.88153642e-01 -2.42949724e-02]
  [-4.30521071e-01 -3.88153642e-01 -2.42949724e-02]
  [-4.30521071e-01 -3.88153642e-01 -2.42949724e-02]
  [-4.30521071e-01 -3.88153642e-01 -2.42949724e-02]
  [-4.30521071e-01 -3.88153642e-01 -2.42949724e-02]
  [-4.30521071e-01 -3.88153642e-01 -2.42949724e-02]
  [-3.46354038e-01 -3.08033943e-01 -3.70914638e-02]
  [-2.68111110e-01 -2.09445432e-01  2.14075092e-02]]

 [[-3.24104220e-01 -2.41955742e-01 -5.67662828e-02]
  [-4.27520096e-01 -3.75767022e-01 -1.69200283e-02]
  [-4.75216955e-01 -3.15234244e-01 -8.50083679e-02]
  [-5.03970802e-01 -2.95696974e-01 -9.07105505e-02]
  [-4.80061948e-01 -2.43896067e-01 -6.66045547e-02]
  [-4.69825953e-01 -2.57102937e-01 -4.00681980e-02]
  [-4.51214939e-01 -2.80574739e-01 -5.35286628e-02]
  [-4.50157881e-01 -2.98518866e-01 -5.88078983e-02]
  [-4.51958507e-01 -3.00792307e-01 -6.04171902e-02]
  [-4.45782274e-01 -3.32257152e-01 -4.60112952e-02]
  [-4.32888389e-01 -3.66112947e-01 -2.51552928e-02]
  [-4.16524172e-01 -3.65120411e-01 -3.26822400e-02]
  [-3.46354038e-01 -3.08033943e-01 -3.70914638e-02]
  [-2.68111110e-01 -2.09445432e-01  2.14075092e-02]]

 [[-3.24104220e-01 -2.41955742e-01 -5.67662828e-02]
  [-4.21778589e-01 -3.98826897e-01 -6.24996834e-02]
  [-4.25677419e-01 -3.70159358e-01 -6.10797070e-02]
  [-4.40994173e-01 -3.27151865e-01 -9.36392173e-02]
  [-4.80453819e-01 -3.49989265e-01 -8.42686594e-02]
  [-4.96056437e-01 -3.50174874e-01 -9.42798406e-02]
  [-5.00798166e-01 -3.24369520e-01 -6.42347708e-02]
  [-4.99826014e-01 -2.92217910e-01 -5.86615577e-02]
  [-5.09432018e-01 -2.60066897e-01 -5.81131727e-02]
  [-4.88612533e-01 -2.38227814e-01 -5.35812974e-02]
  [-5.10142863e-01 -3.36234748e-01  1.45869637e-02]
  [-4.38540727e-01 -3.32351744e-01 -1.80405239e-03]
  [-3.46354038e-01 -3.08033943e-01 -3.70914638e-02]
  [-2.68111110e-01 -2.09445432e-01  2.14075092e-02]]

 [[-3.24104220e-01 -2.41955742e-01 -5.67662828e-02]
  [-4.64434922e-01 -3.78174573e-01 -1.92852654e-02]
  [-5.44716656e-01 -3.76634449e-01 -1.38683850e-02]
  [-5.43933988e-01 -3.69403064e-01 -4.13339809e-02]
  [-5.18517375e-01 -3.62405151e-01 -1.04060546e-01]
  [-4.99884188e-01 -3.56091827e-01 -1.03012949e-01]
  [-5.22441268e-01 -3.53542209e-01 -1.07769236e-01]
  [-5.27217865e-01 -3.39712024e-01 -9.64754373e-02]
  [-5.81169844e-01 -3.02979499e-01 -1.91242203e-01]
  [-5.02140999e-01 -3.05138260e-01 -8.52802545e-02]
  [-4.81862515e-01 -3.16680223e-01 -7.56648928e-02]
  [-4.71997380e-01 -3.73350739e-01 -1.45794703e-02]
  [-3.46354038e-01 -3.08033943e-01 -3.70914638e-02]
  [-2.68111110e-01 -2.09445432e-01  2.14075092e-02]]

 [[-3.24104220e-01 -2.41955742e-01 -5.67662828e-02]
  [-4.51439112e-01 -3.51714939e-01 -3.48720476e-02]
  [-4.97886032e-01 -3.38145345e-01 -1.45252421e-03]
  [-5.17177463e-01 -3.01558107e-01 -1.39537463e-02]
  [-5.40719986e-01 -2.98645407e-01 -3.59689631e-02]
  [-5.47299504e-01 -2.91993588e-01 -4.70133498e-02]
  [-5.52501678e-01 -3.10657591e-01 -6.20229691e-02]
  [-5.84224582e-01 -2.76798159e-01 -1.30132928e-01]
  [-6.19989514e-01 -2.50883341e-01 -1.29798159e-01]
  [-5.29707789e-01 -2.48616815e-01 -8.93985555e-02]
  [-4.60709989e-01 -3.39876205e-01 -9.95295867e-02]
  [-4.45402026e-01 -4.03001010e-01 -4.12284881e-02]
  [-3.46354038e-01 -3.08033943e-01 -3.70914638e-02]
  [-2.68111110e-01 -2.09445432e-01  2.14075092e-02]]

 [[-3.24104220e-01 -2.41955742e-01 -5.67662828e-02]
  [-4.30521071e-01 -3.88153642e-01 -2.42949724e-02]
  [-4.30521071e-01 -3.88153642e-01 -2.42949724e-02]
  [-4.30521071e-01 -3.88153642e-01 -2.42949724e-02]
  [-4.34872121e-01 -3.78984332e-01 -2.66428571e-02]
  [-4.36604977e-01 -3.76127750e-01 -2.58236192e-02]
  [-4.35219228e-01 -3.61703753e-01 -2.72860769e-02]
  [-5.29925823e-01 -3.02496672e-01 -1.26587391e-01]
  [-5.92902243e-01 -2.34360218e-01 -3.59428786e-02]
  [-5.34140408e-01 -2.90836334e-01 -6.66520447e-02]
  [-4.51588959e-01 -3.50219071e-01 -1.00233711e-01]
  [-4.29130107e-01 -3.92125398e-01 -3.06583550e-02]
  [-3.46354038e-01 -3.08033943e-01 -3.70914638e-02]
  [-2.68111110e-01 -2.09445432e-01  2.14075092e-02]]

 [[-3.24104220e-01 -2.41955742e-01 -5.67662828e-02]
  [-4.30521071e-01 -3.88153642e-01 -2.42949724e-02]
  [-4.30521071e-01 -3.88153642e-01 -2.42949724e-02]
  [-4.30521071e-01 -3.88153642e-01 -2.42949724e-02]
  [-4.30521071e-01 -3.88153642e-01 -2.42949724e-02]
  [-4.25697923e-01 -3.82064044e-01 -1.99843701e-02]
  [-4.74593133e-01 -3.43949318e-01 -1.01293392e-01]
  [-5.74312150e-01 -2.70796955e-01 -7.67125264e-02]
  [-5.77999830e-01 -2.50656635e-01  1.24611170e-03]
  [-4.83108848e-01 -3.29565257e-01 -8.50572810e-02]
  [-4.10380840e-01 -3.83643776e-01 -7.15750456e-02]
  [-4.33603078e-01 -3.92138600e-01 -2.34701745e-02]
  [-3.46354038e-01 -3.08033943e-01 -3.70914638e-02]
  [-2.68111110e-01 -2.09445432e-01  2.14075092e-02]]

 [[-3.24104220e-01 -2.41955742e-01 -5.67662828e-02]
  [-4.30521071e-01 -3.88153642e-01 -2.42949724e-02]
  [-4.30521071e-01 -3.88153642e-01 -2.42949724e-02]
  [-4.30521071e-01 -3.88153642e-01 -2.42949724e-02]
  [-4.30328131e-01 -3.87910068e-01 -2.41225474e-02]
  [-4.61791426e-01 -3.66564900e-01 -6.24692515e-02]
  [-5.32130003e-01 -2.91062236e-01 -1.32635862e-01]
  [-6.00608885e-01 -2.43541554e-01 -1.33816088e-02]
  [-5.26158988e-01 -2.78993905e-01 -5.64492196e-02]
  [-4.44751382e-01 -3.57263803e-01 -9.06681493e-02]
  [-4.31904763e-01 -3.93539160e-01 -2.46829297e-02]
  [-4.30521071e-01 -3.88153642e-01 -2.42949724e-02]
  [-3.46354038e-01 -3.08033943e-01 -3.70914638e-02]
  [-2.68111110e-01 -2.09445432e-01  2.14075092e-02]]

 [[-3.24104220e-01 -2.41955742e-01 -5.67662828e-02]
  [-4.30521071e-01 -3.88153642e-01 -2.42949724e-02]
  [-4.30521071e-01 -3.88153642e-01 -2.42949724e-02]
  [-4.30521071e-01 -3.88153642e-01 -2.42949724e-02]
  [-4.24576849e-01 -3.69817764e-01 -1.87230520e-02]
  [-4.92004126e-01 -3.14096749e-01 -1.22365028e-01]
  [-5.62401593e-01 -2.66881824e-01 -4.69930917e-02]
  [-5.37078202e-01 -2.45548442e-01 -2.07397947e-03]
  [-4.96852040e-01 -3.61178607e-01 -7.95541406e-02]
  [-4.12139922e-01 -3.81838530e-01 -6.28101006e-02]
  [-4.31437105e-01 -3.89591098e-01 -2.38211229e-02]
  [-4.30521071e-01 -3.88153642e-01 -2.42949724e-02]
  [-3.46354038e-01 -3.08033943e-01 -3.70914638e-02]
  [-2.68111110e-01 -2.09445432e-01  2.14075092e-02]]

 [[-3.24104220e-01 -2.41955742e-01 -5.67662828e-02]
  [-4.30521071e-01 -3.88153642e-01 -2.42949724e-02]
  [-4.30521071e-01 -3.88153642e-01 -2.42949724e-02]
  [-4.26598251e-01 -3.83200794e-01 -2.07890142e-02]
  [-4.64118838e-01 -3.54095280e-01 -9.27487686e-02]
  [-5.66669345e-01 -2.63749033e-01 -1.30754679e-01]
  [-6.21072710e-01 -2.20862240e-01 -1.25710657e-02]
  [-5.29890358e-01 -3.24713409e-01 -5.80207035e-02]
  [-4.16117966e-01 -3.62490088e-01 -9.22100171e-02]
  [-4.32821244e-01 -3.94177198e-01 -2.49624606e-02]
  [-4.30521071e-01 -3.88153642e-01 -2.42949724e-02]
  [-4.30521071e-01 -3.88153642e-01 -2.42949724e-02]
  [-3.46354038e-01 -3.08033943e-01 -3.70914638e-02]
  [-2.68111110e-01 -2.09445432e-01  2.14075092e-02]]

 [[-3.24104220e-01 -2.41955742e-01 -5.67662828e-02]
  [-4.30521071e-01 -3.88153642e-01 -2.42949724e-02]
  [-4.30521071e-01 -3.88153642e-01 -2.42949724e-02]
  [-4.33518112e-01 -3.90447378e-01 -3.25893424e-02]
  [-5.14638662e-01 -3.22802007e-01 -1.17300503e-01]
  [-6.04982615e-01 -2.03248665e-01 -4.09387313e-02]
  [-5.79284430e-01 -2.61399299e-01 -5.13958707e-02]
  [-4.54721570e-01 -3.16989273e-01 -9.34355855e-02]
  [-4.22651738e-01 -3.80764663e-01 -4.26490791e-02]
  [-4.31073815e-01 -3.89021069e-01 -2.40090284e-02]
  [-4.30521071e-01 -3.88153642e-01 -2.42949724e-02]
  [-4.30521071e-01 -3.88153642e-01 -2.42949724e-02]
  [-3.46354038e-01 -3.08033943e-01 -3.70914638e-02]
  [-2.68111110e-01 -2.09445432e-01  2.14075092e-02]]

 [[-2.72551656e-01 -2.48462111e-01 -7.61691108e-02]
  [-3.45731080e-01 -3.80475879e-01 -5.61306588e-02]
  [-3.45731080e-01 -3.80475879e-01 -5.61306588e-02]
  [-3.43161762e-01 -3.77666086e-01 -7.81437010e-02]
  [-4.49320704e-01 -3.19730580e-01 -7.80242309e-02]
  [-4.73332226e-01 -2.83038497e-01 -4.62415069e-02]
  [-4.13088560e-01 -3.61856312e-01 -1.52078643e-01]
  [-3.58881325e-01 -3.97306323e-01 -1.37034133e-01]
  [-3.48235607e-01 -3.84119302e-01 -5.38727939e-02]
  [-3.45731080e-01 -3.80475879e-01 -5.61306588e-02]
  [-3.45731080e-01 -3.80475879e-01 -5.61306588e-02]
  [-3.45731080e-01 -3.80475879e-01 -5.61306588e-02]
  [-2.89650679e-01 -3.06396663e-01 -5.72099201e-02]
  [-1.85459420e-01 -2.02536359e-01 -1.42477918e-04]]

 [[-1.75533324e-01 -2.22142845e-01 -3.71596739e-02]
  [-2.17264414e-01 -3.14144343e-01 -1.23221772e-02]
  [-2.17264414e-01 -3.14144343e-01 -1.23221772e-02]
  [-2.49604657e-01 -2.96855450e-01 -8.58773105e-03]
  [-3.66549462e-01 -2.74633288e-01  1.68573838e-02]
  [-3.35769743e-01 -2.72075683e-01  1.84639823e-02]
  [-2.02948466e-01 -2.82625049e-01 -1.02204509e-01]
  [-1.89469203e-01 -2.97590882e-01 -5.10255210e-02]
  [-2.19695792e-01 -3.17185730e-01 -1.17639843e-02]
  [-2.17264414e-01 -3.14144343e-01 -1.23221772e-02]
  [-2.17264414e-01 -3.14144343e-01 -1.23221772e-02]
  [-2.17264414e-01 -3.14144343e-01 -1.23221772e-02]
  [-1.97403327e-01 -2.57596016e-01  3.78832081e-03]
  [-1.35095224e-01 -1.60461083e-01  4.54177856e-02]]]