[[[[-0.13426882  0.0384766 ]
   [-0.13426882  0.0384766 ]
   [-0.13426882  0.0384766 ]
   [-0.13426882  0.0384766 ]
   [-0.13426882  0.0384766 ]
   [-0.13426882  0.0384766 ]
   [-0.13426882  0.0384766 ]
   [-0.13426882  0.0384766 ]
   [-0.13426882  0.0384766 ]
   [-0.13426882  0.0384766 ]
   [-0.13426882  0.0384766 ]
   [-0.13426882  0.0384766 ]
   [-0.13426882  0.0384766 ]
   [-0.13426882  0.0384766 ]
   [-0.13426882  0.0384766 ]
   [-0.13426882  0.0384766 ]
   [-0.13426882  0.0384766 ]
   [-0.13426882  0.0384766 ]
   [-0.13426882  0.0384766 ]
   [-0.13426882  0.0384766 ]
   [-0.13426882  0.0384766 ]
   [-0.13426882  0.0384766 ]
   [-0.13426882  0.0384766 ]
   [-0.13426882  0.0384766 ]
   [-0.13426882  0.0384766 ]
   [-0.13426882  0.0384766 ]
   [-0.13426882  0.0384766 ]
   [-0.13426882  0.0384766 ]]

  [[-0.13426882  0.0384766 ]
   [-0.13426882  0.0384766 ]
   [-0.13426882  0.0384766 ]
   [-0.13426882  0.0384766 ]
   [-0.13426882  0.0384766 ]
   [-0.13426882  0.0384766 ]
   [-0.13426882  0.0384766 ]
   [-0.13426882  0.0384766 ]
   [-0.13426882  0.0384766 ]
   [-0.13426882  0.0384766 ]
   [-0.13426882  0.0384766 ]
   [-0.13426882  0.0384766 ]
   [-0.13426882  0.0384766 ]
   [-0.13426882  0.0384766 ]
   [-0.13426882  0.0384766 ]
   [-0.13426882  0.0384766 ]
   [-0.13426882  0.0384766 ]
   [-0.13426882  0.0384766 ]
   [-0.13426882  0.0384766 ]
   [-0.13426882  0.0384766 ]
   [-0.13426882  0.0384766 ]
   [-0.13426882  0.0384766 ]
   [-0.13426882  0.0384766 ]
   [-0.13426882  0.0384766 ]
   [-0.13426882  0.0384766 ]
   [-0.13426882  0.0384766 ]
   [-0.13426882  0.0384766 ]
   [-0.13426882  0.0384766 ]]

  [[-0.13426882  0.0384766 ]
   [-0.13426882  0.0384766 ]
   [-0.13426882  0.0384766 ]
   [-0.13426882  0.0384766 ]
   [-0.13426882  0.0384766 ]
   [-0.13426882  0.0384766 ]
   [-0.13426882  0.0384766 ]
   [-0.13426882  0.0384766 ]
   [-0.13426882  0.0384766 ]
   [-0.13426882  0.0384766 ]
   [-0.13426882  0.0384766 ]
   [-0.13426882  0.0384766 ]
   [-0.13426882  0.0384766 ]
   [-0.13426882  0.0384766 ]
   [-0.13426882  0.0384766 ]
   [-0.13426882  0.0384766 ]
   [-0.13426882  0.0384766 ]
   [-0.13426882  0.0384766 ]
   [-0.13426882  0.0384766 ]
   [-0.13426882  0.0384766 ]
   [-0.13426882  0.0384766 ]
   [-0.13426882  0.0384766 ]
   [-0.13426882  0.0384766 ]
   [-0.13426882  0.0384766 ]
   [-0.13426882  0.0384766 ]
   [-0.13426882  0.0384766 ]
   [-0.13426882  0.0384766 ]
   [-0.13426882  0.0384766 ]]

  [[-0.13426882  0.0384766 ]
   [-0.13426882  0.0384766 ]
   [-0.13426882  0.0384766 ]
   [-0.13426882  0.0384766 ]
   [-0.13426882  0.0384766 ]
   [-0.13426882  0.0384766 ]
   [-0.13426882  0.0384766 ]
   [-0.13426882  0.0384766 ]
   [-0.13426882  0.0384766 ]
   [-0.13426882  0.0384766 ]
   [-0.13426882  0.0384766 ]
   [-0.13426882  0.0384766 ]
   [-0.13426882  0.0384766 ]
   [-0.13426882  0.0384766 ]
   [-0.13426882  0.0384766 ]
   [-0.13426882  0.0384766 ]
   [-0.13426882  0.0384766 ]
   [-0.13426882  0.0384766 ]
   [-0.13426882  0.0384766 ]
   [-0.13426882  0.0384766 ]
   [-0.13426882  0.0384766 ]
   [-0.13426882  0.0384766 ]
   [-0.13426882  0.0384766 ]
   [-0.13426882  0.0384766 ]
   [-0.13426882  0.0384766 ]
   [-0.13426882  0.0384766 ]
   [-0.13426882  0.0384766 ]
   [-0.13426882  0.0384766 ]]

  [[-0.13426882  0.0384766 ]
   [-0.13426882  0.0384766 ]
   [-0.13426882  0.0384766 ]
   [-0.13426882  0.0384766 ]
   [-0.13426882  0.0384766 ]
   [-0.13426882  0.0384766 ]
   [-0.13426882  0.0384766 ]
   [-0.13426882  0.0384766 ]
   [-0.13426882  0.0384766 ]
   [-0.13426882  0.0384766 ]
   [-0.13426882  0.0384766 ]
   [-0.13426882  0.0384766 ]
   [-0.13426882  0.0384766 ]
   [-0.13426882  0.0384766 ]
   [-0.13426882  0.0384766 ]
   [-0.13426882  0.0384766 ]
   [-0.13426882  0.0384766 ]
   [-0.13426882  0.0384766 ]
   [-0.13426882  0.0384766 ]
   [-0.13426882  0.0384766 ]
   [-0.13426882  0.0384766 ]
   [-0.13426882  0.0384766 ]
   [-0.13426882  0.0384766 ]
   [-0.13426882  0.0384766 ]
   [-0.13426882  0.0384766 ]
   [-0.13426882  0.0384766 ]
   [-0.13426882  0.0384766 ]
   [-0.13426882  0.0384766 ]]

  [[-0.13426882  0.0384766 ]
   [-0.13426882  0.0384766 ]
   [-0.13426882  0.0384766 ]
   [-0.13426882  0.0384766 ]
   [-0.13426882  0.0384766 ]
   [-0.13426882  0.0384766 ]
   [-0.13426882  0.0384766 ]
   [-0.13426882  0.0384766 ]
   [-0.13426882  0.0384766 ]
   [-0.13426882  0.0384766 ]
   [-0.13426882  0.0384766 ]
   [-0.13426882  0.0384766 ]
   [-0.13426882  0.0384766 ]
   [-0.13426882  0.0384766 ]
   [-0.13426882  0.0384766 ]
   [-0.13426882  0.0384766 ]
   [-0.13426882  0.0384766 ]
   [-0.13426882  0.0384766 ]
   [-0.13426882  0.0384766 ]
   [-0.13426882  0.0384766 ]
   [-0.13426882  0.0384766 ]
   [-0.13426882  0.0384766 ]
   [-0.13426882  0.0384766 ]
   [-0.13426882  0.0384766 ]
   [-0.13426882  0.0384766 ]
   [-0.13426882  0.0384766 ]
   [-0.13426882  0.0384766 ]
   [-0.13426882  0.0384766 ]]

  [[-0.13426882  0.0384766 ]
   [-0.13426882  0.0384766 ]
   [-0.13426882  0.0384766 ]
   [-0.13426882  0.0384766 ]
   [-0.13426882  0.0384766 ]
   [-0.13426882  0.0384766 ]
   [-0.13426882  0.0384766 ]
   [-0.13426882  0.0384766 ]
   [-0.13426882  0.0384766 ]
   [-0.13426882  0.0384766 ]
   [-0.13426882  0.0384766 ]
   [-0.13426882  0.0384766 ]
   [-0.13426882  0.0384766 ]
   [-0.13426882  0.0384766 ]
   [-0.13426882  0.0384766 ]
   [-0.13426882  0.0384766 ]
   [-0.13426882  0.0384766 ]
   [-0.13426882  0.0384766 ]
   [-0.13426882  0.0384766 ]
   [-0.13426882  0.0384766 ]
   [-0.13426882  0.0384766 ]
   [-0.13426882  0.0384766 ]
   [-0.13426882  0.0384766 ]
   [-0.13426882  0.0384766 ]
   [-0.13426882  0.0384766 ]
   [-0.13426882  0.0384766 ]
   [-0.13426882  0.0384766 ]
   [-0.13426882  0.0384766 ]]

  [[-0.13426882  0.0384766 ]
   [-0.13426882  0.0384766 ]
   [-0.13426882  0.0384766 ]
   [-0.13426882  0.0384766 ]
   [-0.13426882  0.0384766 ]
   [-0.13426882  0.0384766 ]
   [-0.10632586  0.0969092 ]
   [-0.07272779  0.16716741]
   [-0.08137681  0.14908114]
   [-0.08403803  0.14351614]
   [-0.11430956  0.08021417]
   [-0.12229327  0.06351914]
   [-0.13426882  0.0384766 ]
   [-0.13426882  0.0384766 ]
   [-0.13426882  0.0384766 ]
   [-0.13426882  0.0384766 ]
   [-0.13426882  0.0384766 ]
   [-0.13426882  0.0384766 ]
   [-0.13426882  0.0384766 ]
   [-0.13426882  0.0384766 ]
   [-0.13426882  0.0384766 ]
   [-0.13426882  0.0384766 ]
   [-0.13426882  0.0384766 ]
   [-0.13426882  0.0384766 ]
   [-0.13426882  0.0384766 ]
   [-0.13426882  0.0384766 ]
   [-0.13426882  0.0384766 ]
   [-0.13426882  0.0384766 ]]

  [[-0.13426882  0.0384766 ]
   [-0.13426882  0.0384766 ]
   [-0.13426882  0.0384766 ]
   [-0.13426882  0.0384766 ]
   [-0.13426882  0.0384766 ]
   [-0.13426882  0.0384766 ]
   [-0.06041958  0.19290559]
   [-0.04977465  0.21516562]
   [-0.04977465  0.21516562]
   [-0.04977465  0.21516562]
   [-0.04977465  0.21516562]
   [-0.05409916  0.20612247]
   [-0.06840328  0.17621057]
   [-0.06840328  0.17621057]
   [-0.06840328  0.17621057]
   [-0.06840328  0.17621057]
   [-0.06840328  0.17621057]
   [-0.06840328  0.17621057]
   [-0.06840328  0.17621057]
   [-0.06840328  0.17621057]
   [-0.0777176   0.15673302]
   [-0.1169708   0.07464916]
   [-0.13426882  0.0384766 ]
   [-0.13426882  0.0384766 ]
   [-0.13426882  0.0384766 ]
   [-0.13426882  0.0384766 ]
   [-0.13426882  0.0384766 ]
   [-0.13426882  0.0384766 ]]

  [[-0.13426882  0.0384766 ]
   [-0.13426882  0.0384766 ]
   [-0.13426882  0.0384766 ]
   [-0.13426882  0.0384766 ]
   [-0.13426882  0.0384766 ]
   [-0.13426882  0.0384766 ]
   [-0.11198099  0.08508354]
   [-0.09634624  0.11777797]
   [-0.11031771  0.08856168]
   [-0.09634624  0.11777797]
   [-0.08004618  0.15186365]
   [-0.05875631  0.19638371]
   [-0.04977465  0.21516562]
   [-0.05942162  0.19499247]
   [-0.04977465  0.21516562]
   [-0.04977465  0.21516562]
   [-0.04977465  0.21516562]
   [-0.05110527  0.2123831 ]
   [-0.05809101  0.19777496]
   [-0.04977465  0.21516562]
   [-0.04977465  0.21516562]
   [-0.08769723  0.13586424]
   [-0.13426882  0.0384766 ]
   [-0.13426882  0.0384766 ]
   [-0.13426882  0.0384766 ]
   [-0.13426882  0.0384766 ]
   [-0.13426882  0.0384766 ]
   [-0.13426882  0.0384766 ]]

  [[-0.13426882  0.0384766 ]
   [-0.13426882  0.0384766 ]
   [-0.13426882  0.0384766 ]
   [-0.13426882  0.0384766 ]
   [-0.13426882  0.0384766 ]
   [-0.13426882  0.0384766 ]
   [-0.13426882  0.0384766 ]
   [-0.13426882  0.0384766 ]
   [-0.13426882  0.0384766 ]
   [-0.13426882  0.0384766 ]
   [-0.13426882  0.0384766 ]
   [-0.1286137   0.05030225]
   [-0.11231364  0.08438793]
   [-0.12961166  0.04821537]
   [-0.11198099  0.08508354]
   [-0.11198099  0.08508354]
   [-0.11198099  0.08508354]
   [-0.11464222  0.07951854]
   [-0.12728308  0.05308475]
   [-0.05576243  0.20264435]
   [-0.04977465  0.21516562]
   [-0.09900747  0.11221297]
   [-0.13426882  0.0384766 ]
   [-0.13426882  0.0384766 ]
   [-0.13426882  0.0384766 ]
   [-0.13426882  0.0384766 ]
   [-0.13426882  0.0384766 ]
   [-0.13426882  0.0384766 ]]

  [[-0.13426882  0.0384766 ]
   [-0.13426882  0.0384766 ]
   [-0.13426882  0.0384766 ]
   [-0.13426882  0.0384766 ]
   [-0.13426882  0.0384766 ]
   [-0.13426882  0.0384766 ]
   [-0.13426882  0.0384766 ]
   [-0.13426882  0.0384766 ]
   [-0.13426882  0.0384766 ]
   [-0.13426882  0.0384766 ]
   [-0.13426882  0.0384766 ]
   [-0.13426882  0.0384766 ]
   [-0.13426882  0.0384766 ]
   [-0.13426882  0.0384766 ]
   [-0.13426882  0.0384766 ]
   [-0.13426882  0.0384766 ]
   [-0.13426882  0.0384766 ]
   [-0.13426882  0.0384766 ]
   [-0.10665852  0.09621356]
   [-0.0501073   0.21446998]
   [-0.06474409  0.18386245]
   [-0.12828104  0.05099788]
   [-0.13426882  0.0384766 ]
   [-0.13426882  0.0384766 ]
   [-0.13426882  0.0384766 ]
   [-0.13426882  0.0384766 ]
   [-0.13426882  0.0384766 ]
   [-0.13426882  0.0384766 ]]

  [[-0.13426882  0.0384766 ]
   [-0.13426882  0.0384766 ]
   [-0.13426882  0.0384766 ]
   [-0.13426882  0.0384766 ]
   [-0.13426882  0.0384766 ]
   [-0.13426882  0.0384766 ]
   [-0.13426882  0.0384766 ]
   [-0.13426882  0.0384766 ]
   [-0.13426882  0.0384766 ]
   [-0.13426882  0.0384766 ]
   [-0.13426882  0.0384766 ]
   [-0.13426882  0.0384766 ]
   [-0.13426882  0.0384766 ]
   [-0.13426882  0.0384766 ]
   [-0.13426882  0.0384766 ]
   [-0.13426882  0.0384766 ]
   [-0.13426882  0.0384766 ]
   [-0.12695043  0.05378038]
   [-0.05676039  0.20055747]
   [-0.049442    0.21586123]
   [-0.10665852  0.09621356]
   [-0.13426882  0.0384766 ]
   [-0.13426882  0.0384766 ]
   [-0.13426882  0.0384766 ]
   [-0.13426882  0.0384766 ]
   [-0.13426882  0.0384766 ]
   [-0.13426882  0.0384766 ]
   [-0.13426882  0.0384766 ]]

  [[-0.13426882  0.0384766 ]
   [-0.13426882  0.0384766 ]
   [-0.13426882  0.0384766 ]
   [-0.13426882  0.0384766 ]
   [-0.13426882  0.0384766 ]
   [-0.13426882  0.0384766 ]
   [-0.13426882  0.0384766 ]
   [-0.13426882  0.0384766 ]
   [-0.13426882  0.0384766 ]
   [-0.13426882  0.0384766 ]
   [-0.13426882  0.0384766 ]
   [-0.13426882  0.0384766 ]
   [-0.13426882  0.0384766 ]
   [-0.13426882  0.0384766 ]
   [-0.13426882  0.0384766 ]
   [-0.13426882  0.0384766 ]
   [-0.13426882  0.0384766 ]
   [-0.09135643  0.12821236]
   [-0.04977465  0.21516562]
   [-0.05509712  0.2040356 ]
   [-0.11963204  0.06908415]
   [-0.13426882  0.0384766 ]
   [-0.13426882  0.0384766 ]
   [-0.13426882  0.0384766 ]
   [-0.13426882  0.0384766 ]
   [-0.13426882  0.0384766 ]
   [-0.13426882  0.0384766 ]
   [-0.13426882  0.0384766 ]]

  [[-0.13426882  0.0384766 ]
   [-0.13426882  0.0384766 ]
   [-0.13426882  0.0384766 ]
   [-0.13426882  0.0384766 ]
   [-0.13426882  0.0384766 ]
   [-0.13426882  0.0384766 ]
   [-0.13426882  0.0384766 ]
   [-0.13426882  0.0384766 ]
   [-0.13426882  0.0384766 ]
   [-0.13426882  0.0384766 ]
   [-0.13426882  0.0384766 ]
   [-0.13426882  0.0384766 ]
   [-0.13426882  0.0384766 ]
   [-0.13426882  0.0384766 ]
   [-0.13426882  0.0384766 ]
   [-0.13426882  0.0384766 ]
   [-0.11464222  0.07951854]
   [-0.05143792  0.21168749]
   [-0.04977465  0.21516562]
   [-0.11364426  0.08160542]
   [-0.13426882  0.0384766 ]
   [-0.13426882  0.0384766 ]
   [-0.13426882  0.0384766 ]
   [-0.13426882  0.0384766 ]
   [-0.13426882  0.0384766 ]
   [-0.13426882  0.0384766 ]
   [-0.13426882  0.0384766 ]
   [-0.13426882  0.0384766 ]]

  [[-0.13426882  0.0384766 ]
   [-0.13426882  0.0384766 ]
   [-0.13426882  0.0384766 ]
   [-0.13426882  0.0384766 ]
   [-0.13426882  0.0384766 ]
   [-0.13426882  0.0384766 ]
   [-0.13426882  0.0384766 ]
   [-0.13426882  0.0384766 ]
   [-0.13426882  0.0384766 ]
   [-0.13426882  0.0384766 ]
   [-0.13426882  0.0384766 ]
   [-0.13426882  0.0384766 ]
   [-0.13426882  0.0384766 ]
   [-0.13426882  0.0384766 ]
   [-0.13426882  0.0384766 ]
   [-0.13426882  0.0384766 ]
   [-0.09002581  0.13099487]
   [-0.04977465  0.21516562]
   [-0.07206248  0.16855867]
   [-0.13260555  0.04195473]
   [-0.13426882  0.0384766 ]
   [-0.13426882  0.0384766 ]
   [-0.13426882  0.0384766 ]
   [-0.13426882  0.0384766 ]
   [-0.13426882  0.0384766 ]
   [-0.13426882  0.0384766 ]
   [-0.13426882  0.0384766 ]
   [-0.13426882  0.0384766 ]]

  [[-0.13426882  0.0384766 ]
   [-0.13426882  0.0384766 ]
   [-0.13426882  0.0384766 ]
   [-0.13426882  0.0384766 ]
   [-0.13426882  0.0384766 ]
   [-0.13426882  0.0384766 ]
   [-0.13426882  0.0384766 ]
   [-0.13426882  0.0384766 ]
   [-0.13426882  0.0384766 ]
   [-0.13426882  0.0384766 ]
   [-0.13426882  0.0384766 ]
   [-0.13426882  0.0384766 ]
   [-0.13426882  0.0384766 ]
   [-0.13426882  0.0384766 ]
   [-0.13426882  0.0384766 ]
   [-0.13127494  0.04473724]
   [-0.06607471  0.18107994]
   [-0.05177058  0.21099186]
   [-0.11497487  0.07882291]
   [-0.13426882  0.0384766 ]
   [-0.13426882  0.0384766 ]
   [-0.13426882  0.0384766 ]
   [-0.13426882  0.0384766 ]
   [-0.13426882  0.0384766 ]
   [-0.13426882  0.0384766 ]
   [-0.13426882  0.0384766 ]
   [-0.13426882  0.0384766 ]
   [-0.13426882  0.0384766 ]]

  [[-0.13426882  0.0384766 ]
   [-0.13426882  0.0384766 ]
   [-0.13426882  0.0384766 ]
   [-0.13426882  0.0384766 ]
   [-0.13426882  0.0384766 ]
   [-0.13426882  0.0384766 ]
   [-0.13426882  0.0384766 ]
   [-0.13426882  0.0384766 ]
   [-0.13426882  0.0384766 ]
   [-0.13426882  0.0384766 ]
   [-0.13426882  0.0384766 ]
   [-0.13426882  0.0384766 ]
   [-0.13426882  0.0384766 ]
   [-0.13426882  0.0384766 ]
   [-0.13426882  0.0384766 ]
   [-0.09235439  0.12612548]
   [-0.04977465  0.21516562]
   [-0.07372576  0.16508053]
   [-0.13426882  0.0384766 ]
   [-0.13426882  0.0384766 ]
   [-0.13426882  0.0384766 ]
   [-0.13426882  0.0384766 ]
   [-0.13426882  0.0384766 ]
   [-0.13426882  0.0384766 ]
   [-0.13426882  0.0384766 ]
   [-0.13426882  0.0384766 ]
   [-0.13426882  0.0384766 ]
   [-0.13426882  0.0384766 ]]

  [[-0.13426882  0.0384766 ]
   [-0.13426882  0.0384766 ]
   [-0.13426882  0.0384766 ]
   [-0.13426882  0.0384766 ]
   [-0.13426882  0.0384766 ]
   [-0.13426882  0.0384766 ]
   [-0.13426882  0.0384766 ]
   [-0.13426882  0.0384766 ]
   [-0.13426882  0.0384766 ]
   [-0.13426882  0.0384766 ]
   [-0.13426882  0.0384766 ]
   [-0.13426882  0.0384766 ]
   [-0.13426882  0.0384766 ]
   [-0.13426882  0.0384766 ]
   [-0.10931975  0.09064856]
   [-0.05077261  0.21307874]
   [-0.05443181  0.20542686]
   [-0.11530753  0.07812729]
   [-0.13426882  0.0384766 ]
   [-0.13426882  0.0384766 ]
   [-0.13426882  0.0384766 ]
   [-0.13426882  0.0384766 ]
   [-0.13426882  0.0384766 ]
   [-0.13426882  0.0384766 ]
   [-0.13426882  0.0384766 ]
   [-0.13426882  0.0384766 ]
   [-0.13426882  0.0384766 ]
   [-0.13426882  0.0384766 ]]

  [[-0.13426882  0.0384766 ]
   [-0.13426882  0.0384766 ]
   [-0.13426882  0.0384766 ]
   [-0.13426882  0.0384766 ]
   [-0.13426882  0.0384766 ]
   [-0.13426882  0.0384766 ]
   [-0.13426882  0.0384766 ]
   [-0.13426882  0.0384766 ]
   [-0.13426882  0.0384766 ]
   [-0.13426882  0.0384766 ]
   [-0.13426882  0.0384766 ]
   [-0.13426882  0.0384766 ]
   [-0.13426882  0.0384766 ]
   [-0.12794839  0.0516935 ]
   [-0.06075224  0.19220996]
   [-0.04977465  0.21516562]
   [-0.07904822  0.15395053]
   [-0.13426882  0.0384766 ]
   [-0.13426882  0.0384766 ]
   [-0.13426882  0.0384766 ]
   [-0.13426882  0.0384766 ]
   [-0.13426882  0.0384766 ]
   [-0.13426882  0.0384766 ]
   [-0.13426882  0.0384766 ]
   [-0.13426882  0.0384766 ]
   [-0.13426882  0.0384766 ]
   [-0.13426882  0.0384766 ]
   [-0.13426882  0.0384766 ]]

  [[-0.13426882  0.0384766 ]
   [-0.13426882  0.0384766 ]
   [-0.13426882  0.0384766 ]
   [-0.13426882  0.0384766 ]
   [-0.13426882  0.0384766 ]
   [-0.13426882  0.0384766 ]
   [-0.13426882  0.0384766 ]
   [-0.13426882  0.0384766 ]
   [-0.13426882  0.0384766 ]
   [-0.13426882  0.0384766 ]
   [-0.13426882  0.0384766 ]
   [-0.13426882  0.0384766 ]
   [-0.13327086  0.04056348]
   [-0.06674001  0.17968869]
   [-0.04977465  0.21516562]
   [-0.06141754  0.19081871]
   [-0.12262592  0.06282352]
   [-0.13426882  0.0384766 ]
   [-0.13426882  0.0384766 ]
   [-0.13426882  0.0384766 ]
   [-0.13426882  0.0384766 ]
   [-0.13426882  0.0384766 ]
   [-0.13426882  0.0384766 ]
   [-0.13426882  0.0384766 ]
   [-0.13426882  0.0384766 ]
   [-0.13426882  0.0384766 ]
   [-0.13426882  0.0384766 ]
   [-0.13426882  0.0384766 ]]

  [[-0.13426882  0.0384766 ]
   [-0.13426882  0.0384766 ]
   [-0.13426882  0.0384766 ]
   [-0.13426882  0.0384766 ]
   [-0.13426882  0.0384766 ]
   [-0.13426882  0.0384766 ]
   [-0.13426882  0.0384766 ]
   [-0.13426882  0.0384766 ]
   [-0.13426882  0.0384766 ]
   [-0.13426882  0.0384766 ]
   [-0.13426882  0.0384766 ]
   [-0.13426882  0.0384766 ]
   [-0.12162796  0.0649104 ]
   [-0.04977465  0.21516562]
   [-0.04977465  0.21516562]
   [-0.10865445  0.09203981]
   [-0.13426882  0.0384766 ]
   [-0.13426882  0.0384766 ]
   [-0.13426882  0.0384766 ]
   [-0.13426882  0.0384766 ]
   [-0.13426882  0.0384766 ]
   [-0.13426882  0.0384766 ]
   [-0.13426882  0.0384766 ]
   [-0.13426882  0.0384766 ]
   [-0.13426882  0.0384766 ]
   [-0.13426882  0.0384766 ]
   [-0.13426882  0.0384766 ]
   [-0.13426882  0.0384766 ]]

  [[-0.13426882  0.0384766 ]
   [-0.13426882  0.0384766 ]
   [-0.13426882  0.0384766 ]
   [-0.13426882  0.0384766 ]
   [-0.13426882  0.0384766 ]
   [-0.13426882  0.0384766 ]
   [-0.13426882  0.0384766 ]
   [-0.13426882  0.0384766 ]
   [-0.13426882  0.0384766 ]
   [-0.13426882  0.0384766 ]
   [-0.13426882  0.0384766 ]
   [-0.12395654  0.06004101]
   [-0.05975427  0.19429684]
   [-0.04977465  0.21516562]
   [-0.09601359  0.1184736 ]
   [-0.13393617  0.03917223]
   [-0.13426882  0.0384766 ]
   [-0.13426882  0.0384766 ]
   [-0.13426882  0.0384766 ]
   [-0.13426882  0.0384766 ]
   [-0.13426882  0.0384766 ]
   [-0.13426882  0.0384766 ]
   [-0.13426882  0.0384766 ]
   [-0.13426882  0.0384766 ]
   [-0.13426882  0.0384766 ]
   [-0.13426882  0.0384766 ]
   [-0.13426882  0.0384766 ]
   [-0.13426882  0.0384766 ]]

  [[-0.13426882  0.0384766 ]
   [-0.13426882  0.0384766 ]
   [-0.13426882  0.0384766 ]
   [-0.13426882  0.0384766 ]
   [-0.13426882  0.0384766 ]
   [-0.13426882  0.0384766 ]
   [-0.13426882  0.0384766 ]
   [-0.13426882  0.0384766 ]
   [-0.13426882  0.0384766 ]
   [-0.13426882  0.0384766 ]
   [-0.13426882  0.0384766 ]
   [-0.09002581  0.13099487]
   [-0.04977465  0.21516562]
   [-0.04977465  0.21516562]
   [-0.1169708   0.07464916]
   [-0.13426882  0.0384766 ]
   [-0.13426882  0.0384766 ]
   [-0.13426882  0.0384766 ]
   [-0.13426882  0.0384766 ]
   [-0.13426882  0.0384766 ]
   [-0.13426882  0.0384766 ]
   [-0.13426882  0.0384766 ]
   [-0.13426882  0.0384766 ]
   [-0.13426882  0.0384766 ]
   [-0.13426882  0.0384766 ]
   [-0.13426882  0.0384766 ]
   [-0.13426882  0.0384766 ]
   [-0.13426882  0.0384766 ]]

  [[-0.13426882  0.0384766 ]
   [-0.13426882  0.0384766 ]
   [-0.13426882  0.0384766 ]
   [-0.13426882  0.0384766 ]
   [-0.13426882  0.0384766 ]
   [-0.13426882  0.0384766 ]
   [-0.13426882  0.0384766 ]
   [-0.13426882  0.0384766 ]
   [-0.13426882  0.0384766 ]
   [-0.13426882  0.0384766 ]
   [-0.11397691  0.08090979]
   [-0.0537665   0.2068181 ]
   [-0.04977465  0.21516562]
   [-0.04977465  0.21516562]
   [-0.1169708   0.07464916]
   [-0.13426882  0.0384766 ]
   [-0.13426882  0.0384766 ]
   [-0.13426882  0.0384766 ]
   [-0.13426882  0.0384766 ]
   [-0.13426882  0.0384766 ]
   [-0.13426882  0.0384766 ]
   [-0.13426882  0.0384766 ]
   [-0.13426882  0.0384766 ]
   [-0.13426882  0.0384766 ]
   [-0.13426882  0.0384766 ]
   [-0.13426882  0.0384766 ]
   [-0.13426882  0.0384766 ]
   [-0.13426882  0.0384766 ]]

  [[-0.13426882  0.0384766 ]
   [-0.13426882  0.0384766 ]
   [-0.13426882  0.0384766 ]
   [-0.13426882  0.0384766 ]
   [-0.13426882  0.0384766 ]
   [-0.13426882  0.0384766 ]
   [-0.13426882  0.0384766 ]
   [-0.13426882  0.0384766 ]
   [-0.13426882  0.0384766 ]
   [-0.13426882  0.0384766 ]
   [-0.09401765  0.12264736]
   [-0.04977465  0.21516562]
   [-0.04977465  0.21516562]
   [-0.06141754  0.19081871]
   [-0.12096265  0.06630164]
   [-0.13426882  0.0384766 ]
   [-0.13426882  0.0384766 ]
   [-0.13426882  0.0384766 ]
   [-0.13426882  0.0384766 ]
   [-0.13426882  0.0384766 ]
   [-0.13426882  0.0384766 ]
   [-0.13426882  0.0384766 ]
   [-0.13426882  0.0384766 ]
   [-0.13426882  0.0384766 ]
   [-0.13426882  0.0384766 ]
   [-0.13426882  0.0384766 ]
   [-0.13426882  0.0384766 ]
   [-0.13426882  0.0384766 ]]

  [[-0.13426882  0.0384766 ]
   [-0.13426882  0.0384766 ]
   [-0.13426882  0.0384766 ]
   [-0.13426882  0.0384766 ]
   [-0.13426882  0.0384766 ]
   [-0.13426882  0.0384766 ]
   [-0.13426882  0.0384766 ]
   [-0.13426882  0.0384766 ]
   [-0.13426882  0.0384766 ]
   [-0.13426882  0.0384766 ]
   [-0.09401765  0.12264736]
   [-0.04977465  0.21516562]
   [-0.0654094   0.1824712 ]
   [-0.12828104  0.05099788]
   [-0.13426882  0.0384766 ]
   [-0.13426882  0.0384766 ]
   [-0.13426882  0.0384766 ]
   [-0.13426882  0.0384766 ]
   [-0.13426882  0.0384766 ]
   [-0.13426882  0.0384766 ]
   [-0.13426882  0.0384766 ]
   [-0.13426882  0.0384766 ]
   [-0.13426882  0.0384766 ]
   [-0.13426882  0.0384766 ]
   [-0.13426882  0.0384766 ]
   [-0.13426882  0.0384766 ]
   [-0.13426882  0.0384766 ]
   [-0.13426882  0.0384766 ]]

  [[-0.13426882  0.0384766 ]
   [-0.13426882  0.0384766 ]
   [-0.13426882  0.0384766 ]
   [-0.13426882  0.0384766 ]
   [-0.13426882  0.0384766 ]
   [-0.13426882  0.0384766 ]
   [-0.13426882  0.0384766 ]
   [-0.13426882  0.0384766 ]
   [-0.13426882  0.0384766 ]
   [-0.13426882  0.0384766 ]
   [-0.13426882  0.0384766 ]
   [-0.13426882  0.0384766 ]
   [-0.13426882  0.0384766 ]
   [-0.13426882  0.0384766 ]
   [-0.13426882  0.0384766 ]
   [-0.13426882  0.0384766 ]
   [-0.13426882  0.0384766 ]
   [-0.13426882  0.0384766 ]
   [-0.13426882  0.0384766 ]
   [-0.13426882  0.0384766 ]
   [-0.13426882  0.0384766 ]
   [-0.13426882  0.0384766 ]
   [-0.13426882  0.0384766 ]
   [-0.13426882  0.0384766 ]
   [-0.13426882  0.0384766 ]
   [-0.13426882  0.0384766 ]
   [-0.13426882  0.0384766 ]
   [-0.13426882  0.0384766 ]]]]