[[[0.         0.        ]
  [0.         0.        ]
  [0.         0.        ]
  [0.         0.        ]
  [0.         0.        ]
  [0.         0.        ]
  [0.         0.        ]
  [0.         0.        ]
  [0.         0.        ]
  [0.         0.        ]
  [0.         0.        ]
  [0.         0.        ]
  [0.         0.        ]
  [0.         0.        ]
  [0.         0.        ]
  [0.         0.        ]
  [0.         0.        ]
  [0.         0.        ]
  [0.         0.        ]
  [0.         0.        ]
  [0.         0.        ]
  [0.         0.        ]
  [0.         0.        ]
  [0.         0.        ]
  [0.         0.        ]
  [0.         0.        ]
  [0.         0.        ]
  [0.         0.        ]]

 [[0.         0.        ]
  [0.         0.        ]
  [0.         0.        ]
  [0.         0.        ]
  [0.         0.        ]
  [0.         0.        ]
  [0.         0.        ]
  [0.         0.        ]
  [0.         0.        ]
  [0.         0.        ]
  [0.         0.        ]
  [0.         0.        ]
  [0.         0.        ]
  [0.         0.        ]
  [0.         0.        ]
  [0.         0.        ]
  [0.         0.        ]
  [0.         0.        ]
  [0.         0.        ]
  [0.         0.        ]
  [0.         0.        ]
  [0.         0.        ]
  [0.         0.        ]
  [0.         0.        ]
  [0.         0.        ]
  [0.         0.        ]
  [0.         0.        ]
  [0.         0.        ]]

 [[0.         0.        ]
  [0.         0.        ]
  [0.         0.        ]
  [0.         0.        ]
  [0.         0.        ]
  [0.         0.        ]
  [0.         0.        ]
  [0.         0.        ]
  [0.         0.        ]
  [0.         0.        ]
  [0.         0.        ]
  [0.         0.        ]
  [0.         0.        ]
  [0.         0.        ]
  [0.         0.        ]
  [0.         0.        ]
  [0.         0.        ]
  [0.         0.        ]
  [0.         0.        ]
  [0.         0.        ]
  [0.         0.        ]
  [0.         0.        ]
  [0.         0.        ]
  [0.         0.        ]
  [0.         0.        ]
  [0.         0.        ]
  [0.         0.        ]
  [0.         0.        ]]

 [[0.         0.        ]
  [0.         0.        ]
  [0.         0.        ]
  [0.         0.        ]
  [0.         0.        ]
  [0.         0.        ]
  [0.         0.        ]
  [0.         0.        ]
  [0.         0.        ]
  [0.         0.        ]
  [0.         0.        ]
  [0.         0.        ]
  [0.         0.        ]
  [0.         0.        ]
  [0.         0.        ]
  [0.         0.        ]
  [0.         0.        ]
  [0.         0.        ]
  [0.         0.        ]
  [0.         0.        ]
  [0.         0.        ]
  [0.         0.        ]
  [0.         0.        ]
  [0.         0.        ]
  [0.         0.        ]
  [0.         0.        ]
  [0.         0.        ]
  [0.         0.        ]]

 [[0.         0.        ]
  [0.         0.        ]
  [0.         0.        ]
  [0.         0.        ]
  [0.         0.        ]
  [0.         0.        ]
  [0.         0.        ]
  [0.         0.        ]
  [0.         0.        ]
  [0.         0.        ]
  [0.         0.        ]
  [0.         0.        ]
  [0.         0.        ]
  [0.         0.        ]
  [0.         0.        ]
  [0.         0.        ]
  [0.         0.        ]
  [0.         0.        ]
  [0.         0.        ]
  [0.         0.        ]
  [0.         0.        ]
  [0.         0.        ]
  [0.         0.        ]
  [0.         0.        ]
  [0.         0.        ]
  [0.         0.        ]
  [0.         0.        ]
  [0.         0.        ]]

 [[0.         0.        ]
  [0.         0.        ]
  [0.         0.        ]
  [0.         0.        ]
  [0.         0.        ]
  [0.         0.        ]
  [0.         0.        ]
  [0.         0.        ]
  [0.         0.        ]
  [0.         0.        ]
  [0.         0.        ]
  [0.         0.        ]
  [0.         0.        ]
  [0.         0.        ]
  [0.         0.        ]
  [0.         0.        ]
  [0.         0.        ]
  [0.         0.        ]
  [0.         0.        ]
  [0.         0.        ]
  [0.         0.        ]
  [0.         0.        ]
  [0.         0.        ]
  [0.         0.        ]
  [0.         0.        ]
  [0.         0.        ]
  [0.         0.        ]
  [0.         0.        ]]

 [[0.         0.        ]
  [0.         0.        ]
  [0.         0.        ]
  [0.         0.        ]
  [0.         0.        ]
  [0.         0.        ]
  [0.         0.        ]
  [0.         0.        ]
  [0.         0.        ]
  [0.         0.        ]
  [0.         0.        ]
  [0.         0.        ]
  [0.         0.        ]
  [0.         0.        ]
  [0.         0.        ]
  [0.         0.        ]
  [0.         0.        ]
  [0.         0.        ]
  [0.         0.        ]
  [0.         0.        ]
  [0.         0.        ]
  [0.         0.        ]
  [0.         0.        ]
  [0.         0.        ]
  [0.         0.        ]
  [0.         0.        ]
  [0.         0.        ]
  [0.         0.        ]]

 [[0.         0.        ]
  [0.         0.        ]
  [0.         0.        ]
  [0.         0.        ]
  [0.         0.        ]
  [0.         0.        ]
  [0.02794295 0.05843259]
  [0.06154103 0.12869081]
  [0.05289202 0.11060454]
  [0.05023079 0.10503953]
  [0.01995925 0.04173756]
  [0.01197555 0.02504254]
  [0.         0.        ]
  [0.         0.        ]
  [0.         0.        ]
  [0.         0.        ]
  [0.         0.        ]
  [0.         0.        ]
  [0.         0.        ]
  [0.         0.        ]
  [0.         0.        ]
  [0.         0.        ]
  [0.         0.        ]
  [0.         0.        ]
  [0.         0.        ]
  [0.         0.        ]
  [0.         0.        ]
  [0.         0.        ]]

 [[0.         0.        ]
  [0.         0.        ]
  [0.         0.        ]
  [0.         0.        ]
  [0.         0.        ]
  [0.         0.        ]
  [0.07384924 0.15442899]
  [0.08449417 0.17668901]
  [0.08449417 0.17668901]
  [0.08449417 0.17668901]
  [0.08449417 0.17668901]
  [0.08016966 0.16764587]
  [0.06586554 0.13773397]
  [0.06586554 0.13773397]
  [0.06586554 0.13773397]
  [0.06586554 0.13773397]
  [0.06586554 0.13773397]
  [0.06586554 0.13773397]
  [0.06586554 0.13773397]
  [0.06586554 0.13773397]
  [0.05655121 0.11825642]
  [0.01729802 0.03617255]
  [0.         0.        ]
  [0.         0.        ]
  [0.         0.        ]
  [0.         0.        ]
  [0.         0.        ]
  [0.         0.        ]]

 [[0.         0.        ]
  [0.         0.        ]
  [0.         0.        ]
  [0.         0.        ]
  [0.         0.        ]
  [0.         0.        ]
  [0.02228783 0.04660694]
  [0.03792258 0.07930137]
  [0.0239511  0.05008508]
  [0.03792258 0.07930137]
  [0.05422264 0.11338704]
  [0.07551251 0.15790711]
  [0.08449417 0.17668901]
  [0.0748472  0.15651587]
  [0.08449417 0.17668901]
  [0.08449417 0.17668901]
  [0.08449417 0.17668901]
  [0.08316355 0.1739065 ]
  [0.07617781 0.15929836]
  [0.08449417 0.17668901]
  [0.08449417 0.17668901]
  [0.04657159 0.09738764]
  [0.         0.        ]
  [0.         0.        ]
  [0.         0.        ]
  [0.         0.        ]
  [0.         0.        ]
  [0.         0.        ]]

 [[0.         0.        ]
  [0.         0.        ]
  [0.         0.        ]
  [0.         0.        ]
  [0.         0.        ]
  [0.         0.        ]
  [0.         0.        ]
  [0.         0.        ]
  [0.         0.        ]
  [0.         0.        ]
  [0.         0.        ]
  [0.00565512 0.01182564]
  [0.02195518 0.04591132]
  [0.00465716 0.00973876]
  [0.02228783 0.04660694]
  [0.02228783 0.04660694]
  [0.02228783 0.04660694]
  [0.0196266  0.04104194]
  [0.00698574 0.01460815]
  [0.0785064  0.16416775]
  [0.08449417 0.17668901]
  [0.03526135 0.07373636]
  [0.         0.        ]
  [0.         0.        ]
  [0.         0.        ]
  [0.         0.        ]
  [0.         0.        ]
  [0.         0.        ]]

 [[0.         0.        ]
  [0.         0.        ]
  [0.         0.        ]
  [0.         0.        ]
  [0.         0.        ]
  [0.         0.        ]
  [0.         0.        ]
  [0.         0.        ]
  [0.         0.        ]
  [0.         0.        ]
  [0.         0.        ]
  [0.         0.        ]
  [0.         0.        ]
  [0.         0.        ]
  [0.         0.        ]
  [0.         0.        ]
  [0.         0.        ]
  [0.         0.        ]
  [0.0276103  0.05773696]
  [0.08416152 0.17599338]
  [0.06952474 0.14538585]
  [0.00598778 0.01252127]
  [0.         0.        ]
  [0.         0.        ]
  [0.         0.        ]
  [0.         0.        ]
  [0.         0.        ]
  [0.         0.        ]]

 [[0.         0.        ]
  [0.         0.        ]
  [0.         0.        ]
  [0.         0.        ]
  [0.         0.        ]
  [0.         0.        ]
  [0.         0.        ]
  [0.         0.        ]
  [0.         0.        ]
  [0.         0.        ]
  [0.         0.        ]
  [0.         0.        ]
  [0.         0.        ]
  [0.         0.        ]
  [0.         0.        ]
  [0.         0.        ]
  [0.         0.        ]
  [0.00731839 0.01530377]
  [0.07750843 0.16208087]
  [0.08482682 0.17738463]
  [0.0276103  0.05773696]
  [0.         0.        ]
  [0.         0.        ]
  [0.         0.        ]
  [0.         0.        ]
  [0.         0.        ]
  [0.         0.        ]
  [0.         0.        ]]

 [[0.         0.        ]
  [0.         0.        ]
  [0.         0.        ]
  [0.         0.        ]
  [0.         0.        ]
  [0.         0.        ]
  [0.         0.        ]
  [0.         0.        ]
  [0.         0.        ]
  [0.         0.        ]
  [0.         0.        ]
  [0.         0.        ]
  [0.         0.        ]
  [0.         0.        ]
  [0.         0.        ]
  [0.         0.        ]
  [0.         0.        ]
  [0.04291239 0.08973576]
  [0.08449417 0.17668901]
  [0.0791717  0.165559  ]
  [0.01463678 0.03060754]
  [0.         0.        ]
  [0.         0.        ]
  [0.         0.        ]
  [0.         0.        ]
  [0.         0.        ]
  [0.         0.        ]
  [0.         0.        ]]

 [[0.         0.        ]
  [0.         0.        ]
  [0.         0.        ]
  [0.         0.        ]
  [0.         0.        ]
  [0.         0.        ]
  [0.         0.        ]
  [0.         0.        ]
  [0.         0.        ]
  [0.         0.        ]
  [0.         0.        ]
  [0.         0.        ]
  [0.         0.        ]
  [0.         0.        ]
  [0.         0.        ]
  [0.         0.        ]
  [0.0196266  0.04104194]
  [0.0828309  0.17321089]
  [0.08449417 0.17668901]
  [0.02062456 0.04312881]
  [0.         0.        ]
  [0.         0.        ]
  [0.         0.        ]
  [0.         0.        ]
  [0.         0.        ]
  [0.         0.        ]
  [0.         0.        ]
  [0.         0.        ]]

 [[0.         0.        ]
  [0.         0.        ]
  [0.         0.        ]
  [0.         0.        ]
  [0.         0.        ]
  [0.         0.        ]
  [0.         0.        ]
  [0.         0.        ]
  [0.         0.        ]
  [0.         0.        ]
  [0.         0.        ]
  [0.         0.        ]
  [0.         0.        ]
  [0.         0.        ]
  [0.         0.        ]
  [0.         0.        ]
  [0.04424301 0.09251826]
  [0.08449417 0.17668901]
  [0.06220634 0.13008207]
  [0.00166327 0.00347813]
  [0.         0.        ]
  [0.         0.        ]
  [0.         0.        ]
  [0.         0.        ]
  [0.         0.        ]
  [0.         0.        ]
  [0.         0.        ]
  [0.         0.        ]]

 [[0.         0.        ]
  [0.         0.        ]
  [0.         0.        ]
  [0.         0.        ]
  [0.         0.        ]
  [0.         0.        ]
  [0.         0.        ]
  [0.         0.        ]
  [0.         0.        ]
  [0.         0.        ]
  [0.         0.        ]
  [0.         0.        ]
  [0.         0.        ]
  [0.         0.        ]
  [0.         0.        ]
  [0.00299389 0.00626063]
  [0.06819411 0.14260334]
  [0.08249824 0.17251526]
  [0.01929395 0.04034631]
  [0.         0.        ]
  [0.         0.        ]
  [0.         0.        ]
  [0.         0.        ]
  [0.         0.        ]
  [0.         0.        ]
  [0.         0.        ]
  [0.         0.        ]
  [0.         0.        ]]

 [[0.         0.        ]
  [0.         0.        ]
  [0.         0.        ]
  [0.         0.        ]
  [0.         0.        ]
  [0.         0.        ]
  [0.         0.        ]
  [0.         0.        ]
  [0.         0.        ]
  [0.         0.        ]
  [0.         0.        ]
  [0.         0.        ]
  [0.         0.        ]
  [0.         0.        ]
  [0.         0.        ]
  [0.04191443 0.08764888]
  [0.08449417 0.17668901]
  [0.06054306 0.12660393]
  [0.         0.        ]
  [0.         0.        ]
  [0.         0.        ]
  [0.         0.        ]
  [0.         0.        ]
  [0.         0.        ]
  [0.         0.        ]
  [0.         0.        ]
  [0.         0.        ]
  [0.         0.        ]]

 [[0.         0.        ]
  [0.         0.        ]
  [0.         0.        ]
  [0.         0.        ]
  [0.         0.        ]
  [0.         0.        ]
  [0.         0.        ]
  [0.         0.        ]
  [0.         0.        ]
  [0.         0.        ]
  [0.         0.        ]
  [0.         0.        ]
  [0.         0.        ]
  [0.         0.        ]
  [0.02494907 0.05217195]
  [0.08349621 0.17460214]
  [0.07983701 0.16695026]
  [0.01896129 0.03965069]
  [0.         0.        ]
  [0.         0.        ]
  [0.         0.        ]
  [0.         0.        ]
  [0.         0.        ]
  [0.         0.        ]
  [0.         0.        ]
  [0.         0.        ]
  [0.         0.        ]
  [0.         0.        ]]

 [[0.         0.        ]
  [0.         0.        ]
  [0.         0.        ]
  [0.         0.        ]
  [0.         0.        ]
  [0.         0.        ]
  [0.         0.        ]
  [0.         0.        ]
  [0.         0.        ]
  [0.         0.        ]
  [0.         0.        ]
  [0.         0.        ]
  [0.         0.        ]
  [0.00632043 0.01321689]
  [0.07351658 0.15373336]
  [0.08449417 0.17668901]
  [0.0552206  0.11547392]
  [0.         0.        ]
  [0.         0.        ]
  [0.         0.        ]
  [0.         0.        ]
  [0.         0.        ]
  [0.         0.        ]
  [0.         0.        ]
  [0.         0.        ]
  [0.         0.        ]
  [0.         0.        ]
  [0.         0.        ]]

 [[0.         0.        ]
  [0.         0.        ]
  [0.         0.        ]
  [0.         0.        ]
  [0.         0.        ]
  [0.         0.        ]
  [0.         0.        ]
  [0.         0.        ]
  [0.         0.        ]
  [0.         0.        ]
  [0.         0.        ]
  [0.         0.        ]
  [0.00099796 0.00208688]
  [0.06752881 0.14121209]
  [0.08449417 0.17668901]
  [0.07285128 0.15234211]
  [0.0116429  0.02434691]
  [0.         0.        ]
  [0.         0.        ]
  [0.         0.        ]
  [0.         0.        ]
  [0.         0.        ]
  [0.         0.        ]
  [0.         0.        ]
  [0.         0.        ]
  [0.         0.        ]
  [0.         0.        ]
  [0.         0.        ]]

 [[0.         0.        ]
  [0.         0.        ]
  [0.         0.        ]
  [0.         0.        ]
  [0.         0.        ]
  [0.         0.        ]
  [0.         0.        ]
  [0.         0.        ]
  [0.         0.        ]
  [0.         0.        ]
  [0.         0.        ]
  [0.         0.        ]
  [0.01264086 0.02643379]
  [0.08449417 0.17668901]
  [0.08449417 0.17668901]
  [0.02561437 0.0535632 ]
  [0.         0.        ]
  [0.         0.        ]
  [0.         0.        ]
  [0.         0.        ]
  [0.         0.        ]
  [0.         0.        ]
  [0.         0.        ]
  [0.         0.        ]
  [0.         0.        ]
  [0.         0.        ]
  [0.         0.        ]
  [0.         0.        ]]

 [[0.         0.        ]
  [0.         0.        ]
  [0.         0.        ]
  [0.         0.        ]
  [0.         0.        ]
  [0.         0.        ]
  [0.         0.        ]
  [0.         0.        ]
  [0.         0.        ]
  [0.         0.        ]
  [0.         0.        ]
  [0.01031228 0.02156441]
  [0.07451455 0.15582024]
  [0.08449417 0.17668901]
  [0.03825523 0.079997  ]
  [0.00033265 0.00069563]
  [0.         0.        ]
  [0.         0.        ]
  [0.         0.        ]
  [0.         0.        ]
  [0.         0.        ]
  [0.         0.        ]
  [0.         0.        ]
  [0.         0.        ]
  [0.         0.        ]
  [0.         0.        ]
  [0.         0.        ]
  [0.         0.        ]]

 [[0.         0.        ]
  [0.         0.        ]
  [0.         0.        ]
  [0.         0.        ]
  [0.         0.        ]
  [0.         0.        ]
  [0.         0.        ]
  [0.         0.        ]
  [0.         0.        ]
  [0.         0.        ]
  [0.         0.        ]
  [0.04424301 0.09251826]
  [0.08449417 0.17668901]
  [0.08449417 0.17668901]
  [0.01729802 0.03617255]
  [0.         0.        ]
  [0.         0.        ]
  [0.         0.        ]
  [0.         0.        ]
  [0.         0.        ]
  [0.         0.        ]
  [0.         0.        ]
  [0.         0.        ]
  [0.         0.        ]
  [0.         0.        ]
  [0.         0.        ]
  [0.         0.        ]
  [0.         0.        ]]

 [[0.         0.        ]
  [0.         0.        ]
  [0.         0.        ]
  [0.         0.        ]
  [0.         0.        ]
  [0.         0.        ]
  [0.         0.        ]
  [0.         0.        ]
  [0.         0.        ]
  [0.         0.        ]
  [0.02029191 0.04243319]
  [0.08050232 0.1683415 ]
  [0.08449417 0.17668901]
  [0.08449417 0.17668901]
  [0.01729802 0.03617255]
  [0.         0.        ]
  [0.         0.        ]
  [0.         0.        ]
  [0.         0.        ]
  [0.         0.        ]
  [0.         0.        ]
  [0.         0.        ]
  [0.         0.        ]
  [0.         0.        ]
  [0.         0.        ]
  [0.         0.        ]
  [0.         0.        ]
  [0.         0.        ]]

 [[0.         0.        ]
  [0.         0.        ]
  [0.         0.        ]
  [0.         0.        ]
  [0.         0.        ]
  [0.         0.        ]
  [0.         0.        ]
  [0.         0.        ]
  [0.         0.        ]
  [0.         0.        ]
  [0.04025116 0.08417075]
  [0.08449417 0.17668901]
  [0.08449417 0.17668901]
  [0.07285128 0.15234211]
  [0.01330617 0.02782504]
  [0.         0.        ]
  [0.         0.        ]
  [0.         0.        ]
  [0.         0.        ]
  [0.         0.        ]
  [0.         0.        ]
  [0.         0.        ]
  [0.         0.        ]
  [0.         0.        ]
  [0.         0.        ]
  [0.         0.        ]
  [0.         0.        ]
  [0.         0.        ]]

 [[0.         0.        ]
  [0.         0.        ]
  [0.         0.        ]
  [0.         0.        ]
  [0.         0.        ]
  [0.         0.        ]
  [0.         0.        ]
  [0.         0.        ]
  [0.         0.        ]
  [0.         0.        ]
  [0.04025116 0.08417075]
  [0.08449417 0.17668901]
  [0.06885942 0.1439946 ]
  [0.00598778 0.01252127]
  [0.         0.        ]
  [0.         0.        ]
  [0.         0.        ]
  [0.         0.        ]
  [0.         0.        ]
  [0.         0.        ]
  [0.         0.        ]
  [0.         0.        ]
  [0.         0.        ]
  [0.         0.        ]
  [0.         0.        ]
  [0.         0.        ]
  [0.         0.        ]
  [0.         0.        ]]

 [[0.         0.        ]
  [0.         0.        ]
  [0.         0.        ]
  [0.         0.        ]
  [0.         0.        ]
  [0.         0.        ]
  [0.         0.        ]
  [0.         0.        ]
  [0.         0.        ]
  [0.         0.        ]
  [0.         0.        ]
  [0.         0.        ]
  [0.         0.        ]
  [0.         0.        ]
  [0.         0.        ]
  [0.         0.        ]
  [0.         0.        ]
  [0.         0.        ]
  [0.         0.        ]
  [0.         0.        ]
  [0.         0.        ]
  [0.         0.        ]
  [0.         0.        ]
  [0.         0.        ]
  [0.         0.        ]
  [0.         0.        ]
  [0.         0.        ]
  [0.         0.        ]]]