[[[[0.00000000e+00 0.00000000e+00 6.62442505e-01 0.00000000e+00
    0.00000000e+00 0.00000000e+00 0.00000000e+00 0.00000000e+00
    4.29660499e-01 3.00100505e-01 0.00000000e+00 0.00000000e+00]
   [0.00000000e+00 0.00000000e+00 1.93063390e+00 2.21790940e-01
    0.00000000e+00 0.00000000e+00 0.00000000e+00 0.00000000e+00
    9.09520686e-01 1.81717563e+00 0.00000000e+00 0.00000000e+00]
   [0.00000000e+00 0.00000000e+00 1.93063390e+00 2.21790940e-01
    0.00000000e+00 0.00000000e+00 0.00000000e+00 0.00000000e+00
    9.09520686e-01 1.81717563e+00 0.00000000e+00 0.00000000e+00]
   [0.00000000e+00 0.00000000e+00 1.93063390e+00 2.21790940e-01
    0.00000000e+00 0.00000000e+00 0.00000000e+00 0.00000000e+00
    9.09520686e-01 1.81717563e+00 0.00000000e+00 0.00000000e+00]
   [0.00000000e+00 0.00000000e+00 1.93063390e+00 2.21790940e-01
    0.00000000e+00 0.00000000e+00 0.00000000e+00 0.00000000e+00
    9.09520686e-01 1.81717563e+00 0.00000000e+00 0.00000000e+00]
   [0.00000000e+00 0.00000000e+00 1.93063390e+00 2.21790940e-01
    0.00000000e+00 0.00000000e+00 0.00000000e+00 0.00000000e+00
    9.09520686e-01 1.81717563e+00 0.00000000e+00 0.00000000e+00]
   [0.00000000e+00 0.00000000e+00 1.93063390e+00 2.21790940e-01
    0.00000000e+00 0.00000000e+00 0.00000000e+00 0.00000000e+00
    9.09520686e-01 1.81717563e+00 0.00000000e+00 0.00000000e+00]
   [0.00000000e+00 0.00000000e+00 1.93063390e+00 2.21790940e-01
    0.00000000e+00 0.00000000e+00 0.00000000e+00 0.00000000e+00
    9.09520686e-01 1.81717563e+00 0.00000000e+00 0.00000000e+00]
   [0.00000000e+00 0.00000000e+00 1.93063390e+00 2.21790940e-01
    0.00000000e+00 0.00000000e+00 0.00000000e+00 0.00000000e+00
    9.09520686e-01 1.81717563e+00 0.00000000e+00 0.00000000e+00]
   [0.00000000e+00 0.00000000e+00 1.93063390e+00 2.21790940e-01
    0.00000000e+00 0.00000000e+00 0.00000000e+00 0.00000000e+00
    9.09520686e-01 1.81717563e+00 0.00000000e+00 0.00000000e+00]
   [0.00000000e+00 0.00000000e+00 1.93063390e+00 2.21790940e-01
    0.00000000e+00 0.00000000e+00 0.00000000e+00 0.00000000e+00
    9.09520686e-01 1.81717563e+00 0.00000000e+00 0.00000000e+00]
   [0.00000000e+00 0.00000000e+00 1.93063390e+00 2.21790940e-01
    0.00000000e+00 0.00000000e+00 0.00000000e+00 0.00000000e+00
    9.09520686e-01 1.81717563e+00 0.00000000e+00 0.00000000e+00]
   [0.00000000e+00 0.00000000e+00 1.93063390e+00 2.21790940e-01
    0.00000000e+00 0.00000000e+00 0.00000000e+00 0.00000000e+00
    9.09520686e-01 1.81717563e+00 0.00000000e+00 0.00000000e+00]
   [0.00000000e+00 0.00000000e+00 2.16841316e+00 1.70449781e+00
    0.00000000e+00 0.00000000e+00 0.00000000e+00 0.00000000e+00
    1.07217455e+00 2.08013344e+00 0.00000000e+00 1.39504528e+00]]

  [[0.00000000e+00 0.00000000e+00 1.05364785e-01 0.00000000e+00
    0.00000000e+00 0.00000000e+00 0.00000000e+00 0.00000000e+00
    2.84823775e-01 0.00000000e+00 0.00000000e+00 0.00000000e+00]
   [0.00000000e+00 0.00000000e+00 2.01607442e+00 0.00000000e+00
    0.00000000e+00 0.00000000e+00 0.00000000e+00 0.00000000e+00
    1.61239111e+00 0.00000000e+00 0.00000000e+00 0.00000000e+00]
   [0.00000000e+00 0.00000000e+00 4.03054523e+00 0.00000000e+00
    0.00000000e+00 0.00000000e+00 0.00000000e+00 1.15611458e+00
    2.98289967e+00 0.00000000e+00 0.00000000e+00 0.00000000e+00]
   [0.00000000e+00 0.00000000e+00 7.28149414e+00 0.00000000e+00
    0.00000000e+00 0.00000000e+00 0.00000000e+00 2.50571609e+00
    4.43060303e+00 0.00000000e+00 0.00000000e+00 0.00000000e+00]
   [0.00000000e+00 0.00000000e+00 9.20353031e+00 2.28963137e-01
    0.00000000e+00 0.00000000e+00 0.00000000e+00 1.27585220e+00
    3.84702706e+00 0.00000000e+00 0.00000000e+00 0.00000000e+00]
   [0.00000000e+00 0.00000000e+00 8.46036625e+00 1.35763669e+00
    0.00000000e+00 0.00000000e+00 0.00000000e+00 0.00000000e+00
    2.32813191e+00 0.00000000e+00 0.00000000e+00 0.00000000e+00]
   [0.00000000e+00 0.00000000e+00 7.36101151e+00 8.70627344e-01
    0.00000000e+00 0.00000000e+00 0.00000000e+00 0.00000000e+00
    2.31368351e+00 0.00000000e+00 0.00000000e+00 0.00000000e+00]
   [0.00000000e+00 0.00000000e+00 6.76387072e+00 4.18903828e-01
    0.00000000e+00 0.00000000e+00 0.00000000e+00 0.00000000e+00
    3.04386902e+00 0.00000000e+00 0.00000000e+00 0.00000000e+00]
   [0.00000000e+00 0.00000000e+00 6.80732822e+00 1.58101511e+00
    0.00000000e+00 0.00000000e+00 0.00000000e+00 0.00000000e+00
    3.31010675e+00 0.00000000e+00 0.00000000e+00 0.00000000e+00]
   [0.00000000e+00 0.00000000e+00 6.04273033e+00 1.96889305e+00
    0.00000000e+00 0.00000000e+00 0.00000000e+00 0.00000000e+00
    2.36831665e+00 0.00000000e+00 0.00000000e+00 0.00000000e+00]
   [0.00000000e+00 0.00000000e+00 4.96515512e+00 2.45054078e+00
    0.00000000e+00 0.00000000e+00 0.00000000e+00 0.00000000e+00
    1.25587571e+00 0.00000000e+00 0.00000000e+00 0.00000000e+00]
   [0.00000000e+00 0.00000000e+00 3.95093107e+00 2.58711505e+00
    0.00000000e+00 0.00000000e+00 0.00000000e+00 0.00000000e+00
    5.28527379e-01 1.25276399e+00 0.00000000e+00 0.00000000e+00]
   [0.00000000e+00 0.00000000e+00 2.83544421e+00 1.52465200e+00
    0.00000000e+00 0.00000000e+00 0.00000000e+00 0.00000000e+00
    7.35698283e-01 2.09879780e+00 0.00000000e+00 0.00000000e+00]
   [0.00000000e+00 0.00000000e+00 2.95405602e+00 3.05909801e+00
    0.00000000e+00 0.00000000e+00 0.00000000e+00 0.00000000e+00
    1.47377360e+00 2.97740126e+00 0.00000000e+00 0.00000000e+00]]

  [[0.00000000e+00 0.00000000e+00 0.00000000e+00 0.00000000e+00
    0.00000000e+00 0.00000000e+00 0.00000000e+00 0.00000000e+00
    2.45386213e-02 0.00000000e+00 0.00000000e+00 0.00000000e+00]
   [0.00000000e+00 0.00000000e+00 1.16785133e+00 0.00000000e+00
    0.00000000e+00 0.00000000e+00 0.00000000e+00 0.00000000e+00
    2.32242656e+00 0.00000000e+00 0.00000000e+00 0.00000000e+00]
   [0.00000000e+00 0.00000000e+00 5.43064070e+00 0.00000000e+00
    0.00000000e+00 0.00000000e+00 0.00000000e+00 1.42409325e+00
    5.55443811e+00 0.00000000e+00 0.00000000e+00 0.00000000e+00]
   [0.00000000e+00 0.00000000e+00 1.16603680e+01 0.00000000e+00
    0.00000000e+00 0.00000000e+00 0.00000000e+00 9.73071861e+00
    6.23381662e+00 0.00000000e+00 0.00000000e+00 0.00000000e+00]
   [0.00000000e+00 0.00000000e+00 1.49882317e+01 0.00000000e+00
    0.00000000e+00 0.00000000e+00 0.00000000e+00 1.34637585e+01
    2.94329238e+00 0.00000000e+00 0.00000000e+00 0.00000000e+00]
   [0.00000000e+00 0.00000000e+00 1.33075142e+01 0.00000000e+00
    0.00000000e+00 0.00000000e+00 0.00000000e+00 1.16328058e+01
    1.78014308e-01 0.00000000e+00 0.00000000e+00 0.00000000e+00]
   [0.00000000e+00 0.00000000e+00 1.21028605e+01 0.00000000e+00
    0.00000000e+00 0.00000000e+00 0.00000000e+00 9.98645973e+00
    8.76873493e-01 0.00000000e+00 0.00000000e+00 0.00000000e+00]
   [0.00000000e+00 0.00000000e+00 1.16316128e+01 0.00000000e+00
    0.00000000e+00 0.00000000e+00 0.00000000e+00 1.03079462e+01
    1.37865424e+00 0.00000000e+00 0.00000000e+00 0.00000000e+00]
   [0.00000000e+00 0.00000000e+00 1.41194839e+01 0.00000000e+00
    0.00000000e+00 0.00000000e+00 0.00000000e+00 9.29202938e+00
    2.42634487e+00 0.00000000e+00 0.00000000e+00 0.00000000e+00]
   [0.00000000e+00 0.00000000e+00 1.29834051e+01 0.00000000e+00
    0.00000000e+00 0.00000000e+00 0.00000000e+00 5.61751509e+00
    5.38573146e-01 0.00000000e+00 0.00000000e+00 0.00000000e+00]
   [0.00000000e+00 0.00000000e+00 9.50400162e+00 1.08559418e+00
    0.00000000e+00 0.00000000e+00 0.00000000e+00 1.94750381e+00
    0.00000000e+00 0.00000000e+00 0.00000000e+00 0.00000000e+00]
   [0.00000000e+00 0.00000000e+00 7.26310968e+00 4.54933929e+00
    0.00000000e+00 1.79514110e+00 0.00000000e+00 0.00000000e+00
    0.00000000e+00 4.11195695e-01 0.00000000e+00 0.00000000e+00]
   [0.00000000e+00 0.00000000e+00 3.52507162e+00 1.78939033e+00
    0.00000000e+00 0.00000000e+00 0.00000000e+00 0.00000000e+00
    6.03281111e-02 2.02707601e+00 0.00000000e+00 0.00000000e+00]
   [0.00000000e+00 0.00000000e+00 2.95405602e+00 3.05909801e+00
    0.00000000e+00 0.00000000e+00 0.00000000e+00 0.00000000e+00
    1.47377360e+00 2.97740126e+00 0.00000000e+00 0.00000000e+00]]

  [[0.00000000e+00 0.00000000e+00 0.00000000e+00 0.00000000e+00
    0.00000000e+00 0.00000000e+00 0.00000000e+00 0.00000000e+00
    7.50267923e-01 0.00000000e+00 0.00000000e+00 0.00000000e+00]
   [0.00000000e+00 0.00000000e+00 0.00000000e+00 0.00000000e+00
    0.00000000e+00 0.00000000e+00 0.00000000e+00 0.00000000e+00
    5.15609312e+00 0.00000000e+00 0.00000000e+00 0.00000000e+00]
   [0.00000000e+00 0.00000000e+00 2.50156492e-01 0.00000000e+00
    0.00000000e+00 0.00000000e+00 0.00000000e+00 1.70269299e+00
    1.21165762e+01 0.00000000e+00 0.00000000e+00 0.00000000e+00]
   [0.00000000e+00 0.00000000e+00 8.15531349e+00 3.00032926e+00
    0.00000000e+00 0.00000000e+00 0.00000000e+00 1.27066698e+01
    1.48115492e+01 0.00000000e+00 0.00000000e+00 0.00000000e+00]
   [0.00000000e+00 0.00000000e+00 1.21948299e+01 6.73817921e+00
    0.00000000e+00 0.00000000e+00 0.00000000e+00 2.13204060e+01
    1.30873260e+01 0.00000000e+00 0.00000000e+00 0.00000000e+00]
   [0.00000000e+00 0.00000000e+00 7.86788416e+00 3.94224238e+00
    0.00000000e+00 0.00000000e+00 0.00000000e+00 2.61911221e+01
    1.14191189e+01 0.00000000e+00 0.00000000e+00 0.00000000e+00]
   [0.00000000e+00 0.00000000e+00 5.65966034e+00 0.00000000e+00
    0.00000000e+00 0.00000000e+00 0.00000000e+00 2.68154812e+01
    9.74587345e+00 0.00000000e+00 0.00000000e+00 0.00000000e+00]
   [0.00000000e+00 0.00000000e+00 4.41760302e+00 0.00000000e+00
    0.00000000e+00 0.00000000e+00 0.00000000e+00 2.99913826e+01
    8.97960472e+00 0.00000000e+00 0.00000000e+00 0.00000000e+00]
   [0.00000000e+00 0.00000000e+00 1.24803925e+01 0.00000000e+00
    0.00000000e+00 0.00000000e+00 0.00000000e+00 2.97917271e+01
    9.81493092e+00 0.00000000e+00 0.00000000e+00 0.00000000e+00]
   [0.00000000e+00 0.00000000e+00 1.47668648e+01 0.00000000e+00
    0.00000000e+00 0.00000000e+00 0.00000000e+00 2.69594154e+01
    4.20818472e+00 0.00000000e+00 0.00000000e+00 0.00000000e+00]
   [0.00000000e+00 0.00000000e+00 1.23343668e+01 3.37381840e+00
    0.00000000e+00 1.28372753e+00 0.00000000e+00 1.58550129e+01
    0.00000000e+00 0.00000000e+00 0.00000000e+00 0.00000000e+00]
   [0.00000000e+00 0.00000000e+00 8.56062031e+00 8.28834820e+00
    0.00000000e+00 2.92246246e+00 0.00000000e+00 0.00000000e+00
    0.00000000e+00 2.28322887e+00 0.00000000e+00 0.00000000e+00]
   [0.00000000e+00 0.00000000e+00 1.95780790e+00 1.16024280e+00
    0.00000000e+00 0.00000000e+00 0.00000000e+00 0.00000000e+00
    0.00000000e+00 2.52161956e+00 0.00000000e+00 0.00000000e+00]
   [0.00000000e+00 0.00000000e+00 2.95405602e+00 3.05909801e+00
    0.00000000e+00 0.00000000e+00 0.00000000e+00 0.00000000e+00
    1.47377360e+00 2.97740126e+00 0.00000000e+00 0.00000000e+00]]

  [[0.00000000e+00 0.00000000e+00 0.00000000e+00 0.00000000e+00
    0.00000000e+00 0.00000000e+00 0.00000000e+00 0.00000000e+00
    1.52664852e+00 0.00000000e+00 0.00000000e+00 0.00000000e+00]
   [0.00000000e+00 0.00000000e+00 0.00000000e+00 0.00000000e+00
    0.00000000e+00 0.00000000e+00 0.00000000e+00 0.00000000e+00
    6.42654848e+00 0.00000000e+00 0.00000000e+00 0.00000000e+00]
   [0.00000000e+00 0.00000000e+00 0.00000000e+00 2.61569715e+00
    0.00000000e+00 0.00000000e+00 0.00000000e+00 0.00000000e+00
    1.39914608e+01 0.00000000e+00 0.00000000e+00 0.00000000e+00]
   [0.00000000e+00 0.00000000e+00 9.18123603e-01 7.93904638e+00
    0.00000000e+00 0.00000000e+00 0.00000000e+00 1.36600828e+01
    1.78196430e+01 0.00000000e+00 0.00000000e+00 0.00000000e+00]
   [0.00000000e+00 0.00000000e+00 0.00000000e+00 4.59861708e+00
    0.00000000e+00 0.00000000e+00 0.00000000e+00 2.47739601e+01
    1.83051109e+01 0.00000000e+00 0.00000000e+00 0.00000000e+00]
   [0.00000000e+00 0.00000000e+00 0.00000000e+00 1.93870378e+00
    0.00000000e+00 0.00000000e+00 0.00000000e+00 2.90105324e+01
    1.72854214e+01 0.00000000e+00 0.00000000e+00 0.00000000e+00]
   [0.00000000e+00 0.00000000e+00 0.00000000e+00 0.00000000e+00
    0.00000000e+00 0.00000000e+00 0.00000000e+00 3.37802620e+01
    1.71190300e+01 0.00000000e+00 0.00000000e+00 0.00000000e+00]
   [0.00000000e+00 0.00000000e+00 0.00000000e+00 0.00000000e+00
    0.00000000e+00 0.00000000e+00 0.00000000e+00 4.10711060e+01
    1.90322037e+01 0.00000000e+00 0.00000000e+00 0.00000000e+00]
   [0.00000000e+00 0.00000000e+00 6.37298012e+00 0.00000000e+00
    0.00000000e+00 0.00000000e+00 0.00000000e+00 4.13383636e+01
    2.05137863e+01 0.00000000e+00 0.00000000e+00 0.00000000e+00]
   [0.00000000e+00 0.00000000e+00 1.76268692e+01 0.00000000e+00
    0.00000000e+00 0.00000000e+00 0.00000000e+00 3.32492714e+01
    1.05928144e+01 0.00000000e+00 0.00000000e+00 0.00000000e+00]
   [0.00000000e+00 0.00000000e+00 2.09396210e+01 1.50942097e+01
    0.00000000e+00 1.33896399e+01 0.00000000e+00 1.26990118e+01
    1.24975681e+00 0.00000000e+00 0.00000000e+00 0.00000000e+00]
   [0.00000000e+00 0.00000000e+00 1.18351345e+01 1.80737534e+01
    0.00000000e+00 9.94441605e+00 0.00000000e+00 0.00000000e+00
    0.00000000e+00 6.56135368e+00 0.00000000e+00 0.00000000e+00]
   [0.00000000e+00 0.00000000e+00 4.58143681e-01 2.26476789e+00
    0.00000000e+00 0.00000000e+00 0.00000000e+00 0.00000000e+00
    6.08941391e-02 3.57214403e+00 0.00000000e+00 0.00000000e+00]
   [0.00000000e+00 0.00000000e+00 2.95405602e+00 3.05909801e+00
    0.00000000e+00 0.00000000e+00 0.00000000e+00 0.00000000e+00
    1.47377360e+00 2.97740126e+00 0.00000000e+00 0.00000000e+00]]

  [[0.00000000e+00 0.00000000e+00 0.00000000e+00 0.00000000e+00
    0.00000000e+00 0.00000000e+00 0.00000000e+00 0.00000000e+00
    1.41779029e+00 0.00000000e+00 0.00000000e+00 0.00000000e+00]
   [0.00000000e+00 0.00000000e+00 0.00000000e+00 2.95996964e-01
    0.00000000e+00 0.00000000e+00 0.00000000e+00 0.00000000e+00
    4.84039259e+00 1.30229068e+00 0.00000000e+00 0.00000000e+00]
   [0.00000000e+00 0.00000000e+00 0.00000000e+00 6.64983797e+00
    0.00000000e+00 0.00000000e+00 0.00000000e+00 0.00000000e+00
    1.15651245e+01 4.83092546e+00 0.00000000e+00 0.00000000e+00]
   [0.00000000e+00 0.00000000e+00 0.00000000e+00 1.35913258e+01
    0.00000000e+00 0.00000000e+00 0.00000000e+00 5.82740784e+00
    1.86346569e+01 5.91682625e+00 0.00000000e+00 0.00000000e+00]
   [0.00000000e+00 0.00000000e+00 0.00000000e+00 1.42487803e+01
    0.00000000e+00 0.00000000e+00 0.00000000e+00 1.46785460e+01
    2.28133736e+01 9.99113381e-01 0.00000000e+00 0.00000000e+00]
   [0.00000000e+00 0.00000000e+00 0.00000000e+00 1.23606491e+01
    0.00000000e+00 0.00000000e+00 0.00000000e+00 2.00261021e+01
    2.35441399e+01 0.00000000e+00 0.00000000e+00 0.00000000e+00]
   [0.00000000e+00 0.00000000e+00 0.00000000e+00 4.83565599e-01
    0.00000000e+00 0.00000000e+00 0.00000000e+00 2.69728317e+01
    2.41159000e+01 0.00000000e+00 0.00000000e+00 0.00000000e+00]
   [0.00000000e+00 0.00000000e+00 0.00000000e+00 0.00000000e+00
    0.00000000e+00 0.00000000e+00 0.00000000e+00 3.17983074e+01
    2.91799335e+01 0.00000000e+00 0.00000000e+00 0.00000000e+00]
   [0.00000000e+00 0.00000000e+00 1.04182634e+01 9.32391286e-01
    0.00000000e+00 0.00000000e+00 0.00000000e+00 3.29082146e+01
    3.23534431e+01 0.00000000e+00 0.00000000e+00 0.00000000e+00]
   [0.00000000e+00 0.00000000e+00 2.62919140e+01 1.68492985e+01
    0.00000000e+00 0.00000000e+00 0.00000000e+00 2.41108093e+01
    1.96251411e+01 0.00000000e+00 0.00000000e+00 0.00000000e+00]
   [0.00000000e+00 0.00000000e+00 2.92772827e+01 3.10314255e+01
    0.00000000e+00 2.38723412e+01 0.00000000e+00 0.00000000e+00
    5.31513548e+00 0.00000000e+00 0.00000000e+00 0.00000000e+00]
   [0.00000000e+00 0.00000000e+00 1.36530571e+01 2.42911282e+01
    0.00000000e+00 1.45652580e+01 0.00000000e+00 0.00000000e+00
    1.18481946e+00 1.00344324e+01 0.00000000e+00 0.00000000e+00]
   [0.00000000e+00 0.00000000e+00 1.22968364e+00 1.79130960e+00
    0.00000000e+00 0.00000000e+00 0.00000000e+00 0.00000000e+00
    0.00000000e+00 2.95195246e+00 0.00000000e+00 0.00000000e+00]
   [0.00000000e+00 0.00000000e+00 2.95405602e+00 3.05909801e+00
    0.00000000e+00 0.00000000e+00 0.00000000e+00 0.00000000e+00
    1.47377360e+00 2.97740126e+00 0.00000000e+00 0.00000000e+00]]

  [[0.00000000e+00 0.00000000e+00 0.00000000e+00 0.00000000e+00
    0.00000000e+00 0.00000000e+00 0.00000000e+00 0.00000000e+00
    8.94660532e-01 0.00000000e+00 0.00000000e+00 0.00000000e+00]
   [0.00000000e+00 0.00000000e+00 5.16834438e-01 1.65997243e+00
    0.00000000e+00 0.00000000e+00 0.00000000e+00 0.00000000e+00
    2.93370342e+00 1.55829382e+00 0.00000000e+00 0.00000000e+00]
   [0.00000000e+00 0.00000000e+00 0.00000000e+00 4.65693426e+00
    0.00000000e+00 0.00000000e+00 0.00000000e+00 0.00000000e+00
    6.24664593e+00 2.04726386e+00 0.00000000e+00 0.00000000e+00]
   [0.00000000e+00 0.00000000e+00 0.00000000e+00 7.60702181e+00
    0.00000000e+00 0.00000000e+00 0.00000000e+00 1.97649622e+00
    1.03559113e+01 4.72240150e-01 0.00000000e+00 0.00000000e+00]
   [0.00000000e+00 0.00000000e+00 0.00000000e+00 8.91346741e+00
    0.00000000e+00 0.00000000e+00 0.00000000e+00 5.86042976e+00
    1.38793240e+01 0.00000000e+00 0.00000000e+00 0.00000000e+00]
   [0.00000000e+00 0.00000000e+00 0.00000000e+00 5.32194614e+00
    0.00000000e+00 0.00000000e+00 0.00000000e+00 9.98054981e+00
    1.67092514e+01 0.00000000e+00 0.00000000e+00 0.00000000e+00]
   [0.00000000e+00 0.00000000e+00 0.00000000e+00 0.00000000e+00
    0.00000000e+00 0.00000000e+00 0.00000000e+00 1.35635529e+01
    2.41388054e+01 0.00000000e+00 0.00000000e+00 0.00000000e+00]
   [0.00000000e+00 0.00000000e+00 1.99770734e-01 5.99048519e+00
    0.00000000e+00 0.00000000e+00 0.00000000e+00 1.28705950e+01
    3.64967690e+01 0.00000000e+00 0.00000000e+00 0.00000000e+00]
   [0.00000000e+00 0.00000000e+00 2.16203117e+01 2.87822742e+01
    0.00000000e+00 0.00000000e+00 0.00000000e+00 1.57608786e+01
    3.90812492e+01 0.00000000e+00 0.00000000e+00 0.00000000e+00]
   [0.00000000e+00 0.00000000e+00 3.70085793e+01 5.19378242e+01
    0.00000000e+00 1.29284010e+01 0.00000000e+00 5.03264523e+00
    2.66092606e+01 1.01460924e+01 0.00000000e+00 0.00000000e+00]
   [0.00000000e+00 0.00000000e+00 3.12427979e+01 5.38589401e+01
    0.00000000e+00 3.10963955e+01 0.00000000e+00 0.00000000e+00
    1.48450193e+01 1.37082882e+01 0.00000000e+00 0.00000000e+00]
   [0.00000000e+00 0.00000000e+00 1.22357454e+01 3.03226585e+01
    0.00000000e+00 1.36479120e+01 0.00000000e+00 0.00000000e+00
    7.01681614e+00 1.54346809e+01 0.00000000e+00 0.00000000e+00]
   [0.00000000e+00 0.00000000e+00 2.65220857e+00 4.67081738e+00
    0.00000000e+00 0.00000000e+00 0.00000000e+00 0.00000000e+00
    1.52338064e+00 3.81903362e+00 0.00000000e+00 0.00000000e+00]
   [0.00000000e+00 0.00000000e+00 2.95405602e+00 3.05909801e+00
    0.00000000e+00 0.00000000e+00 0.00000000e+00 0.00000000e+00
    1.47377360e+00 2.97740126e+00 0.00000000e+00 0.00000000e+00]]

  [[0.00000000e+00 0.00000000e+00 5.96155167e-01 0.00000000e+00
    0.00000000e+00 0.00000000e+00 0.00000000e+00 0.00000000e+00
    4.35912848e-01 0.00000000e+00 0.00000000e+00 0.00000000e+00]
   [0.00000000e+00 0.00000000e+00 2.47819328e+00 1.26701999e+00
    0.00000000e+00 0.00000000e+00 0.00000000e+00 0.00000000e+00
    1.16417778e+00 2.25685048e+00 0.00000000e+00 0.00000000e+00]
   [0.00000000e+00 0.00000000e+00 2.47819328e+00 1.26701999e+00
    0.00000000e+00 0.00000000e+00 0.00000000e+00 0.00000000e+00
    1.16417778e+00 2.25685048e+00 0.00000000e+00 0.00000000e+00]
   [0.00000000e+00 0.00000000e+00 2.28394055e+00 1.27830863e+00
    0.00000000e+00 0.00000000e+00 0.00000000e+00 0.00000000e+00
    1.36016023e+00 2.19265461e+00 0.00000000e+00 0.00000000e+00]
   [0.00000000e+00 0.00000000e+00 1.16127527e+00 0.00000000e+00
    0.00000000e+00 0.00000000e+00 0.00000000e+00 0.00000000e+00
    1.35466778e+00 0.00000000e+00 0.00000000e+00 0.00000000e+00]
   [0.00000000e+00 0.00000000e+00 0.00000000e+00 0.00000000e+00
    0.00000000e+00 0.00000000e+00 0.00000000e+00 1.46245456e+00
    4.44338369e+00 0.00000000e+00 0.00000000e+00 0.00000000e+00]
   [0.00000000e+00 0.00000000e+00 7.65716791e-01 0.00000000e+00
    0.00000000e+00 0.00000000e+00 0.00000000e+00 0.00000000e+00
    1.47208929e+01 0.00000000e+00 0.00000000e+00 0.00000000e+00]
   [0.00000000e+00 0.00000000e+00 1.67963390e+01 6.14588928e+00
    0.00000000e+00 0.00000000e+00 0.00000000e+00 0.00000000e+00
    2.71746178e+01 0.00000000e+00 0.00000000e+00 0.00000000e+00]
   [0.00000000e+00 0.00000000e+00 3.55851097e+01 3.76065674e+01
    0.00000000e+00 0.00000000e+00 0.00000000e+00 0.00000000e+00
    2.60817909e+01 1.18826561e+01 0.00000000e+00 0.00000000e+00]
   [0.00000000e+00 0.00000000e+00 3.81806641e+01 5.35198135e+01
    0.00000000e+00 2.94463863e+01 0.00000000e+00 0.00000000e+00
    1.70868835e+01 1.48494530e+01 0.00000000e+00 0.00000000e+00]
   [0.00000000e+00 0.00000000e+00 2.05312309e+01 4.24085999e+01
    0.00000000e+00 2.15313663e+01 0.00000000e+00 0.00000000e+00
    1.10273638e+01 1.58491325e+01 0.00000000e+00 0.00000000e+00]
   [0.00000000e+00 0.00000000e+00 5.00087833e+00 1.54472008e+01
    0.00000000e+00 4.06635952e+00 0.00000000e+00 0.00000000e+00
    4.53595018e+00 8.04947853e+00 0.00000000e+00 0.00000000e+00]
   [0.00000000e+00 0.00000000e+00 2.02110219e+00 2.23715830e+00
    0.00000000e+00 0.00000000e+00 0.00000000e+00 0.00000000e+00
    1.41381133e+00 2.20033383e+00 0.00000000e+00 0.00000000e+00]
   [0.00000000e+00 0.00000000e+00 2.95405602e+00 3.05909801e+00
    0.00000000e+00 0.00000000e+00 0.00000000e+00 0.00000000e+00
    1.47377360e+00 2.97740126e+00 0.00000000e+00 0.00000000e+00]]

  [[0.00000000e+00 0.00000000e+00 5.96155167e-01 0.00000000e+00
    0.00000000e+00 0.00000000e+00 0.00000000e+00 0.00000000e+00
    4.35912848e-01 0.00000000e+00 0.00000000e+00 0.00000000e+00]
   [0.00000000e+00 0.00000000e+00 2.47819328e+00 1.26701999e+00
    0.00000000e+00 0.00000000e+00 0.00000000e+00 0.00000000e+00
    1.16417778e+00 2.25685048e+00 0.00000000e+00 0.00000000e+00]
   [0.00000000e+00 0.00000000e+00 2.47819328e+00 1.26701999e+00
    0.00000000e+00 0.00000000e+00 0.00000000e+00 0.00000000e+00
    1.16417778e+00 2.25685048e+00 0.00000000e+00 0.00000000e+00]
   [0.00000000e+00 0.00000000e+00 1.99403930e+00 0.00000000e+00
    0.00000000e+00 0.00000000e+00 0.00000000e+00 0.00000000e+00
    1.06956518e+00 0.00000000e+00 0.00000000e+00 0.00000000e+00]
   [0.00000000e+00 0.00000000e+00 0.00000000e+00 0.00000000e+00
    0.00000000e+00 0.00000000e+00 0.00000000e+00 3.51600111e-01
    1.70736957e+00 0.00000000e+00 0.00000000e+00 0.00000000e+00]
   [0.00000000e+00 0.00000000e+00 0.00000000e+00 0.00000000e+00
    0.00000000e+00 0.00000000e+00 0.00000000e+00 4.85284746e-01
    8.23174667e+00 0.00000000e+00 0.00000000e+00 0.00000000e+00]
   [0.00000000e+00 0.00000000e+00 1.01250753e+01 0.00000000e+00
    0.00000000e+00 0.00000000e+00 0.00000000e+00 0.00000000e+00
    2.11865807e+01 0.00000000e+00 0.00000000e+00 0.00000000e+00]
   [0.00000000e+00 0.00000000e+00 2.83804855e+01 2.44647179e+01
    0.00000000e+00 0.00000000e+00 0.00000000e+00 0.00000000e+00
    2.60615997e+01 1.73639321e+00 0.00000000e+00 0.00000000e+00]
   [0.00000000e+00 0.00000000e+00 3.92580109e+01 4.78026085e+01
    0.00000000e+00 1.67205105e+01 0.00000000e+00 0.00000000e+00
    1.94595394e+01 1.62486172e+01 0.00000000e+00 0.00000000e+00]
   [0.00000000e+00 0.00000000e+00 2.73185749e+01 4.71017609e+01
    0.00000000e+00 2.52763729e+01 0.00000000e+00 0.00000000e+00
    1.33453617e+01 1.33458757e+01 0.00000000e+00 0.00000000e+00]
   [0.00000000e+00 0.00000000e+00 1.05581474e+01 2.81701126e+01
    0.00000000e+00 1.17442837e+01 0.00000000e+00 0.00000000e+00
    7.92843199e+00 1.29058208e+01 0.00000000e+00 0.00000000e+00]
   [0.00000000e+00 0.00000000e+00 2.23438501e+00 5.93479919e+00
    0.00000000e+00 0.00000000e+00 0.00000000e+00 0.00000000e+00
    2.37366486e+00 3.58960342e+00 0.00000000e+00 0.00000000e+00]
   [0.00000000e+00 0.00000000e+00 2.43010116e+00 1.51817369e+00
    0.00000000e+00 0.00000000e+00 0.00000000e+00 0.00000000e+00
    1.24697673e+00 2.28165841e+00 0.00000000e+00 0.00000000e+00]
   [0.00000000e+00 0.00000000e+00 2.95405602e+00 3.05909801e+00
    0.00000000e+00 0.00000000e+00 0.00000000e+00 0.00000000e+00
    1.47377360e+00 2.97740126e+00 0.00000000e+00 0.00000000e+00]]

  [[0.00000000e+00 0.00000000e+00 5.96155167e-01 0.00000000e+00
    0.00000000e+00 0.00000000e+00 0.00000000e+00 0.00000000e+00
    4.35912848e-01 0.00000000e+00 0.00000000e+00 0.00000000e+00]
   [0.00000000e+00 0.00000000e+00 2.47819328e+00 1.26701999e+00
    0.00000000e+00 0.00000000e+00 0.00000000e+00 0.00000000e+00
    1.16417778e+00 2.25685048e+00 0.00000000e+00 0.00000000e+00]
   [0.00000000e+00 0.00000000e+00 2.36401772e+00 9.32324111e-01
    0.00000000e+00 0.00000000e+00 0.00000000e+00 0.00000000e+00
    1.14938009e+00 1.59072685e+00 0.00000000e+00 0.00000000e+00]
   [0.00000000e+00 0.00000000e+00 6.07403338e-01 0.00000000e+00
    0.00000000e+00 0.00000000e+00 0.00000000e+00 0.00000000e+00
    8.23112011e-01 0.00000000e+00 0.00000000e+00 0.00000000e+00]
   [0.00000000e+00 0.00000000e+00 0.00000000e+00 0.00000000e+00
    0.00000000e+00 0.00000000e+00 0.00000000e+00 1.66765714e+00
    4.76168633e+00 0.00000000e+00 0.00000000e+00 0.00000000e+00]
   [0.00000000e+00 0.00000000e+00 5.03473425e+00 0.00000000e+00
    0.00000000e+00 0.00000000e+00 0.00000000e+00 0.00000000e+00
    1.65646725e+01 0.00000000e+00 0.00000000e+00 0.00000000e+00]
   [0.00000000e+00 0.00000000e+00 2.27270355e+01 1.06914854e+01
    0.00000000e+00 0.00000000e+00 0.00000000e+00 0.00000000e+00
    2.67258053e+01 0.00000000e+00 0.00000000e+00 0.00000000e+00]
   [0.00000000e+00 0.00000000e+00 3.76568680e+01 4.03179703e+01
    0.00000000e+00 0.00000000e+00 0.00000000e+00 0.00000000e+00
    2.34779530e+01 1.25154800e+01 0.00000000e+00 0.00000000e+00]
   [0.00000000e+00 0.00000000e+00 3.45483665e+01 4.93428764e+01
    0.00000000e+00 2.87078400e+01 0.00000000e+00 0.00000000e+00
    1.53911266e+01 1.29098186e+01 0.00000000e+00 0.00000000e+00]
   [0.00000000e+00 0.00000000e+00 1.62751560e+01 3.66926003e+01
    0.00000000e+00 1.78675976e+01 0.00000000e+00 0.00000000e+00
    9.79247475e+00 1.34945993e+01 0.00000000e+00 0.00000000e+00]
   [0.00000000e+00 0.00000000e+00 4.24699354e+00 1.32459526e+01
    0.00000000e+00 2.91763592e+00 0.00000000e+00 0.00000000e+00
    3.93147945e+00 7.10609245e+00 0.00000000e+00 0.00000000e+00]
   [0.00000000e+00 0.00000000e+00 2.00822616e+00 1.85589290e+00
    0.00000000e+00 0.00000000e+00 0.00000000e+00 0.00000000e+00
    1.35337806e+00 2.01023984e+00 0.00000000e+00 0.00000000e+00]
   [0.00000000e+00 0.00000000e+00 2.47819328e+00 1.26701999e+00
    0.00000000e+00 0.00000000e+00 0.00000000e+00 0.00000000e+00
    1.16417778e+00 2.25685048e+00 0.00000000e+00 0.00000000e+00]
   [0.00000000e+00 0.00000000e+00 2.95405602e+00 3.05909801e+00
    0.00000000e+00 0.00000000e+00 0.00000000e+00 0.00000000e+00
    1.47377360e+00 2.97740126e+00 0.00000000e+00 0.00000000e+00]]

  [[0.00000000e+00 0.00000000e+00 5.96155167e-01 0.00000000e+00
    0.00000000e+00 0.00000000e+00 0.00000000e+00 0.00000000e+00
    4.35912848e-01 0.00000000e+00 0.00000000e+00 0.00000000e+00]
   [0.00000000e+00 0.00000000e+00 2.47819328e+00 1.26701999e+00
    0.00000000e+00 0.00000000e+00 0.00000000e+00 0.00000000e+00
    1.16417778e+00 2.25685048e+00 0.00000000e+00 0.00000000e+00]
   [0.00000000e+00 0.00000000e+00 1.94912493e+00 0.00000000e+00
    0.00000000e+00 0.00000000e+00 0.00000000e+00 0.00000000e+00
    9.30024922e-01 0.00000000e+00 0.00000000e+00 0.00000000e+00]
   [0.00000000e+00 0.00000000e+00 0.00000000e+00 0.00000000e+00
    0.00000000e+00 0.00000000e+00 0.00000000e+00 1.09530783e+00
    2.28668404e+00 0.00000000e+00 0.00000000e+00 0.00000000e+00]
   [0.00000000e+00 0.00000000e+00 0.00000000e+00 0.00000000e+00
    0.00000000e+00 0.00000000e+00 0.00000000e+00 0.00000000e+00
    1.15013170e+01 0.00000000e+00 0.00000000e+00 0.00000000e+00]
   [0.00000000e+00 0.00000000e+00 1.60201817e+01 0.00000000e+00
    0.00000000e+00 0.00000000e+00 0.00000000e+00 0.00000000e+00
    2.55391350e+01 0.00000000e+00 0.00000000e+00 0.00000000e+00]
   [0.00000000e+00 0.00000000e+00 3.61867905e+01 3.02786674e+01
    0.00000000e+00 0.00000000e+00 0.00000000e+00 0.00000000e+00
    2.71338463e+01 4.41894770e+00 0.00000000e+00 0.00000000e+00]
   [0.00000000e+00 0.00000000e+00 4.16927071e+01 5.04147835e+01
    0.00000000e+00 2.28495903e+01 0.00000000e+00 0.00000000e+00
    1.84628868e+01 1.34473724e+01 0.00000000e+00 0.00000000e+00]
   [0.00000000e+00 0.00000000e+00 2.41117611e+01 4.29063950e+01
    0.00000000e+00 2.27695274e+01 0.00000000e+00 0.00000000e+00
    1.16122561e+01 1.22494202e+01 0.00000000e+00 0.00000000e+00]
   [0.00000000e+00 0.00000000e+00 7.97096109e+00 2.24755840e+01
    0.00000000e+00 8.64972782e+00 0.00000000e+00 0.00000000e+00
    6.38355017e+00 1.01104307e+01 0.00000000e+00 0.00000000e+00]
   [0.00000000e+00 0.00000000e+00 2.11903334e+00 4.88518429e+00
    0.00000000e+00 0.00000000e+00 0.00000000e+00 0.00000000e+00
    2.08536172e+00 3.20332646e+00 0.00000000e+00 0.00000000e+00]
   [0.00000000e+00 0.00000000e+00 2.47849703e+00 1.47623658e+00
    0.00000000e+00 0.00000000e+00 0.00000000e+00 0.00000000e+00
    1.24732459e+00 2.29599500e+00 0.00000000e+00 0.00000000e+00]
   [0.00000000e+00 0.00000000e+00 2.47819328e+00 1.26701999e+00
    0.00000000e+00 0.00000000e+00 0.00000000e+00 0.00000000e+00
    1.16417778e+00 2.25685048e+00 0.00000000e+00 0.00000000e+00]
   [0.00000000e+00 0.00000000e+00 2.95405602e+00 3.05909801e+00
    0.00000000e+00 0.00000000e+00 0.00000000e+00 0.00000000e+00
    1.47377360e+00 2.97740126e+00 0.00000000e+00 0.00000000e+00]]

  [[0.00000000e+00 0.00000000e+00 5.96155167e-01 0.00000000e+00
    0.00000000e+00 0.00000000e+00 0.00000000e+00 0.00000000e+00
    4.35912848e-01 0.00000000e+00 0.00000000e+00 0.00000000e+00]
   [0.00000000e+00 0.00000000e+00 2.47819328e+00 1.26701999e+00
    0.00000000e+00 0.00000000e+00 0.00000000e+00 0.00000000e+00
    1.16417778e+00 2.25685048e+00 0.00000000e+00 0.00000000e+00]
   [0.00000000e+00 0.00000000e+00 1.16561580e+00 0.00000000e+00
    0.00000000e+00 0.00000000e+00 0.00000000e+00 0.00000000e+00
    9.89539623e-01 3.84775758e-01 0.00000000e+00 0.00000000e+00]
   [0.00000000e+00 0.00000000e+00 0.00000000e+00 0.00000000e+00
    0.00000000e+00 0.00000000e+00 0.00000000e+00 0.00000000e+00
    5.30127192e+00 0.00000000e+00 0.00000000e+00 0.00000000e+00]
   [0.00000000e+00 0.00000000e+00 0.00000000e+00 0.00000000e+00
    0.00000000e+00 0.00000000e+00 0.00000000e+00 0.00000000e+00
    1.80728207e+01 0.00000000e+00 0.00000000e+00 0.00000000e+00]
   [0.00000000e+00 0.00000000e+00 2.33457775e+01 1.63866158e+01
    0.00000000e+00 0.00000000e+00 0.00000000e+00 0.00000000e+00
    2.91270885e+01 0.00000000e+00 0.00000000e+00 0.00000000e+00]
   [0.00000000e+00 0.00000000e+00 4.38874321e+01 4.71876526e+01
    0.00000000e+00 4.07896662e+00 0.00000000e+00 0.00000000e+00
    2.40717125e+01 1.94095325e+01 0.00000000e+00 0.00000000e+00]
   [0.00000000e+00 0.00000000e+00 3.61239395e+01 5.42825966e+01
    0.00000000e+00 3.08541603e+01 0.00000000e+00 0.00000000e+00
    1.59764376e+01 1.44567785e+01 0.00000000e+00 0.00000000e+00]
   [0.00000000e+00 0.00000000e+00 1.63013268e+01 3.67822685e+01
    0.00000000e+00 1.74479904e+01 0.00000000e+00 0.00000000e+00
    9.69584560e+00 1.58144455e+01 0.00000000e+00 0.00000000e+00]
   [0.00000000e+00 0.00000000e+00 3.59425497e+00 1.11126413e+01
    0.00000000e+00 1.55153990e-01 0.00000000e+00 0.00000000e+00
    3.95730090e+00 5.79001379e+00 0.00000000e+00 0.00000000e+00]
   [0.00000000e+00 0.00000000e+00 2.04369116e+00 1.76502895e+00
    0.00000000e+00 0.00000000e+00 0.00000000e+00 0.00000000e+00
    1.32868218e+00 2.00353146e+00 0.00000000e+00 0.00000000e+00]
   [0.00000000e+00 0.00000000e+00 2.47819328e+00 1.26701999e+00
    0.00000000e+00 0.00000000e+00 0.00000000e+00 0.00000000e+00
    1.16417778e+00 2.25685048e+00 0.00000000e+00 0.00000000e+00]
   [0.00000000e+00 0.00000000e+00 2.47819328e+00 1.26701999e+00
    0.00000000e+00 0.00000000e+00 0.00000000e+00 0.00000000e+00
    1.16417778e+00 2.25685048e+00 0.00000000e+00 0.00000000e+00]
   [0.00000000e+00 0.00000000e+00 2.95405602e+00 3.05909801e+00
    0.00000000e+00 0.00000000e+00 0.00000000e+00 0.00000000e+00
    1.47377360e+00 2.97740126e+00 0.00000000e+00 0.00000000e+00]]

  [[0.00000000e+00 0.00000000e+00 5.96155167e-01 0.00000000e+00
    0.00000000e+00 0.00000000e+00 0.00000000e+00 0.00000000e+00
    4.35912848e-01 0.00000000e+00 0.00000000e+00 0.00000000e+00]
   [0.00000000e+00 0.00000000e+00 2.47819328e+00 1.26701999e+00
    0.00000000e+00 0.00000000e+00 0.00000000e+00 0.00000000e+00
    1.16417778e+00 2.25685048e+00 0.00000000e+00 0.00000000e+00]
   [0.00000000e+00 0.00000000e+00 3.77573580e-01 0.00000000e+00
    0.00000000e+00 0.00000000e+00 0.00000000e+00 0.00000000e+00
    1.68159449e+00 4.39543575e-01 0.00000000e+00 0.00000000e+00]
   [0.00000000e+00 0.00000000e+00 0.00000000e+00 0.00000000e+00
    0.00000000e+00 0.00000000e+00 0.00000000e+00 0.00000000e+00
    8.29144764e+00 0.00000000e+00 0.00000000e+00 0.00000000e+00]
   [0.00000000e+00 0.00000000e+00 0.00000000e+00 0.00000000e+00
    0.00000000e+00 0.00000000e+00 0.00000000e+00 0.00000000e+00
    2.17003174e+01 0.00000000e+00 0.00000000e+00 0.00000000e+00]
   [0.00000000e+00 0.00000000e+00 1.90989208e+01 2.81812820e+01
    0.00000000e+00 0.00000000e+00 0.00000000e+00 1.53495526e+00
    2.87267857e+01 8.22593021e+00 0.00000000e+00 0.00000000e+00]
   [0.00000000e+00 0.00000000e+00 3.51545219e+01 4.83861389e+01
    0.00000000e+00 1.75556660e+01 0.00000000e+00 3.86268914e-01
    2.22431240e+01 1.45618801e+01 0.00000000e+00 0.00000000e+00]
   [0.00000000e+00 0.00000000e+00 2.38724518e+01 4.59049110e+01
    0.00000000e+00 2.41562061e+01 0.00000000e+00 0.00000000e+00
    1.39901924e+01 1.19118328e+01 0.00000000e+00 0.00000000e+00]
   [0.00000000e+00 0.00000000e+00 9.33549404e+00 2.45469131e+01
    0.00000000e+00 9.85406780e+00 0.00000000e+00 0.00000000e+00
    6.25295877e+00 1.28286114e+01 0.00000000e+00 0.00000000e+00]
   [0.00000000e+00 0.00000000e+00 2.59055948e+00 4.20184565e+00
    0.00000000e+00 0.00000000e+00 0.00000000e+00 0.00000000e+00
    1.77542937e+00 3.34142971e+00 0.00000000e+00 0.00000000e+00]
   [0.00000000e+00 0.00000000e+00 2.53688550e+00 1.49111462e+00
    0.00000000e+00 0.00000000e+00 0.00000000e+00 0.00000000e+00
    1.24374306e+00 2.34484744e+00 0.00000000e+00 0.00000000e+00]
   [0.00000000e+00 0.00000000e+00 2.47819328e+00 1.26701999e+00
    0.00000000e+00 0.00000000e+00 0.00000000e+00 0.00000000e+00
    1.16417778e+00 2.25685048e+00 0.00000000e+00 0.00000000e+00]
   [0.00000000e+00 0.00000000e+00 2.47819328e+00 1.26701999e+00
    0.00000000e+00 0.00000000e+00 0.00000000e+00 0.00000000e+00
    1.16417778e+00 2.25685048e+00 0.00000000e+00 0.00000000e+00]
   [0.00000000e+00 0.00000000e+00 2.95405602e+00 3.05909801e+00
    0.00000000e+00 0.00000000e+00 0.00000000e+00 0.00000000e+00
    1.47377360e+00 2.97740126e+00 0.00000000e+00 0.00000000e+00]]

  [[0.00000000e+00 0.00000000e+00 3.75883669e-01 5.11167198e-02
    0.00000000e+00 0.00000000e+00 0.00000000e+00 0.00000000e+00
    1.74782798e-01 2.64593065e-01 0.00000000e+00 0.00000000e+00]
   [0.00000000e+00 0.00000000e+00 1.77628803e+00 2.04812717e+00
    0.00000000e+00 0.00000000e+00 0.00000000e+00 0.00000000e+00
    5.41365564e-01 2.10479283e+00 0.00000000e+00 0.00000000e+00]
   [0.00000000e+00 0.00000000e+00 4.89836097e-01 1.66434526e+00
    0.00000000e+00 0.00000000e+00 0.00000000e+00 0.00000000e+00
    1.33822656e+00 2.09641361e+00 0.00000000e+00 0.00000000e+00]
   [0.00000000e+00 0.00000000e+00 0.00000000e+00 0.00000000e+00
    0.00000000e+00 0.00000000e+00 0.00000000e+00 0.00000000e+00
    6.01790619e+00 3.82624447e-01 0.00000000e+00 0.00000000e+00]
   [0.00000000e+00 0.00000000e+00 0.00000000e+00 9.25332928e+00
    0.00000000e+00 0.00000000e+00 0.00000000e+00 0.00000000e+00
    1.53891449e+01 4.52534962e+00 0.00000000e+00 0.00000000e+00]
   [0.00000000e+00 0.00000000e+00 7.91744566e+00 2.69829121e+01
    0.00000000e+00 0.00000000e+00 0.00000000e+00 1.00888777e+00
    2.09157791e+01 1.40202150e+01 0.00000000e+00 0.00000000e+00]
   [0.00000000e+00 0.00000000e+00 1.43290958e+01 3.40508804e+01
    0.00000000e+00 1.21022596e+01 0.00000000e+00 2.00656796e+00
    1.76168137e+01 7.57244205e+00 0.00000000e+00 0.00000000e+00]
   [0.00000000e+00 0.00000000e+00 1.04331970e+01 3.12230644e+01
    0.00000000e+00 1.36480436e+01 0.00000000e+00 0.00000000e+00
    1.09942389e+01 9.21148396e+00 0.00000000e+00 0.00000000e+00]
   [0.00000000e+00 0.00000000e+00 3.41990018e+00 1.23596354e+01
    0.00000000e+00 3.97532225e+00 0.00000000e+00 0.00000000e+00
    3.10357761e+00 6.59265661e+00 0.00000000e+00 0.00000000e+00]
   [0.00000000e+00 0.00000000e+00 2.04628944e+00 2.89825821e+00
    0.00000000e+00 0.00000000e+00 0.00000000e+00 0.00000000e+00
    6.90829813e-01 2.51731157e+00 0.00000000e+00 0.00000000e+00]
   [0.00000000e+00 0.00000000e+00 1.77628803e+00 2.04812717e+00
    0.00000000e+00 0.00000000e+00 0.00000000e+00 0.00000000e+00
    5.41365564e-01 2.10479283e+00 0.00000000e+00 0.00000000e+00]
   [0.00000000e+00 0.00000000e+00 1.77628803e+00 2.04812717e+00
    0.00000000e+00 0.00000000e+00 0.00000000e+00 0.00000000e+00
    5.41365564e-01 2.10479283e+00 0.00000000e+00 0.00000000e+00]
   [0.00000000e+00 0.00000000e+00 1.77628803e+00 2.04812717e+00
    0.00000000e+00 0.00000000e+00 0.00000000e+00 0.00000000e+00
    5.41365564e-01 2.10479283e+00 0.00000000e+00 0.00000000e+00]
   [0.00000000e+00 0.00000000e+00 2.10900569e+00 2.91892624e+00
    0.00000000e+00 0.00000000e+00 0.00000000e+00 0.00000000e+00
    7.80090928e-01 2.52079248e+00 0.00000000e+00 0.00000000e+00]]]]