[[[[1.36441097e-01 7.81054676e-01 2.06403166e-01 3.68665271e-02
    0.00000000e+00 1.39986441e-01 0.00000000e+00 3.33680779e-01]
   [1.36441097e-01 7.81054676e-01 2.06403166e-01 3.68665271e-02
    0.00000000e+00 1.39986441e-01 0.00000000e+00 3.33680779e-01]
   [1.36441097e-01 7.81054676e-01 2.06403166e-01 3.68665271e-02
    0.00000000e+00 1.39986441e-01 0.00000000e+00 3.33680779e-01]
   [1.36441097e-01 7.81054676e-01 2.06403166e-01 3.68665271e-02
    0.00000000e+00 1.39986441e-01 0.00000000e+00 3.33680779e-01]
   [1.36441097e-01 7.81054676e-01 2.06403166e-01 3.68665271e-02
    0.00000000e+00 1.39986441e-01 0.00000000e+00 3.33680779e-01]
   [1.36441097e-01 7.81054676e-01 2.06403166e-01 3.68665271e-02
    0.00000000e+00 1.39986441e-01 0.00000000e+00 3.33680779e-01]
   [1.36441097e-01 7.81054676e-01 2.06403166e-01 3.68665271e-02
    0.00000000e+00 1.39986441e-01 0.00000000e+00 3.33680779e-01]
   [1.36441097e-01 7.81054676e-01 2.06403166e-01 3.68665271e-02
    0.00000000e+00 1.39986441e-01 0.00000000e+00 3.33680779e-01]
   [1.36441097e-01 7.81054676e-01 2.06403166e-01 3.68665271e-02
    0.00000000e+00 1.39986441e-01 0.00000000e+00 3.33680779e-01]
   [1.36441097e-01 7.81054676e-01 2.06403166e-01 3.68665271e-02
    0.00000000e+00 1.39986441e-01 0.00000000e+00 3.33680779e-01]
   [1.36441097e-01 7.81054676e-01 2.06403166e-01 3.68665271e-02
    0.00000000e+00 1.39986441e-01 0.00000000e+00 3.33680779e-01]
   [1.36441097e-01 7.81054676e-01 2.06403166e-01 3.68665271e-02
    0.00000000e+00 1.39986441e-01 0.00000000e+00 3.33680779e-01]
   [1.36441097e-01 7.81054676e-01 2.06403166e-01 3.68665271e-02
    0.00000000e+00 1.39986441e-01 0.00000000e+00 3.33680779e-01]
   [1.36441097e-01 7.81054676e-01 2.06403166e-01 3.68665271e-02
    0.00000000e+00 1.39986441e-01 0.00000000e+00 3.33680779e-01]]

  [[1.36441097e-01 7.81054676e-01 2.06403166e-01 3.68665271e-02
    0.00000000e+00 1.39986441e-01 0.00000000e+00 3.33680779e-01]
   [1.36441097e-01 7.81054676e-01 2.06403166e-01 3.68665271e-02
    0.00000000e+00 1.39986441e-01 0.00000000e+00 3.33680779e-01]
   [1.36441097e-01 7.81054676e-01 2.06403166e-01 3.68665271e-02
    0.00000000e+00 1.39986441e-01 0.00000000e+00 3.33680779e-01]
   [1.36441097e-01 7.81054676e-01 2.06403166e-01 3.68665271e-02
    0.00000000e+00 1.39986441e-01 0.00000000e+00 3.33680779e-01]
   [1.36441097e-01 7.81054676e-01 2.06403166e-01 3.68665271e-02
    0.00000000e+00 1.39986441e-01 0.00000000e+00 3.33680779e-01]
   [1.36441097e-01 7.81054676e-01 2.06403166e-01 3.68665271e-02
    0.00000000e+00 1.39986441e-01 0.00000000e+00 3.33680779e-01]
   [1.36441097e-01 7.81054676e-01 2.06403166e-01 3.68665271e-02
    0.00000000e+00 1.39986441e-01 0.00000000e+00 3.33680779e-01]
   [1.36441097e-01 7.81054676e-01 2.06403166e-01 3.68665271e-02
    0.00000000e+00 1.39986441e-01 0.00000000e+00 3.33680779e-01]
   [1.36441097e-01 7.81054676e-01 2.06403166e-01 3.68665271e-02
    0.00000000e+00 1.39986441e-01 0.00000000e+00 3.33680779e-01]
   [1.36441097e-01 7.81054676e-01 2.06403166e-01 3.68665271e-02
    0.00000000e+00 1.39986441e-01 0.00000000e+00 3.33680779e-01]
   [1.36441097e-01 7.81054676e-01 2.06403166e-01 3.68665271e-02
    0.00000000e+00 1.39986441e-01 0.00000000e+00 3.33680779e-01]
   [1.36441097e-01 7.81054676e-01 2.06403166e-01 3.68665271e-02
    0.00000000e+00 1.39986441e-01 0.00000000e+00 3.33680779e-01]
   [1.36441097e-01 7.81054676e-01 2.06403166e-01 3.68665271e-02
    0.00000000e+00 1.39986441e-01 0.00000000e+00 3.33680779e-01]
   [1.36441097e-01 7.81054676e-01 2.06403166e-01 3.68665271e-02
    0.00000000e+00 1.39986441e-01 0.00000000e+00 3.33680779e-01]]

  [[1.36441097e-01 7.81054676e-01 2.06403166e-01 3.68665271e-02
    0.00000000e+00 1.39986441e-01 0.00000000e+00 3.33680779e-01]
   [5.81400096e-01 9.85082150e-01 5.48418999e-01 1.13391078e+00
    1.19467056e+00 6.90590441e-01 0.00000000e+00 9.84389186e-01]
   [1.08545339e+00 2.01465487e+00 0.00000000e+00 2.49926591e+00
    3.39788723e+00 1.04576349e+00 0.00000000e+00 2.64527440e+00]
   [8.17094386e-01 2.63472462e+00 0.00000000e+00 3.22758532e+00
    4.97314167e+00 6.64599776e-01 0.00000000e+00 4.35736847e+00]
   [2.43277431e-01 5.47014236e-01 2.91056961e-01 3.37912345e+00
    6.21881628e+00 0.00000000e+00 0.00000000e+00 4.44473791e+00]
   [0.00000000e+00 9.19564366e-02 6.84079885e-01 2.75560236e+00
    5.11589050e+00 0.00000000e+00 0.00000000e+00 3.48230767e+00]
   [0.00000000e+00 6.78804159e-01 3.14418226e-01 2.32537222e+00
    4.17609930e+00 9.76417363e-02 0.00000000e+00 3.02379394e+00]
   [0.00000000e+00 1.18616605e+00 9.35292244e-03 2.07754946e+00
    3.64019608e+00 2.18247980e-01 0.00000000e+00 2.88018227e+00]
   [0.00000000e+00 1.16095614e+00 0.00000000e+00 1.96924853e+00
    3.52450943e+00 1.63190514e-01 0.00000000e+00 2.82064819e+00]
   [0.00000000e+00 7.34760880e-01 0.00000000e+00 1.13238561e+00
    2.39567900e+00 0.00000000e+00 0.00000000e+00 2.13574290e+00]
   [0.00000000e+00 1.78222060e-01 6.08845711e-01 8.60356927e-01
    1.87681603e+00 0.00000000e+00 0.00000000e+00 1.38592744e+00]
   [5.70579246e-02 1.02634549e-01 5.50795555e-01 4.82124954e-01
    7.99643815e-01 1.87911168e-01 0.00000000e+00 6.60955191e-01]
   [1.36441097e-01 7.81054676e-01 2.06403166e-01 3.68665271e-02
    0.00000000e+00 1.39986441e-01 0.00000000e+00 3.33680779e-01]
   [1.36441097e-01 7.81054676e-01 2.06403166e-01 3.68665271e-02
    0.00000000e+00 1.39986441e-01 0.00000000e+00 3.33680779e-01]]

  [[1.36441097e-01 7.81054676e-01 2.06403166e-01 3.68665271e-02
    0.00000000e+00 1.39986441e-01 0.00000000e+00 3.33680779e-01]
   [0.00000000e+00 1.11712646e+00 1.01568234e+00 8.85552466e-01
    1.03613973e+00 9.06155467e-01 0.00000000e+00 1.23668540e+00]
   [4.16983485e-01 2.67930031e+00 0.00000000e+00 3.05707002e+00
    3.63938880e+00 2.72144079e+00 0.00000000e+00 3.39908409e+00]
   [2.24885988e+00 2.05614161e+00 0.00000000e+00 5.01731777e+00
    6.00869608e+00 3.97383022e+00 0.00000000e+00 5.56792593e+00]
   [5.24407291e+00 0.00000000e+00 2.45064497e+00 5.74741602e+00
    7.48807240e+00 4.04928017e+00 0.00000000e+00 6.15432549e+00]
   [5.10534477e+00 0.00000000e+00 2.43059087e+00 5.55847406e+00
    7.50901985e+00 3.15221381e+00 0.00000000e+00 6.05611086e+00]
   [4.24557924e+00 0.00000000e+00 2.09014559e+00 5.75717211e+00
    8.14642048e+00 2.24538755e+00 0.00000000e+00 5.96763182e+00]
   [3.78122163e+00 0.00000000e+00 1.66402078e+00 5.80676031e+00
    8.36452293e+00 2.02306485e+00 0.00000000e+00 6.00028324e+00]
   [4.20266771e+00 0.00000000e+00 2.10257745e+00 6.89434433e+00
    9.95518589e+00 2.39787436e+00 0.00000000e+00 6.74175739e+00]
   [3.23649383e+00 0.00000000e+00 3.42820346e-01 4.27784014e+00
    6.75068140e+00 7.09082365e-01 0.00000000e+00 5.13709593e+00]
   [1.52941394e+00 0.00000000e+00 2.54047751e+00 2.10381246e+00
    4.41469860e+00 0.00000000e+00 0.00000000e+00 2.69736838e+00]
   [9.12806273e-01 0.00000000e+00 1.91261637e+00 1.08643317e+00
    1.97795677e+00 0.00000000e+00 0.00000000e+00 7.63982177e-01]
   [1.36441097e-01 7.81054676e-01 2.06403166e-01 3.68665271e-02
    0.00000000e+00 1.39986441e-01 0.00000000e+00 3.33680779e-01]
   [1.36441097e-01 7.81054676e-01 2.06403166e-01 3.68665271e-02
    0.00000000e+00 1.39986441e-01 0.00000000e+00 3.33680779e-01]]

  [[1.36441097e-01 7.81054676e-01 2.06403166e-01 3.68665271e-02
    0.00000000e+00 1.39986441e-01 0.00000000e+00 3.33680779e-01]
   [0.00000000e+00 1.48723269e+00 0.00000000e+00 8.83900464e-01
    8.54352295e-01 8.34570229e-01 0.00000000e+00 1.03759134e+00]
   [0.00000000e+00 3.82579994e+00 0.00000000e+00 2.51072454e+00
    2.79568338e+00 2.52540398e+00 0.00000000e+00 2.94872355e+00]
   [0.00000000e+00 7.63457298e-01 0.00000000e+00 4.79735804e+00
    5.05469561e+00 4.63107824e+00 0.00000000e+00 5.32882452e+00]
   [0.00000000e+00 0.00000000e+00 2.27411270e-01 5.69419527e+00
    5.88316441e+00 5.89568186e+00 0.00000000e+00 6.49410820e+00]
   [9.59494889e-01 0.00000000e+00 4.98496920e-01 5.63990831e+00
    5.87624884e+00 5.76966524e+00 0.00000000e+00 6.48192883e+00]
   [2.85035491e+00 0.00000000e+00 5.40147901e-01 5.27548647e+00
    6.03532410e+00 5.67872047e+00 0.00000000e+00 6.61286306e+00]
   [3.95628786e+00 0.00000000e+00 8.67328167e-01 6.30206680e+00
    7.12703705e+00 6.01580191e+00 0.00000000e+00 7.24179220e+00]
   [4.27703047e+00 5.22451699e-01 8.89648557e-01 8.01341820e+00
    9.92683506e+00 6.95835066e+00 0.00000000e+00 9.55214882e+00]
   [5.08471966e+00 0.00000000e+00 0.00000000e+00 6.26171970e+00
    7.88582706e+00 4.56867933e+00 0.00000000e+00 8.80253029e+00]
   [4.83252001e+00 0.00000000e+00 5.78881788e+00 3.50941205e+00
    6.00946712e+00 2.00439429e+00 0.00000000e+00 4.66522217e+00]
   [2.61218691e+00 0.00000000e+00 2.87273479e+00 2.97747076e-01
    5.39932668e-01 3.10533345e-01 0.00000000e+00 6.53565884e-01]
   [1.36441097e-01 7.81054676e-01 2.06403166e-01 3.68665271e-02
    0.00000000e+00 1.39986441e-01 0.00000000e+00 3.33680779e-01]
   [1.36441097e-01 7.81054676e-01 2.06403166e-01 3.68665271e-02
    0.00000000e+00 1.39986441e-01 0.00000000e+00 3.33680779e-01]]

  [[1.36441097e-01 7.81054676e-01 2.06403166e-01 3.68665271e-02
    0.00000000e+00 1.39986441e-01 0.00000000e+00 3.33680779e-01]
   [0.00000000e+00 1.17762566e+00 0.00000000e+00 4.24557865e-01
    3.77056569e-01 6.48685277e-01 0.00000000e+00 8.45668197e-01]
   [0.00000000e+00 1.98608756e+00 0.00000000e+00 9.23607290e-01
    1.04688096e+00 1.99268162e+00 0.00000000e+00 1.74054432e+00]
   [0.00000000e+00 0.00000000e+00 0.00000000e+00 2.31332469e+00
    1.96637905e+00 3.92876911e+00 0.00000000e+00 2.55981755e+00]
   [0.00000000e+00 0.00000000e+00 0.00000000e+00 3.63433552e+00
    2.96218848e+00 5.60062647e+00 0.00000000e+00 2.86127257e+00]
   [0.00000000e+00 0.00000000e+00 0.00000000e+00 4.24266195e+00
    3.51495337e+00 6.15281677e+00 0.00000000e+00 3.48151112e+00]
   [0.00000000e+00 0.00000000e+00 0.00000000e+00 4.97339296e+00
    4.11685896e+00 6.72027206e+00 0.00000000e+00 4.01713991e+00]
   [0.00000000e+00 0.00000000e+00 0.00000000e+00 7.65434790e+00
    7.66779041e+00 8.27627373e+00 0.00000000e+00 6.62386656e+00]
   [0.00000000e+00 2.58719504e-01 0.00000000e+00 9.75272846e+00
    1.04796486e+01 9.73758125e+00 0.00000000e+00 9.78404999e+00]
   [0.00000000e+00 0.00000000e+00 4.96315062e-01 8.42896366e+00
    9.85315800e+00 6.99000931e+00 0.00000000e+00 8.75413895e+00]
   [0.00000000e+00 0.00000000e+00 7.08860922e+00 5.12790251e+00
    5.72789431e+00 4.54064465e+00 0.00000000e+00 3.93233252e+00]
   [0.00000000e+00 4.08973962e-01 2.36784792e+00 4.82485563e-01
    0.00000000e+00 1.04644442e+00 0.00000000e+00 2.84834325e-01]
   [1.36441097e-01 7.81054676e-01 2.06403166e-01 3.68665271e-02
    0.00000000e+00 1.39986441e-01 0.00000000e+00 3.33680779e-01]
   [1.36441097e-01 7.81054676e-01 2.06403166e-01 3.68665271e-02
    0.00000000e+00 1.39986441e-01 0.00000000e+00 3.33680779e-01]]

  [[1.36441097e-01 7.81054676e-01 2.06403166e-01 3.68665271e-02
    0.00000000e+00 1.39986441e-01 0.00000000e+00 3.33680779e-01]
   [1.36441097e-01 7.81054676e-01 2.06403166e-01 3.68665271e-02
    0.00000000e+00 1.39986441e-01 0.00000000e+00 3.33680779e-01]
   [1.36441097e-01 7.81054676e-01 2.06403166e-01 3.68665271e-02
    0.00000000e+00 1.39986441e-01 0.00000000e+00 3.33680779e-01]
   [1.36441097e-01 7.81054676e-01 2.06403166e-01 3.68665271e-02
    0.00000000e+00 1.39986441e-01 0.00000000e+00 3.33680779e-01]
   [6.03419095e-02 8.82714987e-01 2.55679488e-02 1.19416997e-01
    1.06041268e-01 2.93541670e-01 0.00000000e+00 4.90745008e-01]
   [0.00000000e+00 8.44348609e-01 0.00000000e+00 1.88730642e-01
    1.50730431e-01 4.59328532e-01 0.00000000e+00 5.57708800e-01]
   [0.00000000e+00 7.60124624e-01 3.98792952e-01 1.67503011e+00
    1.79463303e+00 1.51212275e+00 0.00000000e+00 1.55705810e+00]
   [0.00000000e+00 3.35629439e+00 0.00000000e+00 5.28056288e+00
    6.45929480e+00 4.16133595e+00 0.00000000e+00 5.35314512e+00]
   [0.00000000e+00 5.47850609e+00 0.00000000e+00 6.90264988e+00
    8.48857975e+00 5.61530972e+00 0.00000000e+00 8.66361237e+00]
   [7.68143386e-02 0.00000000e+00 3.27434802e+00 6.10513163e+00
    8.17533398e+00 5.03273010e+00 0.00000000e+00 6.49398136e+00]
   [0.00000000e+00 0.00000000e+00 5.31196022e+00 2.55202341e+00
    2.20174932e+00 3.61241555e+00 0.00000000e+00 2.20339441e+00]
   [0.00000000e+00 0.00000000e+00 9.96136904e-01 4.68506366e-01
    8.02392024e-04 7.94996858e-01 0.00000000e+00 0.00000000e+00]
   [1.36441097e-01 7.81054676e-01 2.06403166e-01 3.68665271e-02
    0.00000000e+00 1.39986441e-01 0.00000000e+00 3.33680779e-01]
   [1.36441097e-01 7.81054676e-01 2.06403166e-01 3.68665271e-02
    0.00000000e+00 1.39986441e-01 0.00000000e+00 3.33680779e-01]]

  [[1.36441097e-01 7.81054676e-01 2.06403166e-01 3.68665271e-02
    0.00000000e+00 1.39986441e-01 0.00000000e+00 3.33680779e-01]
   [1.36441097e-01 7.81054676e-01 2.06403166e-01 3.68665271e-02
    0.00000000e+00 1.39986441e-01 0.00000000e+00 3.33680779e-01]
   [1.36441097e-01 7.81054676e-01 2.06403166e-01 3.68665271e-02
    0.00000000e+00 1.39986441e-01 0.00000000e+00 3.33680779e-01]
   [1.36441097e-01 7.81054676e-01 2.06403166e-01 3.68665271e-02
    0.00000000e+00 1.39986441e-01 0.00000000e+00 3.33680779e-01]
   [1.36441097e-01 7.81054676e-01 2.06403166e-01 3.68665271e-02
    0.00000000e+00 1.39986441e-01 0.00000000e+00 3.33680779e-01]
   [2.53288478e-01 8.48581076e-01 2.61610627e-01 3.26958299e-01
    3.09477299e-01 2.87461728e-01 0.00000000e+00 4.93146658e-01]
   [4.95993257e-01 2.14804816e+00 1.28082204e+00 3.16501975e+00
    4.08436298e+00 1.99289513e+00 0.00000000e+00 3.17956305e+00]
   [0.00000000e+00 6.32033539e+00 0.00000000e+00 6.00714779e+00
    7.54544878e+00 4.45927382e+00 0.00000000e+00 7.27453709e+00]
   [0.00000000e+00 1.37725675e+00 0.00000000e+00 6.31419659e+00
    8.63215828e+00 4.74929333e+00 0.00000000e+00 8.25602150e+00]
   [0.00000000e+00 0.00000000e+00 5.77907944e+00 4.74059343e+00
    5.39374924e+00 4.73025274e+00 0.00000000e+00 4.46509314e+00]
   [0.00000000e+00 0.00000000e+00 2.78740501e+00 1.12873554e+00
    3.39151323e-01 2.04147053e+00 0.00000000e+00 3.50551486e-01]
   [0.00000000e+00 5.73796570e-01 3.11082721e-01 1.51872993e-01
    0.00000000e+00 2.54086435e-01 0.00000000e+00 2.21653730e-01]
   [1.36441097e-01 7.81054676e-01 2.06403166e-01 3.68665271e-02
    0.00000000e+00 1.39986441e-01 0.00000000e+00 3.33680779e-01]
   [1.36441097e-01 7.81054676e-01 2.06403166e-01 3.68665271e-02
    0.00000000e+00 1.39986441e-01 0.00000000e+00 3.33680779e-01]]

  [[1.36441097e-01 7.81054676e-01 2.06403166e-01 3.68665271e-02
    0.00000000e+00 1.39986441e-01 0.00000000e+00 3.33680779e-01]
   [1.36441097e-01 7.81054676e-01 2.06403166e-01 3.68665271e-02
    0.00000000e+00 1.39986441e-01 0.00000000e+00 3.33680779e-01]
   [1.36441097e-01 7.81054676e-01 2.06403166e-01 3.68665271e-02
    0.00000000e+00 1.39986441e-01 0.00000000e+00 3.33680779e-01]
   [1.36441097e-01 7.81054676e-01 2.06403166e-01 3.68665271e-02
    0.00000000e+00 1.39986441e-01 0.00000000e+00 3.33680779e-01]
   [1.41114995e-01 7.83755720e-01 2.08611459e-01 4.84701991e-02
    1.19977267e-02 1.45885453e-01 0.00000000e+00 3.40059400e-01]
   [7.58846104e-01 1.40862679e+00 1.02509892e+00 2.07248783e+00
    2.60930157e+00 1.15289545e+00 0.00000000e+00 1.96825492e+00]
   [0.00000000e+00 4.45458651e+00 0.00000000e+00 5.16308117e+00
    6.63654470e+00 3.47563815e+00 0.00000000e+00 5.92738581e+00]
   [0.00000000e+00 5.93266916e+00 0.00000000e+00 6.46225739e+00
    8.91602135e+00 4.50304222e+00 0.00000000e+00 8.75297070e+00]
   [6.13300264e-01 0.00000000e+00 3.65824294e+00 5.81012487e+00
    7.77575636e+00 4.62431860e+00 0.00000000e+00 6.00590372e+00]
   [0.00000000e+00 0.00000000e+00 4.93305111e+00 2.27445841e+00
    1.75070441e+00 3.29138970e+00 0.00000000e+00 1.75618470e+00]
   [0.00000000e+00 0.00000000e+00 7.39604950e-01 4.42131877e-01
    7.31974724e-04 6.60895050e-01 0.00000000e+00 0.00000000e+00]
   [1.36441097e-01 7.81054676e-01 2.06403166e-01 3.68665271e-02
    0.00000000e+00 1.39986441e-01 0.00000000e+00 3.33680779e-01]
   [1.36441097e-01 7.81054676e-01 2.06403166e-01 3.68665271e-02
    0.00000000e+00 1.39986441e-01 0.00000000e+00 3.33680779e-01]
   [1.36441097e-01 7.81054676e-01 2.06403166e-01 3.68665271e-02
    0.00000000e+00 1.39986441e-01 0.00000000e+00 3.33680779e-01]]

  [[1.36441097e-01 7.81054676e-01 2.06403166e-01 3.68665271e-02
    0.00000000e+00 1.39986441e-01 0.00000000e+00 3.33680779e-01]
   [1.36441097e-01 7.81054676e-01 2.06403166e-01 3.68665271e-02
    0.00000000e+00 1.39986441e-01 0.00000000e+00 3.33680779e-01]
   [1.36441097e-01 7.81054676e-01 2.06403166e-01 3.68665271e-02
    0.00000000e+00 1.39986441e-01 0.00000000e+00 3.33680779e-01]
   [1.36441097e-01 7.81054676e-01 2.06403166e-01 3.68665271e-02
    0.00000000e+00 1.39986441e-01 0.00000000e+00 3.33680779e-01]
   [5.31106055e-01 1.03481603e+00 4.56318378e-01 1.05174088e+00
    1.14450610e+00 6.44278884e-01 0.00000000e+00 9.57996726e-01]
   [3.85651469e-01 3.06421685e+00 4.33660537e-01 3.99345970e+00
    5.22461128e+00 2.64675164e+00 0.00000000e+00 4.29903603e+00]
   [0.00000000e+00 6.44245100e+00 0.00000000e+00 6.75819206e+00
    8.45261478e+00 4.55074310e+00 0.00000000e+00 8.20832729e+00]
   [7.05465913e-01 0.00000000e+00 1.23711556e-01 6.35492325e+00
    9.01805592e+00 4.69874811e+00 0.00000000e+00 7.80337858e+00]
   [6.76700652e-01 0.00000000e+00 5.53502369e+00 3.84916973e+00
    3.94156432e+00 4.33013868e+00 0.00000000e+00 3.76789212e+00]
   [0.00000000e+00 0.00000000e+00 2.37330818e+00 8.60977829e-01
    2.13091373e-01 1.69515884e+00 0.00000000e+00 2.21253663e-01]
   [0.00000000e+00 6.16531134e-01 2.54216045e-01 1.11813158e-01
    1.38325011e-02 2.04226792e-01 0.00000000e+00 2.83825040e-01]
   [1.36441097e-01 7.81054676e-01 2.06403166e-01 3.68665271e-02
    0.00000000e+00 1.39986441e-01 0.00000000e+00 3.33680779e-01]
   [1.36441097e-01 7.81054676e-01 2.06403166e-01 3.68665271e-02
    0.00000000e+00 1.39986441e-01 0.00000000e+00 3.33680779e-01]
   [1.36441097e-01 7.81054676e-01 2.06403166e-01 3.68665271e-02
    0.00000000e+00 1.39986441e-01 0.00000000e+00 3.33680779e-01]]

  [[1.36441097e-01 7.81054676e-01 2.06403166e-01 3.68665271e-02
    0.00000000e+00 1.39986441e-01 0.00000000e+00 3.33680779e-01]
   [1.36441097e-01 7.81054676e-01 2.06403166e-01 3.68665271e-02
    0.00000000e+00 1.39986441e-01 0.00000000e+00 3.33680779e-01]
   [1.36441097e-01 7.81054676e-01 2.06403166e-01 3.68665271e-02
    0.00000000e+00 1.39986441e-01 0.00000000e+00 3.33680779e-01]
   [2.31476963e-01 8.35976183e-01 2.51305223e-01 2.72807837e-01
    2.51634061e-01 2.59932995e-01 0.00000000e+00 4.63379681e-01]
   [7.34220266e-01 1.88838649e+00 1.30262208e+00 2.96631241e+00
    3.84119010e+00 1.77724183e+00 0.00000000e+00 2.94394565e+00]
   [0.00000000e+00 5.94382715e+00 0.00000000e+00 6.37708282e+00
    8.29303169e+00 4.23319626e+00 0.00000000e+00 7.34754133e+00]
   [0.00000000e+00 4.18440866e+00 0.00000000e+00 7.09608221e+00
    9.83224773e+00 4.82701921e+00 0.00000000e+00 9.48154831e+00]
   [9.76652265e-01 0.00000000e+00 4.84550810e+00 5.66882992e+00
    7.47973251e+00 4.76114416e+00 0.00000000e+00 5.94240427e+00]
   [0.00000000e+00 0.00000000e+00 4.11834049e+00 2.00763822e+00
    1.26985157e+00 3.13149953e+00 0.00000000e+00 1.45607495e+00]
   [0.00000000e+00 0.00000000e+00 6.62021637e-01 4.16817486e-01
    9.55971424e-03 6.08257115e-01 0.00000000e+00 0.00000000e+00]
   [1.36441097e-01 7.81054676e-01 2.06403166e-01 3.68665271e-02
    0.00000000e+00 1.39986441e-01 0.00000000e+00 3.33680779e-01]
   [1.36441097e-01 7.81054676e-01 2.06403166e-01 3.68665271e-02
    0.00000000e+00 1.39986441e-01 0.00000000e+00 3.33680779e-01]
   [1.36441097e-01 7.81054676e-01 2.06403166e-01 3.68665271e-02
    0.00000000e+00 1.39986441e-01 0.00000000e+00 3.33680779e-01]
   [1.36441097e-01 7.81054676e-01 2.06403166e-01 3.68665271e-02
    0.00000000e+00 1.39986441e-01 0.00000000e+00 3.33680779e-01]]

  [[1.36441097e-01 7.81054676e-01 2.06403166e-01 3.68665271e-02
    0.00000000e+00 1.39986441e-01 0.00000000e+00 3.33680779e-01]
   [1.36441097e-01 7.81054676e-01 2.06403166e-01 3.68665271e-02
    0.00000000e+00 1.39986441e-01 0.00000000e+00 3.33680779e-01]
   [1.36441097e-01 7.81054676e-01 2.06403166e-01 3.68665271e-02
    0.00000000e+00 1.39986441e-01 0.00000000e+00 3.33680779e-01]
   [3.90968263e-01 9.41573620e-01 7.11813927e-01 9.78848517e-01
    1.06383932e+00 6.69011414e-01 0.00000000e+00 1.00799513e+00]
   [4.15614545e-01 3.89799094e+00 0.00000000e+00 5.42330933e+00
    6.83440685e+00 3.73156047e+00 0.00000000e+00 5.38195229e+00]
   [0.00000000e+00 7.41036177e+00 0.00000000e+00 7.97962761e+00
    9.98942757e+00 5.90666103e+00 0.00000000e+00 9.89485645e+00]
   [1.32471585e+00 0.00000000e+00 1.79918635e+00 7.29761314e+00
    1.00521469e+01 5.41395473e+00 0.00000000e+00 8.65311146e+00]
   [0.00000000e+00 0.00000000e+00 6.74714279e+00 3.82232618e+00
    4.23027849e+00 4.05807543e+00 0.00000000e+00 3.28351569e+00]
   [0.00000000e+00 0.00000000e+00 1.59734190e+00 7.74819076e-01
    2.38695845e-01 1.23574686e+00 0.00000000e+00 0.00000000e+00]
   [0.00000000e+00 6.81773245e-01 2.35255763e-01 8.20929408e-02
    8.18966608e-03 1.78752169e-01 0.00000000e+00 3.03595424e-01]
   [1.36441097e-01 7.81054676e-01 2.06403166e-01 3.68665271e-02
    0.00000000e+00 1.39986441e-01 0.00000000e+00 3.33680779e-01]
   [1.36441097e-01 7.81054676e-01 2.06403166e-01 3.68665271e-02
    0.00000000e+00 1.39986441e-01 0.00000000e+00 3.33680779e-01]
   [1.36441097e-01 7.81054676e-01 2.06403166e-01 3.68665271e-02
    0.00000000e+00 1.39986441e-01 0.00000000e+00 3.33680779e-01]
   [1.36441097e-01 7.81054676e-01 2.06403166e-01 3.68665271e-02
    0.00000000e+00 1.39986441e-01 0.00000000e+00 3.33680779e-01]]

  [[1.36441097e-01 7.81054676e-01 2.06403166e-01 3.68665271e-02
    0.00000000e+00 1.39986441e-01 0.00000000e+00 3.33680779e-01]
   [1.36441097e-01 7.81054676e-01 2.06403166e-01 3.68665271e-02
    0.00000000e+00 1.39986441e-01 0.00000000e+00 3.33680779e-01]
   [1.36441097e-01 7.81054676e-01 2.06403166e-01 3.68665271e-02
    0.00000000e+00 1.39986441e-01 0.00000000e+00 3.33680779e-01]
   [0.00000000e+00 1.22205961e+00 5.76574087e-01 7.05717027e-01
    7.98165143e-01 8.07203352e-01 0.00000000e+00 1.04390454e+00]
   [0.00000000e+00 5.11084080e+00 0.00000000e+00 4.50787878e+00
    5.02909136e+00 4.56479597e+00 0.00000000e+00 4.86102295e+00]
   [0.00000000e+00 3.76977849e+00 0.00000000e+00 6.04938555e+00
    6.62388611e+00 6.74717283e+00 0.00000000e+00 7.42499971e+00]
   [1.68049008e-01 0.00000000e+00 4.73421049e+00 5.27970600e+00
    5.21887684e+00 6.56880379e+00 0.00000000e+00 5.78326273e+00]
   [0.00000000e+00 0.00000000e+00 4.53185225e+00 1.65348077e+00
    9.76866007e-01 2.90977597e+00 0.00000000e+00 1.22494328e+00]
   [0.00000000e+00 7.80422747e-01 5.20169020e-01 1.45147085e-01
    0.00000000e+00 3.12838495e-01 0.00000000e+00 1.99057937e-01]
   [1.36441097e-01 7.81054676e-01 2.06403166e-01 3.68665271e-02
    0.00000000e+00 1.39986441e-01 0.00000000e+00 3.33680779e-01]
   [1.36441097e-01 7.81054676e-01 2.06403166e-01 3.68665271e-02
    0.00000000e+00 1.39986441e-01 0.00000000e+00 3.33680779e-01]
   [1.36441097e-01 7.81054676e-01 2.06403166e-01 3.68665271e-02
    0.00000000e+00 1.39986441e-01 0.00000000e+00 3.33680779e-01]
   [1.36441097e-01 7.81054676e-01 2.06403166e-01 3.68665271e-02
    0.00000000e+00 1.39986441e-01 0.00000000e+00 3.33680779e-01]
   [1.36441097e-01 7.81054676e-01 2.06403166e-01 3.68665271e-02
    0.00000000e+00 1.39986441e-01 0.00000000e+00 3.33680779e-01]]

  [[1.36441097e-01 7.81054676e-01 2.06403166e-01 3.68665271e-02
    0.00000000e+00 1.39986441e-01 0.00000000e+00 3.33680779e-01]
   [1.36441097e-01 7.81054676e-01 2.06403166e-01 3.68665271e-02
    0.00000000e+00 1.39986441e-01 0.00000000e+00 3.33680779e-01]
   [1.36441097e-01 7.81054676e-01 2.06403166e-01 3.68665271e-02
    0.00000000e+00 1.39986441e-01 0.00000000e+00 3.33680779e-01]
   [0.00000000e+00 1.31860256e+00 0.00000000e+00 6.40507877e-01
    5.42797148e-01 6.54565096e-01 0.00000000e+00 8.26913476e-01]
   [0.00000000e+00 3.99912190e+00 0.00000000e+00 2.47925162e+00
    2.79595375e+00 3.20747018e+00 0.00000000e+00 3.21209979e+00]
   [0.00000000e+00 0.00000000e+00 0.00000000e+00 3.61437511e+00
    3.37253666e+00 4.88932467e+00 0.00000000e+00 4.30697727e+00]
   [0.00000000e+00 0.00000000e+00 2.86160684e+00 3.55287027e+00
    2.65127850e+00 4.77156878e+00 0.00000000e+00 2.79591513e+00]
   [0.00000000e+00 0.00000000e+00 1.92448282e+00 1.14846241e+00
    4.88708049e-01 1.83694291e+00 0.00000000e+00 1.85764983e-01]
   [0.00000000e+00 6.59169674e-01 2.82231390e-01 1.11110300e-01
    0.00000000e+00 2.17735648e-01 0.00000000e+00 2.51999110e-01]
   [1.36441097e-01 7.81054676e-01 2.06403166e-01 3.68665271e-02
    0.00000000e+00 1.39986441e-01 0.00000000e+00 3.33680779e-01]
   [1.36441097e-01 7.81054676e-01 2.06403166e-01 3.68665271e-02
    0.00000000e+00 1.39986441e-01 0.00000000e+00 3.33680779e-01]
   [1.36441097e-01 7.81054676e-01 2.06403166e-01 3.68665271e-02
    0.00000000e+00 1.39986441e-01 0.00000000e+00 3.33680779e-01]
   [1.36441097e-01 7.81054676e-01 2.06403166e-01 3.68665271e-02
    0.00000000e+00 1.39986441e-01 0.00000000e+00 3.33680779e-01]
   [1.36441097e-01 7.81054676e-01 2.06403166e-01 3.68665271e-02
    0.00000000e+00 1.39986441e-01 0.00000000e+00 3.33680779e-01]]]]