[[[[3.7096006e-01 0.0000000e+00 1.7682509e-01 0.0000000e+00
    0.0000000e+00 0.0000000e+00 2.3081794e-01 5.8402187e-01
    0.0000000e+00 0.0000000e+00 0.0000000e+00 0.0000000e+00
    0.0000000e+00 4.0240353e-01 4.6705925e-01 0.0000000e+00]
   [1.9898909e+00 0.0000000e+00 4.2293918e-01 0.0000000e+00
    0.0000000e+00 0.0000000e+00 0.0000000e+00 2.5239630e+00
    0.0000000e+00 0.0000000e+00 0.0000000e+00 0.0000000e+00
    1.4868344e-01 0.0000000e+00 1.7340440e+00 0.0000000e+00]
   [1.9898909e+00 0.0000000e+00 4.2293918e-01 0.0000000e+00
    0.0000000e+00 0.0000000e+00 0.0000000e+00 2.5239630e+00
    0.0000000e+00 0.0000000e+00 0.0000000e+00 0.0000000e+00
    1.4868344e-01 0.0000000e+00 1.7340440e+00 0.0000000e+00]
   [1.9898909e+00 0.0000000e+00 4.2293918e-01 0.0000000e+00
    0.0000000e+00 0.0000000e+00 0.0000000e+00 2.5239630e+00
    0.0000000e+00 0.0000000e+00 0.0000000e+00 0.0000000e+00
    1.4868344e-01 0.0000000e+00 1.7340440e+00 0.0000000e+00]
   [1.9898909e+00 0.0000000e+00 4.2293918e-01 0.0000000e+00
    0.0000000e+00 0.0000000e+00 0.0000000e+00 2.5239630e+00
    0.0000000e+00 0.0000000e+00 0.0000000e+00 0.0000000e+00
    1.4868344e-01 0.0000000e+00 1.7340440e+00 0.0000000e+00]
   [1.9898909e+00 0.0000000e+00 4.2293918e-01 0.0000000e+00
    0.0000000e+00 0.0000000e+00 0.0000000e+00 2.5239630e+00
    0.0000000e+00 0.0000000e+00 0.0000000e+00 0.0000000e+00
    1.4868344e-01 0.0000000e+00 1.7340440e+00 0.0000000e+00]
   [1.9898909e+00 0.0000000e+00 4.2293918e-01 0.0000000e+00
    0.0000000e+00 0.0000000e+00 0.0000000e+00 2.5239630e+00
    0.0000000e+00 0.0000000e+00 0.0000000e+00 0.0000000e+00
    1.4868344e-01 0.0000000e+00 1.7340440e+00 0.0000000e+00]]

  [[0.0000000e+00 0.0000000e+00 0.0000000e+00 0.0000000e+00
    0.0000000e+00 2.7413994e-01 3.2692814e-01 0.0000000e+00
    0.0000000e+00 1.4053473e-01 0.0000000e+00 0.0000000e+00
    0.0000000e+00 4.5296070e-01 2.4003877e-01 0.0000000e+00]
   [2.3951824e+00 0.0000000e+00 3.3670304e+00 0.0000000e+00
    0.0000000e+00 3.6727542e-01 1.1246102e+00 6.5480477e-01
    0.0000000e+00 9.6409738e-01 0.0000000e+00 2.8862591e+00
    0.0000000e+00 1.5751584e+00 7.9990193e-02 0.0000000e+00]
   [0.0000000e+00 0.0000000e+00 1.0174125e+00 0.0000000e+00
    0.0000000e+00 0.0000000e+00 0.0000000e+00 0.0000000e+00
    1.3382382e+01 2.1019366e+00 2.1126082e+00 0.0000000e+00
    0.0000000e+00 5.9964967e+00 5.4360905e+00 0.0000000e+00]
   [4.7450250e-01 0.0000000e+00 1.0459319e+00 0.0000000e+00
    0.0000000e+00 0.0000000e+00 0.0000000e+00 0.0000000e+00
    1.0585345e+01 1.0385646e+00 2.7081959e+00 0.0000000e+00
    0.0000000e+00 4.3121352e+00 4.4441795e+00 0.0000000e+00]
   [2.3860765e+00 0.0000000e+00 3.0363104e+00 0.0000000e+00
    0.0000000e+00 0.0000000e+00 0.0000000e+00 0.0000000e+00
    9.8519173e+00 8.2145953e-01 1.7272937e+00 1.3388727e+00
    0.0000000e+00 4.1078129e+00 4.0803275e+00 0.0000000e+00]
   [5.0484428e+00 0.0000000e+00 4.7507362e+00 0.0000000e+00
    0.0000000e+00 0.0000000e+00 1.2706475e+00 4.1404300e+00
    2.7649989e+00 0.0000000e+00 1.4335396e+00 3.2657087e+00
    2.7664983e-01 3.8949332e-01 1.6657164e+00 0.0000000e+00]
   [3.4929848e+00 0.0000000e+00 1.6419864e+00 0.0000000e+00
    0.0000000e+00 0.0000000e+00 0.0000000e+00 4.4567428e+00
    0.0000000e+00 0.0000000e+00 0.0000000e+00 8.0611333e-02
    4.8362458e-01 0.0000000e+00 2.1320028e+00 0.0000000e+00]]

  [[0.0000000e+00 0.0000000e+00 1.3325240e-01 0.0000000e+00
    0.0000000e+00 6.2642086e-01 5.1493257e-01 0.0000000e+00
    0.0000000e+00 5.4552305e-01 0.0000000e+00 3.3777744e-01
    0.0000000e+00 6.7393696e-01 0.0000000e+00 0.0000000e+00]
   [1.8551062e-01 0.0000000e+00 3.5254147e+00 0.0000000e+00
    0.0000000e+00 4.8089900e+00 3.2470582e+00 0.0000000e+00
    0.0000000e+00 4.2339225e+00 0.0000000e+00 6.1014161e+00
    0.0000000e+00 1.6485832e+00 0.0000000e+00 0.0000000e+00]
   [0.0000000e+00 0.0000000e+00 0.0000000e+00 0.0000000e+00
    0.0000000e+00 9.0799122e+00 0.0000000e+00 0.0000000e+00
    9.8175631e+00 1.3483904e+01 0.0000000e+00 0.0000000e+00
    0.0000000e+00 1.2707917e+01 4.5283160e+00 0.0000000e+00]
   [0.0000000e+00 0.0000000e+00 0.0000000e+00 0.0000000e+00
    0.0000000e+00 7.4256654e+00 0.0000000e+00 0.0000000e+00
    2.1072348e+01 1.5437564e+01 0.0000000e+00 0.0000000e+00
    0.0000000e+00 1.8070288e+01 8.0091963e+00 0.0000000e+00]
   [0.0000000e+00 0.0000000e+00 0.0000000e+00 0.0000000e+00
    0.0000000e+00 7.3568158e+00 0.0000000e+00 0.0000000e+00
    2.7628695e+01 1.7432283e+01 0.0000000e+00 0.0000000e+00
    0.0000000e+00 2.1563873e+01 1.0394179e+01 0.0000000e+00]
   [1.9139339e+01 0.0000000e+00 1.0957369e+01 0.0000000e+00
    0.0000000e+00 0.0000000e+00 0.0000000e+00 1.2580676e+01
    1.2711121e+01 0.0000000e+00 0.0000000e+00 0.0000000e+00
    0.0000000e+00 2.4992824e+00 1.6528395e+01 0.0000000e+00]
   [2.1875994e+00 0.0000000e+00 0.0000000e+00 0.0000000e+00
    0.0000000e+00 0.0000000e+00 0.0000000e+00 3.6181786e+00
    0.0000000e+00 0.0000000e+00 0.0000000e+00 0.0000000e+00
    4.7492093e-01 0.0000000e+00 3.1231344e+00 0.0000000e+00]]

  [[0.0000000e+00 0.0000000e+00 4.7092587e-03 0.0000000e+00
    0.0000000e+00 4.7820443e-01 4.3583280e-01 0.0000000e+00
    0.0000000e+00 3.7513089e-01 0.0000000e+00 1.4526027e-01
    0.0000000e+00 5.8096486e-01 6.5424651e-02 0.0000000e+00]
   [1.5801021e+00 0.0000000e+00 1.6746523e+00 0.0000000e+00
    0.0000000e+00 2.2798810e+00 1.5033340e+00 1.8289770e+00
    0.0000000e+00 1.5068349e+00 0.0000000e+00 2.7906992e+00
    0.0000000e+00 0.0000000e+00 4.3722138e-01 0.0000000e+00]
   [0.0000000e+00 0.0000000e+00 1.8355470e+00 0.0000000e+00
    0.0000000e+00 8.3597927e+00 3.0897179e+00 0.0000000e+00
    0.0000000e+00 6.8469939e+00 0.0000000e+00 7.9619350e+00
    0.0000000e+00 2.1838353e+00 0.0000000e+00 0.0000000e+00]
   [0.0000000e+00 0.0000000e+00 0.0000000e+00 0.0000000e+00
    0.0000000e+00 7.1912837e+00 0.0000000e+00 0.0000000e+00
    1.0666856e+00 1.0933585e+01 0.0000000e+00 6.5238363e-01
    0.0000000e+00 1.0064445e+01 0.0000000e+00 0.0000000e+00]
   [7.8796520e+00 0.0000000e+00 2.0390125e+01 0.0000000e+00
    0.0000000e+00 1.9436874e+01 1.3426262e+01 0.0000000e+00
    0.0000000e+00 1.4812893e+01 0.0000000e+00 3.3787914e+01
    0.0000000e+00 2.4864023e+00 0.0000000e+00 0.0000000e+00]
   [6.5220734e+01 0.0000000e+00 3.6087643e+01 0.0000000e+00
    0.0000000e+00 0.0000000e+00 0.0000000e+00 7.2667213e+01
    0.0000000e+00 0.0000000e+00 0.0000000e+00 0.0000000e+00
    0.0000000e+00 0.0000000e+00 3.4730900e+01 0.0000000e+00]
   [4.2666135e+00 0.0000000e+00 1.5232658e+00 0.0000000e+00
    0.0000000e+00 0.0000000e+00 0.0000000e+00 5.8275852e+00
    0.0000000e+00 0.0000000e+00 0.0000000e+00 1.9319671e-01
    1.6431586e-01 0.0000000e+00 3.0939045e+00 0.0000000e+00]]

  [[1.8571578e-01 0.0000000e+00 2.7596700e-01 0.0000000e+00
    0.0000000e+00 2.2393005e-01 4.6910200e-01 3.2229599e-01
    0.0000000e+00 1.2872164e-01 0.0000000e+00 2.2635415e-01
    0.0000000e+00 4.7747210e-01 2.0990652e-01 0.0000000e+00]
   [2.7704580e+00 0.0000000e+00 9.4921303e-01 0.0000000e+00
    0.0000000e+00 0.0000000e+00 0.0000000e+00 3.5164669e+00
    0.0000000e+00 0.0000000e+00 0.0000000e+00 0.0000000e+00
    1.5242152e-01 0.0000000e+00 2.0390768e+00 0.0000000e+00]
   [0.0000000e+00 0.0000000e+00 0.0000000e+00 0.0000000e+00
    0.0000000e+00 7.0151234e-01 3.5965422e-01 0.0000000e+00
    0.0000000e+00 7.0549464e-01 0.0000000e+00 2.2242677e-01
    0.0000000e+00 8.5771704e-01 1.8902913e-02 0.0000000e+00]
   [6.6175160e+00 0.0000000e+00 1.0323735e+01 0.0000000e+00
    0.0000000e+00 2.7458205e+00 4.5157843e+00 2.8902133e+00
    0.0000000e+00 3.7617409e+00 0.0000000e+00 1.0077326e+01
    0.0000000e+00 2.9545949e+00 0.0000000e+00 0.0000000e+00]
   [5.8113628e+01 0.0000000e+00 3.7469261e+01 0.0000000e+00
    0.0000000e+00 0.0000000e+00 3.1107111e+00 6.4966652e+01
    0.0000000e+00 0.0000000e+00 0.0000000e+00 1.4358414e+01
    0.0000000e+00 0.0000000e+00 2.4804726e+01 0.0000000e+00]
   [2.8715322e+01 0.0000000e+00 1.2232424e+01 0.0000000e+00
    0.0000000e+00 0.0000000e+00 0.0000000e+00 3.4308273e+01
    0.0000000e+00 0.0000000e+00 0.0000000e+00 0.0000000e+00
    0.0000000e+00 0.0000000e+00 1.8697050e+01 0.0000000e+00]
   [2.7964158e+00 0.0000000e+00 1.0074787e+00 0.0000000e+00
    0.0000000e+00 0.0000000e+00 0.0000000e+00 3.5695825e+00
    0.0000000e+00 0.0000000e+00 0.0000000e+00 0.0000000e+00
    1.1176683e-01 0.0000000e+00 2.0248749e+00 0.0000000e+00]]

  [[1.8571578e-01 0.0000000e+00 2.7596700e-01 0.0000000e+00
    0.0000000e+00 2.2393005e-01 4.6910200e-01 3.2229599e-01
    0.0000000e+00 1.2872164e-01 0.0000000e+00 2.2635415e-01
    0.0000000e+00 4.7747210e-01 2.0990652e-01 0.0000000e+00]
   [1.1153110e+00 0.0000000e+00 1.2038438e+00 0.0000000e+00
    0.0000000e+00 6.9060326e-03 7.3675674e-01 1.1562968e+00
    0.0000000e+00 0.0000000e+00 0.0000000e+00 8.7806225e-01
    0.0000000e+00 4.6844560e-01 2.2971922e-01 0.0000000e+00]
   [0.0000000e+00 0.0000000e+00 2.1620493e+00 0.0000000e+00
    0.0000000e+00 2.9657202e+00 1.7633643e+00 0.0000000e+00
    0.0000000e+00 3.2348232e+00 0.0000000e+00 3.3762765e+00
    0.0000000e+00 2.1413164e+00 0.0000000e+00 0.0000000e+00]
   [3.2405430e+01 0.0000000e+00 3.5351849e+01 0.0000000e+00
    0.0000000e+00 8.6453743e+00 1.9146040e+01 3.2955593e+01
    0.0000000e+00 1.8625168e+00 0.0000000e+00 3.8941669e+01
    0.0000000e+00 0.0000000e+00 0.0000000e+00 0.0000000e+00]
   [5.0236427e+01 0.0000000e+00 2.7399513e+01 0.0000000e+00
    0.0000000e+00 0.0000000e+00 0.0000000e+00 5.6661331e+01
    0.0000000e+00 0.0000000e+00 0.0000000e+00 0.0000000e+00
    0.0000000e+00 0.0000000e+00 2.7105331e+01 0.0000000e+00]
   [3.6501162e+00 0.0000000e+00 1.6657090e+00 0.0000000e+00
    0.0000000e+00 0.0000000e+00 4.5336407e-01 4.9847627e+00
    0.0000000e+00 0.0000000e+00 0.0000000e+00 1.0757552e+00
    0.0000000e+00 0.0000000e+00 2.4092102e+00 0.0000000e+00]
   [2.7704580e+00 0.0000000e+00 9.4921303e-01 0.0000000e+00
    0.0000000e+00 0.0000000e+00 0.0000000e+00 3.5164669e+00
    0.0000000e+00 0.0000000e+00 0.0000000e+00 0.0000000e+00
    1.5242152e-01 0.0000000e+00 2.0390768e+00 0.0000000e+00]]

  [[1.8571578e-01 0.0000000e+00 2.7596700e-01 0.0000000e+00
    0.0000000e+00 2.2393005e-01 4.6910200e-01 3.2229599e-01
    0.0000000e+00 1.2872164e-01 0.0000000e+00 2.2635415e-01
    0.0000000e+00 4.7747210e-01 2.0990652e-01 0.0000000e+00]
   [2.3099749e-01 0.0000000e+00 1.9294585e-01 0.0000000e+00
    0.0000000e+00 2.0584056e-01 2.2913499e-01 2.4878109e-01
    0.0000000e+00 3.1747335e-01 0.0000000e+00 0.0000000e+00
    0.0000000e+00 5.7118827e-01 3.0697054e-01 0.0000000e+00]
   [0.0000000e+00 0.0000000e+00 4.2364745e+00 0.0000000e+00
    0.0000000e+00 5.3576307e+00 3.0398736e+00 0.0000000e+00
    0.0000000e+00 5.9846063e+00 0.0000000e+00 6.4831119e+00
    0.0000000e+00 3.6416974e+00 0.0000000e+00 0.0000000e+00]
   [5.5031136e+01 0.0000000e+00 3.6324947e+01 0.0000000e+00
    0.0000000e+00 0.0000000e+00 3.6114712e+00 6.0763855e+01
    0.0000000e+00 0.0000000e+00 0.0000000e+00 1.4877655e+01
    0.0000000e+00 0.0000000e+00 2.3281656e+01 0.0000000e+00]
   [2.5493387e+01 0.0000000e+00 9.8213272e+00 0.0000000e+00
    0.0000000e+00 0.0000000e+00 0.0000000e+00 3.0927835e+01
    0.0000000e+00 0.0000000e+00 0.0000000e+00 0.0000000e+00
    0.0000000e+00 0.0000000e+00 1.7464952e+01 0.0000000e+00]
   [2.8942528e+00 0.0000000e+00 1.0341153e+00 0.0000000e+00
    0.0000000e+00 0.0000000e+00 0.0000000e+00 3.6796970e+00
    0.0000000e+00 0.0000000e+00 0.0000000e+00 0.0000000e+00
    1.3891436e-01 0.0000000e+00 2.0890796e+00 0.0000000e+00]
   [2.7704580e+00 0.0000000e+00 9.4921303e-01 0.0000000e+00
    0.0000000e+00 0.0000000e+00 0.0000000e+00 3.5164669e+00
    0.0000000e+00 0.0000000e+00 0.0000000e+00 0.0000000e+00
    1.5242152e-01 0.0000000e+00 2.0390768e+00 0.0000000e+00]]]]