[[[[ 0.00000000e+00  0.00000000e+00  0.00000000e+00  0.00000000e+00
     0.00000000e+00  0.00000000e+00  0.00000000e+00  0.00000000e+00]
   [ 0.00000000e+00  0.00000000e+00  0.00000000e+00  0.00000000e+00
     0.00000000e+00  0.00000000e+00  0.00000000e+00  0.00000000e+00]
   [ 0.00000000e+00  0.00000000e+00  0.00000000e+00  0.00000000e+00
     0.00000000e+00  0.00000000e+00  0.00000000e+00  0.00000000e+00]
   [ 0.00000000e+00  0.00000000e+00  0.00000000e+00  0.00000000e+00
     0.00000000e+00  0.00000000e+00  0.00000000e+00  0.00000000e+00]
   [ 0.00000000e+00  0.00000000e+00  0.00000000e+00  0.00000000e+00
     0.00000000e+00  0.00000000e+00  0.00000000e+00  0.00000000e+00]
   [ 0.00000000e+00  0.00000000e+00  0.00000000e+00  0.00000000e+00
     0.00000000e+00  0.00000000e+00  0.00000000e+00  0.00000000e+00]
   [ 0.00000000e+00  0.00000000e+00  0.00000000e+00  0.00000000e+00
     0.00000000e+00  0.00000000e+00  0.00000000e+00  0.00000000e+00]
   [ 0.00000000e+00  0.00000000e+00  0.00000000e+00  0.00000000e+00
     0.00000000e+00  0.00000000e+00  0.00000000e+00  0.00000000e+00]
   [ 0.00000000e+00  0.00000000e+00  0.00000000e+00  0.00000000e+00
     0.00000000e+00  0.00000000e+00  0.00000000e+00  0.00000000e+00]
   [ 0.00000000e+00  0.00000000e+00  0.00000000e+00  0.00000000e+00
     0.00000000e+00  0.00000000e+00  0.00000000e+00  0.00000000e+00]
   [ 0.00000000e+00  0.00000000e+00  0.00000000e+00  0.00000000e+00
     0.00000000e+00  0.00000000e+00  0.00000000e+00  0.00000000e+00]
   [ 0.00000000e+00  0.00000000e+00  0.00000000e+00  0.00000000e+00
     0.00000000e+00  0.00000000e+00  0.00000000e+00  0.00000000e+00]
   [ 0.00000000e+00  0.00000000e+00  0.00000000e+00  0.00000000e+00
     0.00000000e+00  0.00000000e+00  0.00000000e+00  0.00000000e+00]
   [ 0.00000000e+00  0.00000000e+00  0.00000000e+00  0.00000000e+00
     0.00000000e+00  0.00000000e+00  0.00000000e+00  0.00000000e+00]]

  [[ 0.00000000e+00  0.00000000e+00  0.00000000e+00  0.00000000e+00
     0.00000000e+00  0.00000000e+00  0.00000000e+00  0.00000000e+00]
   [ 0.00000000e+00  0.00000000e+00  0.00000000e+00  0.00000000e+00
     0.00000000e+00  0.00000000e+00  0.00000000e+00  0.00000000e+00]
   [ 0.00000000e+00  0.00000000e+00  0.00000000e+00  0.00000000e+00
     0.00000000e+00  0.00000000e+00  0.00000000e+00  0.00000000e+00]
   [ 0.00000000e+00  0.00000000e+00  0.00000000e+00  0.00000000e+00
     0.00000000e+00  0.00000000e+00  0.00000000e+00  0.00000000e+00]
   [ 0.00000000e+00  0.00000000e+00  0.00000000e+00  0.00000000e+00
     0.00000000e+00  0.00000000e+00  0.00000000e+00  0.00000000e+00]
   [ 0.00000000e+00  0.00000000e+00  0.00000000e+00  0.00000000e+00
     0.00000000e+00  0.00000000e+00  0.00000000e+00  0.00000000e+00]
   [ 0.00000000e+00  0.00000000e+00  0.00000000e+00  0.00000000e+00
     0.00000000e+00  0.00000000e+00  0.00000000e+00  0.00000000e+00]
   [ 0.00000000e+00  0.00000000e+00  0.00000000e+00  0.00000000e+00
     0.00000000e+00  0.00000000e+00  0.00000000e+00  0.00000000e+00]
   [ 0.00000000e+00  0.00000000e+00  0.00000000e+00  0.00000000e+00
     0.00000000e+00  0.00000000e+00  0.00000000e+00  0.00000000e+00]
   [ 0.00000000e+00  0.00000000e+00  0.00000000e+00  0.00000000e+00
     0.00000000e+00  0.00000000e+00  0.00000000e+00  0.00000000e+00]
   [ 0.00000000e+00  0.00000000e+00  0.00000000e+00  0.00000000e+00
     0.00000000e+00  0.00000000e+00  0.00000000e+00  0.00000000e+00]
   [ 0.00000000e+00  0.00000000e+00  0.00000000e+00  0.00000000e+00
     0.00000000e+00  0.00000000e+00  0.00000000e+00  0.00000000e+00]
   [ 0.00000000e+00  0.00000000e+00  0.00000000e+00  0.00000000e+00
     0.00000000e+00  0.00000000e+00  0.00000000e+00  0.00000000e+00]
   [ 0.00000000e+00  0.00000000e+00  0.00000000e+00  0.00000000e+00
     0.00000000e+00  0.00000000e+00  0.00000000e+00  0.00000000e+00]]

  [[ 0.00000000e+00  0.00000000e+00  0.00000000e+00  0.00000000e+00
     0.00000000e+00  0.00000000e+00  0.00000000e+00  0.00000000e+00]
   [ 4.44958985e-01  2.04027459e-01  3.42015803e-01  1.09704423e+00
     1.19506776e+00  5.50603986e-01 -3.28021981e-02  6.50708437e-01]
   [ 9.49012339e-01  1.23360026e+00 -2.99935639e-01  2.46239948e+00
     3.39828444e+00  9.05777097e-01 -1.75866961e-01  2.31159353e+00]
   [ 6.80653274e-01  1.85366988e+00 -1.29924321e+00  3.19071889e+00
     4.97353888e+00  5.24613321e-01 -5.37085354e-01  4.02368784e+00]
   [ 1.06836326e-01 -2.34040409e-01  8.46537948e-02  3.34225702e+00
     6.21921349e+00 -4.38575864e-01 -5.26858687e-01  4.11105728e+00]
   [-1.96290940e-01 -6.89098239e-01  4.77676719e-01  2.71873593e+00
     5.11628771e+00 -4.19217825e-01 -5.45005202e-01  3.14862680e+00]
   [-4.04162377e-01 -1.02250546e-01  1.08015060e-01  2.28850579e+00
     4.17649651e+00 -4.23447005e-02 -3.51963878e-01  2.69011307e+00]
   [-4.72786516e-01  4.05111343e-01 -1.97050244e-01  2.04068303e+00
     3.64059329e+00  7.82615468e-02 -2.89129436e-01  2.54650140e+00]
   [-5.16409576e-01  3.79901469e-01 -2.17661023e-01  1.93238199e+00
     3.52490664e+00  2.32040789e-02 -2.85017431e-01  2.48696733e+00]
   [-7.83899963e-01 -4.62937690e-02 -2.57960021e-01  1.09551907e+00
     2.39607620e+00 -3.28400254e-01 -2.40975901e-01  1.80206203e+00]
   [-5.38199246e-01 -6.02832615e-01  4.02442545e-01  8.23490381e-01
     1.87721324e+00 -2.56715417e-01 -6.52366728e-02  1.05224669e+00]
   [-7.93831721e-02 -6.78420126e-01  3.44392389e-01  4.45258439e-01
     8.00041080e-01  4.79247235e-02  3.83331552e-02  3.27274442e-01]
   [ 0.00000000e+00  0.00000000e+00  0.00000000e+00  0.00000000e+00
     0.00000000e+00  0.00000000e+00  0.00000000e+00  0.00000000e+00]
   [ 0.00000000e+00  0.00000000e+00  0.00000000e+00  0.00000000e+00
     0.00000000e+00  0.00000000e+00  0.00000000e+00  0.00000000e+00]]

  [[ 0.00000000e+00  0.00000000e+00  0.00000000e+00  0.00000000e+00
     0.00000000e+00  0.00000000e+00  0.00000000e+00  0.00000000e+00]
   [-3.09073150e-01  3.36071849e-01  8.09279203e-01  8.48685920e-01
     1.03653693e+00  7.66169012e-01 -4.42060679e-02  9.03004587e-01]
   [ 2.80542403e-01  1.89824569e+00 -1.24067402e+00  3.02020359e+00
     3.63978601e+00  2.58145428e+00 -2.82141328e-01  3.06540322e+00]
   [ 2.11241889e+00  1.27508700e+00 -5.81902325e-01  4.98045111e+00
     6.00909328e+00  3.83384371e+00 -5.81782818e-01  5.23424530e+00]
   [ 5.10763168e+00 -2.96909046e+00  2.24424171e+00  5.71054935e+00
     7.48846960e+00  3.90929365e+00 -9.46809292e-01  5.82064486e+00]
   [ 4.96890354e+00 -2.13216496e+00  2.22418761e+00  5.52160740e+00
     7.50941706e+00  3.01222730e+00 -9.24235046e-01  5.72243023e+00]
   [ 4.10913801e+00 -1.67276824e+00  1.88374245e+00  5.72030544e+00
     8.14681816e+00  2.10540104e+00 -8.99526715e-01  5.63395119e+00]
   [ 3.64478064e+00 -1.81186891e+00  1.45761764e+00  5.76989365e+00
     8.36492062e+00  1.88307846e+00 -9.64418530e-01  5.66660261e+00]
   [ 4.06622648e+00 -1.57520592e+00  1.89617419e+00  6.85747766e+00
     9.95558357e+00  2.25788784e+00 -9.90456402e-01  6.40807676e+00]
   [ 3.10005283e+00 -1.86962211e+00  1.36417195e-01  4.24097347e+00
     6.75107861e+00  5.69095910e-01 -9.89396334e-01  4.80341530e+00]
   [ 1.39297283e+00 -3.03904963e+00  2.33407426e+00  2.06694603e+00
     4.41509581e+00 -8.28492463e-01 -6.70591414e-01  2.36368752e+00]
   [ 7.76365161e-01 -2.53523111e+00  1.70621324e+00  1.04956663e+00
     1.97835398e+00 -4.07165289e-01 -3.79527986e-01  4.30301398e-01]
   [ 0.00000000e+00  0.00000000e+00  0.00000000e+00  0.00000000e+00
     0.00000000e+00  0.00000000e+00  0.00000000e+00  0.00000000e+00]
   [ 0.00000000e+00  0.00000000e+00  0.00000000e+00  0.00000000e+00
     0.00000000e+00  0.00000000e+00  0.00000000e+00  0.00000000e+00]]

  [[ 0.00000000e+00  0.00000000e+00  0.00000000e+00  0.00000000e+00
     0.00000000e+00  0.00000000e+00  0.00000000e+00  0.00000000e+00]
   [-6.35899603e-01  7.06178069e-01 -3.79363477e-01  8.47033918e-01
     8.54749560e-01  6.94583774e-01 -7.04769685e-04  7.03910589e-01]
   [-1.96745896e+00  3.04474521e+00 -3.44673300e+00  2.47385812e+00
     2.79608059e+00  2.38541746e+00 -1.32584900e-01  2.61504269e+00]
   [-1.78761268e+00 -1.75973512e-02 -2.32506776e+00  4.76049137e+00
     5.05509281e+00  4.49109173e+00 -2.68943280e-01  4.99514389e+00]
   [-7.86478758e-01 -2.44361496e+00  2.10081022e-02  5.65732861e+00
     5.88356161e+00  5.75569534e+00 -5.34585774e-01  6.16042757e+00]
   [ 8.23053777e-01 -1.85121500e+00  2.92093754e-01  5.60304165e+00
     5.87664604e+00  5.62967873e+00 -5.74374616e-01  6.14824820e+00]
   [ 2.71391392e+00 -1.68643367e+00  3.33744735e-01  5.23861980e+00
     6.03572130e+00  5.53873396e+00 -6.78905725e-01  6.27918243e+00]
   [ 3.81984687e+00 -9.94629741e-01  6.60925031e-01  6.26520014e+00
     7.12743425e+00  5.87581539e+00 -8.02039206e-01  6.90811157e+00]
   [ 4.14058924e+00 -2.58602977e-01  6.83245361e-01  7.97655201e+00
     9.92723274e+00  6.81836414e+00 -1.08333862e+00  9.21846771e+00]
   [ 4.94827843e+00 -1.49326181e+00 -4.86826390e-01  6.22485304e+00
     7.88622427e+00  4.42869282e+00 -1.29565930e+00  8.46884918e+00]
   [ 4.69607878e+00 -8.43432140e+00  5.58241463e+00  3.47254562e+00
     6.00986433e+00  1.86440790e+00 -6.61596715e-01  4.33154154e+00]
   [ 2.47574592e+00 -1.53842509e+00  2.66633153e+00  2.60880560e-01
     5.40329933e-01  1.70546889e-01 -5.89693666e-01  3.19885075e-01]
   [ 0.00000000e+00  0.00000000e+00  0.00000000e+00  0.00000000e+00
     0.00000000e+00  0.00000000e+00  0.00000000e+00  0.00000000e+00]
   [ 0.00000000e+00  0.00000000e+00  0.00000000e+00  0.00000000e+00
     0.00000000e+00  0.00000000e+00  0.00000000e+00  0.00000000e+00]]

  [[ 0.00000000e+00  0.00000000e+00  0.00000000e+00  0.00000000e+00
     0.00000000e+00  0.00000000e+00  0.00000000e+00  0.00000000e+00]
   [-3.58628333e-01  3.96571010e-01 -6.02782249e-01  3.87691349e-01
     3.77453834e-01  5.08698821e-01 -8.34646523e-02  5.11987388e-01]
   [-1.54808021e+00  1.20503283e+00 -2.41803002e+00  8.86740744e-01
     1.04727817e+00  1.85269523e+00 -2.43254289e-01  1.40686357e+00]
   [-4.35645533e+00 -9.82506037e-01 -2.39431167e+00  2.27645826e+00
     1.96677625e+00  3.78878260e+00 -3.71200770e-01  2.22613668e+00]
   [-9.22842693e+00 -3.00676918e+00 -2.19463396e+00  3.59746909e+00
     2.96258569e+00  5.46063995e+00 -5.35260558e-01  2.52759171e+00]
   [-1.01124096e+01 -3.66046691e+00 -1.97226405e+00  4.20579529e+00
     3.51535058e+00  6.01283026e+00 -5.67296743e-01  3.14783025e+00]
   [-1.04024992e+01 -4.58593273e+00 -1.68747020e+00  4.93652630e+00
     4.11725616e+00  6.58028555e+00 -6.13691688e-01  3.68345904e+00]
   [-9.28293228e+00 -2.97791958e+00 -3.23109210e-01  7.61748123e+00
     7.66818762e+00  8.13628769e+00 -7.30035901e-01  6.29018593e+00]
   [-9.58332729e+00 -5.22335172e-01 -5.93696117e+00  9.71586227e+00
     1.04800463e+01  9.59759521e+00 -1.21951807e+00  9.45036888e+00]
   [-6.81032467e+00 -4.96312428e+00  2.89911896e-01  8.39209747e+00
     9.85355568e+00  6.85002279e+00 -8.85574460e-01  8.42045784e+00]
   [-2.15780783e+00 -1.59460297e+01  6.88220596e+00  5.09103584e+00
     5.72829151e+00  4.40065813e+00 -1.14716029e+00  3.59865165e+00]
   [-1.14570940e+00 -3.72080714e-01  2.16144466e+00  4.45619047e-01
    -1.36858389e-01  9.06458020e-01 -3.21792006e-01 -4.88464683e-02]
   [ 0.00000000e+00  0.00000000e+00  0.00000000e+00  0.00000000e+00
     0.00000000e+00  0.00000000e+00  0.00000000e+00  0.00000000e+00]
   [ 0.00000000e+00  0.00000000e+00  0.00000000e+00  0.00000000e+00
     0.00000000e+00  0.00000000e+00  0.00000000e+00  0.00000000e+00]]

  [[ 0.00000000e+00  0.00000000e+00  0.00000000e+00  0.00000000e+00
     0.00000000e+00  0.00000000e+00  0.00000000e+00  0.00000000e+00]
   [ 0.00000000e+00  0.00000000e+00  0.00000000e+00  0.00000000e+00
     0.00000000e+00  0.00000000e+00  0.00000000e+00  0.00000000e+00]
   [ 0.00000000e+00  0.00000000e+00  0.00000000e+00  0.00000000e+00
     0.00000000e+00  0.00000000e+00  0.00000000e+00  0.00000000e+00]
   [ 0.00000000e+00  0.00000000e+00  0.00000000e+00  0.00000000e+00
     0.00000000e+00  0.00000000e+00  0.00000000e+00  0.00000000e+00]
   [-7.60991871e-02  1.01660334e-01 -1.80835217e-01  8.25504735e-02
     1.06438525e-01  1.53555229e-01 -2.45790500e-02  1.57064214e-01]
   [-2.28249907e-01  6.32939190e-02 -3.54055762e-01  1.51864111e-01
     1.51127681e-01  3.19342077e-01 -3.33692580e-02  2.24028021e-01]
   [-4.13027942e-01 -2.09300499e-02  1.92389786e-01  1.63816357e+00
     1.79503024e+00  1.37213635e+00 -1.29528180e-01  1.22337735e+00]
   [-1.45423889e+00  2.57523966e+00 -1.46362162e+00  5.24369621e+00
     6.45969200e+00  4.02134943e+00 -4.62063730e-01  5.01946449e+00]
   [-2.62179160e+00  4.69745159e+00 -7.31279802e+00  6.86578321e+00
     8.48897743e+00  5.47532320e+00 -1.07604468e+00  8.32993126e+00]
   [-5.96267581e-02 -1.01586647e+01  3.06794477e+00  6.06826496e+00
     8.17573166e+00  4.89274359e+00 -6.95783257e-01  6.16030073e+00]
   [-2.20087337e+00 -8.78587723e+00  5.10555696e+00  2.51515698e+00
     2.20214653e+00  3.47242904e+00 -9.56053436e-01  1.86971366e+00]
   [-2.60740566e+00 -8.70561898e-01  7.89733768e-01  4.31639850e-01
     1.19964883e-03  6.55010402e-01 -1.37319773e-01 -3.92057210e-01]
   [ 0.00000000e+00  0.00000000e+00  0.00000000e+00  0.00000000e+00
     0.00000000e+00  0.00000000e+00  0.00000000e+00  0.00000000e+00]
   [ 0.00000000e+00  0.00000000e+00  0.00000000e+00  0.00000000e+00
     0.00000000e+00  0.00000000e+00  0.00000000e+00  0.00000000e+00]]

  [[ 0.00000000e+00  0.00000000e+00  0.00000000e+00  0.00000000e+00
     0.00000000e+00  0.00000000e+00  0.00000000e+00  0.00000000e+00]
   [ 0.00000000e+00  0.00000000e+00  0.00000000e+00  0.00000000e+00
     0.00000000e+00  0.00000000e+00  0.00000000e+00  0.00000000e+00]
   [ 0.00000000e+00  0.00000000e+00  0.00000000e+00  0.00000000e+00
     0.00000000e+00  0.00000000e+00  0.00000000e+00  0.00000000e+00]
   [ 0.00000000e+00  0.00000000e+00  0.00000000e+00  0.00000000e+00
     0.00000000e+00  0.00000000e+00  0.00000000e+00  0.00000000e+00]
   [ 0.00000000e+00  0.00000000e+00  0.00000000e+00  0.00000000e+00
     0.00000000e+00  0.00000000e+00  0.00000000e+00  0.00000000e+00]
   [ 1.16847374e-01  6.75264224e-02  5.52074462e-02  2.90091783e-01
     3.09874564e-01  1.47475287e-01 -1.10143311e-02  1.59465864e-01]
   [ 3.59552175e-01  1.36699355e+00  1.07441890e+00  3.12815332e+00
     4.08476019e+00  1.85290873e+00 -1.61148533e-01  2.84588218e+00]
   [-1.27471828e+00  5.53928089e+00 -6.89648533e+00  5.97028112e+00
     7.54584599e+00  4.31928730e+00 -7.80935109e-01  6.94085646e+00]
   [-8.47691655e-01  5.96202075e-01 -2.36707139e+00  6.27732992e+00
     8.63255596e+00  4.60930681e+00 -7.31393993e-01  7.92234039e+00]
   [-1.76152244e-01 -1.42547264e+01  5.57267618e+00  4.70372677e+00
     5.39414644e+00  4.59026623e+00 -1.06876588e+00  4.13141251e+00]
   [-4.40648556e+00 -2.44961739e+00  2.58100176e+00  1.09186900e+00
     3.39548588e-01  1.90148413e+00 -2.95503795e-01  1.68706961e-02]
   [-5.82684815e-01 -2.07258105e-01  1.04679555e-01  1.15006469e-01
    -1.23186028e-02  1.14100009e-01 -4.00776155e-02 -1.12027057e-01]
   [ 0.00000000e+00  0.00000000e+00  0.00000000e+00  0.00000000e+00
     0.00000000e+00  0.00000000e+00  0.00000000e+00  0.00000000e+00]
   [ 0.00000000e+00  0.00000000e+00  0.00000000e+00  0.00000000e+00
     0.00000000e+00  0.00000000e+00  0.00000000e+00  0.00000000e+00]]

  [[ 0.00000000e+00  0.00000000e+00  0.00000000e+00  0.00000000e+00
     0.00000000e+00  0.00000000e+00  0.00000000e+00  0.00000000e+00]
   [ 0.00000000e+00  0.00000000e+00  0.00000000e+00  0.00000000e+00
     0.00000000e+00  0.00000000e+00  0.00000000e+00  0.00000000e+00]
   [ 0.00000000e+00  0.00000000e+00  0.00000000e+00  0.00000000e+00
     0.00000000e+00  0.00000000e+00  0.00000000e+00  0.00000000e+00]
   [ 0.00000000e+00  0.00000000e+00  0.00000000e+00  0.00000000e+00
     0.00000000e+00  0.00000000e+00  0.00000000e+00  0.00000000e+00]
   [ 4.67389496e-03  2.70105712e-03  2.20829807e-03  1.16036721e-02
     1.23949833e-02  5.89901209e-03 -4.40573262e-04  6.37863530e-03]
   [ 6.22404993e-01  6.27572179e-01  8.18695784e-01  2.03562140e+00
     2.60969877e+00  1.01290905e+00 -7.65556917e-02  1.63457417e+00]
   [-2.90200025e-01  3.67353201e+00 -2.18633389e+00  5.12621450e+00
     6.63694191e+00  3.33565164e+00 -5.65749764e-01  5.59370518e+00]
   [-1.35688078e+00  5.15161467e+00 -6.83432150e+00  6.42539072e+00
     8.91641903e+00  4.36305571e+00 -9.54027057e-01  8.41928959e+00]
   [ 4.76859182e-01 -1.06118059e+01  3.45183969e+00  5.77325821e+00
     7.77615356e+00  4.48433208e+00 -6.98445559e-01  5.67222309e+00]
   [-2.92525578e+00 -7.58946609e+00  4.72664785e+00  2.23759198e+00
     1.75110161e+00  3.15140319e+00 -9.04651642e-01  1.42250395e+00]
   [-2.31003594e+00 -8.11307311e-01  5.33201754e-01  4.05265361e-01
     1.12923153e-03  5.20908594e-01 -1.18336372e-01 -3.88897419e-01]
   [ 0.00000000e+00  0.00000000e+00  0.00000000e+00  0.00000000e+00
     0.00000000e+00  0.00000000e+00  0.00000000e+00  0.00000000e+00]
   [ 0.00000000e+00  0.00000000e+00  0.00000000e+00  0.00000000e+00
     0.00000000e+00  0.00000000e+00  0.00000000e+00  0.00000000e+00]
   [ 0.00000000e+00  0.00000000e+00  0.00000000e+00  0.00000000e+00
     0.00000000e+00  0.00000000e+00  0.00000000e+00  0.00000000e+00]]

  [[ 0.00000000e+00  0.00000000e+00  0.00000000e+00  0.00000000e+00
     0.00000000e+00  0.00000000e+00  0.00000000e+00  0.00000000e+00]
   [ 0.00000000e+00  0.00000000e+00  0.00000000e+00  0.00000000e+00
     0.00000000e+00  0.00000000e+00  0.00000000e+00  0.00000000e+00]
   [ 0.00000000e+00  0.00000000e+00  0.00000000e+00  0.00000000e+00
     0.00000000e+00  0.00000000e+00  0.00000000e+00  0.00000000e+00]
   [ 0.00000000e+00  0.00000000e+00  0.00000000e+00  0.00000000e+00
     0.00000000e+00  0.00000000e+00  0.00000000e+00  0.00000000e+00]
   [ 3.94664943e-01  2.53761351e-01  2.49915212e-01  1.01487434e+00
     1.14490330e+00  5.04292428e-01 -3.60752009e-02  6.24315917e-01]
   [ 2.49210387e-01  2.28316212e+00  2.27257371e-01  3.95659328e+00
     5.22500849e+00  2.50676513e+00 -3.40085357e-01  3.96535516e+00]
   [-9.25528705e-01  5.66139650e+00 -6.93656826e+00  6.72132540e+00
     8.45301247e+00  4.41075659e+00 -9.14822161e-01  7.87464666e+00]
   [ 5.69024801e-01 -3.30240965e+00 -8.26916099e-02  6.31805658e+00
     9.01845360e+00  4.55876160e+00 -5.84778905e-01  7.46969795e+00]
   [ 5.40259540e-01 -1.22901926e+01  5.32862043e+00  3.81230330e+00
     3.94196153e+00  4.19015217e+00 -1.10832012e+00  3.43421125e+00]
   [-3.81583667e+00 -1.76402712e+00  2.16690493e+00  8.24111283e-01
     2.13488623e-01  1.55517244e+00 -2.41420016e-01 -1.12427123e-01]
   [-3.41930568e-01 -1.64523512e-01  4.78128716e-02  7.49466270e-02
     1.42297577e-02  6.42403513e-02 -2.59007160e-02 -4.98557538e-02]
   [ 0.00000000e+00  0.00000000e+00  0.00000000e+00  0.00000000e+00
     0.00000000e+00  0.00000000e+00  0.00000000e+00  0.00000000e+00]
   [ 0.00000000e+00  0.00000000e+00  0.00000000e+00  0.00000000e+00
     0.00000000e+00  0.00000000e+00  0.00000000e+00  0.00000000e+00]
   [ 0.00000000e+00  0.00000000e+00  0.00000000e+00  0.00000000e+00
     0.00000000e+00  0.00000000e+00  0.00000000e+00  0.00000000e+00]]

  [[ 0.00000000e+00  0.00000000e+00  0.00000000e+00  0.00000000e+00
     0.00000000e+00  0.00000000e+00  0.00000000e+00  0.00000000e+00]
   [ 0.00000000e+00  0.00000000e+00  0.00000000e+00  0.00000000e+00
     0.00000000e+00  0.00000000e+00  0.00000000e+00  0.00000000e+00]
   [ 0.00000000e+00  0.00000000e+00  0.00000000e+00  0.00000000e+00
     0.00000000e+00  0.00000000e+00  0.00000000e+00  0.00000000e+00]
   [ 9.50358659e-02  5.49214929e-02  4.49020565e-02  2.35941321e-01
     2.52031326e-01  1.19946569e-01 -8.95832293e-03  1.29698917e-01]
   [ 5.97779155e-01  1.10733175e+00  1.09621894e+00  2.92944598e+00
     3.84158731e+00  1.63725543e+00 -1.78692460e-01  2.61026478e+00]
   [-5.29352605e-01  5.16277266e+00 -5.24874306e+00  6.34021616e+00
     8.29342937e+00  4.09320974e+00 -7.71805227e-01  7.01386070e+00]
   [-1.03433490e+00  3.40335393e+00 -4.75952148e+00  7.05921555e+00
     9.83264542e+00  4.68703270e+00 -9.80983317e-01  9.14786720e+00]
   [ 8.40211153e-01 -1.35299988e+01  4.63910484e+00  5.63196325e+00
     7.48012972e+00  4.62115765e+00 -1.02535641e+00  5.60872364e+00]
   [-3.97601223e+00 -5.47016668e+00  3.91193724e+00  1.97077167e+00
     1.27024877e+00  2.99151301e+00 -5.81271648e-01  1.12239420e+00]
   [-2.15824413e+00 -8.06294918e-01  4.55618441e-01  3.79950970e-01
     9.95697081e-03  4.68270689e-01 -1.15840420e-01 -3.62238884e-01]
   [ 0.00000000e+00  0.00000000e+00  0.00000000e+00  0.00000000e+00
     0.00000000e+00  0.00000000e+00  0.00000000e+00  0.00000000e+00]
   [ 0.00000000e+00  0.00000000e+00  0.00000000e+00  0.00000000e+00
     0.00000000e+00  0.00000000e+00  0.00000000e+00  0.00000000e+00]
   [ 0.00000000e+00  0.00000000e+00  0.00000000e+00  0.00000000e+00
     0.00000000e+00  0.00000000e+00  0.00000000e+00  0.00000000e+00]
   [ 0.00000000e+00  0.00000000e+00  0.00000000e+00  0.00000000e+00
     0.00000000e+00  0.00000000e+00  0.00000000e+00  0.00000000e+00]]

  [[ 0.00000000e+00  0.00000000e+00  0.00000000e+00  0.00000000e+00
     0.00000000e+00  0.00000000e+00  0.00000000e+00  0.00000000e+00]
   [ 0.00000000e+00  0.00000000e+00  0.00000000e+00  0.00000000e+00
     0.00000000e+00  0.00000000e+00  0.00000000e+00  0.00000000e+00]
   [ 0.00000000e+00  0.00000000e+00  0.00000000e+00  0.00000000e+00
     0.00000000e+00  0.00000000e+00  0.00000000e+00  0.00000000e+00]
   [ 2.54527152e-01  1.60518959e-01  5.05410790e-01  9.41981971e-01
     1.06423652e+00  5.29024959e-01 -2.96401344e-02  6.74314320e-01]
   [ 2.79173434e-01  3.11693621e+00 -6.67118490e-01  5.38644266e+00
     6.83480406e+00  3.59157395e+00 -3.50028306e-01  5.04827166e+00]
   [-5.19511819e-01  6.62930727e+00 -8.20691967e+00  7.94276094e+00
     9.98982525e+00  5.76667452e+00 -1.17520416e+00  9.56117535e+00]
   [ 1.18827474e+00 -7.68450642e+00  1.59278321e+00  7.26074648e+00
     1.00525446e+01  5.27396822e+00 -1.01045227e+00  8.31943035e+00]
   [-1.50577545e+00 -1.25950890e+01  6.54073954e+00  3.78545976e+00
     4.23067570e+00  3.91808915e+00 -1.04085183e+00  2.94983482e+00]
   [-3.79701757e+00 -1.88771677e+00  1.39093876e+00  7.37952530e-01
     2.39093095e-01  1.09576046e+00 -2.50302076e-01 -4.19354439e-01]
   [-2.06337407e-01 -9.92814302e-02  2.88525950e-02  4.52264100e-02
     8.58692266e-03  3.87657285e-02 -1.56297423e-02 -3.00853681e-02]
   [ 0.00000000e+00  0.00000000e+00  0.00000000e+00  0.00000000e+00
     0.00000000e+00  0.00000000e+00  0.00000000e+00  0.00000000e+00]
   [ 0.00000000e+00  0.00000000e+00  0.00000000e+00  0.00000000e+00
     0.00000000e+00  0.00000000e+00  0.00000000e+00  0.00000000e+00]
   [ 0.00000000e+00  0.00000000e+00  0.00000000e+00  0.00000000e+00
     0.00000000e+00  0.00000000e+00  0.00000000e+00  0.00000000e+00]
   [ 0.00000000e+00  0.00000000e+00  0.00000000e+00  0.00000000e+00
     0.00000000e+00  0.00000000e+00  0.00000000e+00  0.00000000e+00]]

  [[ 0.00000000e+00  0.00000000e+00  0.00000000e+00  0.00000000e+00
     0.00000000e+00  0.00000000e+00  0.00000000e+00  0.00000000e+00]
   [ 0.00000000e+00  0.00000000e+00  0.00000000e+00  0.00000000e+00
     0.00000000e+00  0.00000000e+00  0.00000000e+00  0.00000000e+00]
   [ 0.00000000e+00  0.00000000e+00  0.00000000e+00  0.00000000e+00
     0.00000000e+00  0.00000000e+00  0.00000000e+00  0.00000000e+00]
   [-4.00087923e-01  4.41004902e-01  3.70170951e-01  6.68850482e-01
     7.98562407e-01  6.67216897e-01 -1.77839529e-02  7.10223794e-01]
   [-2.22154641e+00  4.32978630e+00 -4.32667351e+00  4.47101212e+00
     5.02948856e+00  4.42480946e+00 -3.91478986e-01  4.52734232e+00]
   [-1.23174572e+00  2.98872375e+00 -5.64836407e+00  6.01251888e+00
     6.62428331e+00  6.60718632e+00 -6.69854343e-01  7.09131908e+00]
   [ 3.16079110e-02 -1.23039217e+01  4.52780724e+00  5.24283934e+00
     5.21927404e+00  6.42881727e+00 -8.55012178e-01  5.44958210e+00]
   [-2.78792548e+00 -5.78901148e+00  4.32544899e+00  1.61661422e+00
     9.77263272e-01  2.76978946e+00 -7.20914960e-01  8.91262472e-01]
   [-6.24744833e-01 -6.31899398e-04  3.13765883e-01  1.08280562e-01
    -7.19244331e-02  1.72852069e-01 -5.88331036e-02 -1.34622842e-01]
   [ 0.00000000e+00  0.00000000e+00  0.00000000e+00  0.00000000e+00
     0.00000000e+00  0.00000000e+00  0.00000000e+00  0.00000000e+00]
   [ 0.00000000e+00  0.00000000e+00  0.00000000e+00  0.00000000e+00
     0.00000000e+00  0.00000000e+00  0.00000000e+00  0.00000000e+00]
   [ 0.00000000e+00  0.00000000e+00  0.00000000e+00  0.00000000e+00
     0.00000000e+00  0.00000000e+00  0.00000000e+00  0.00000000e+00]
   [ 0.00000000e+00  0.00000000e+00  0.00000000e+00  0.00000000e+00
     0.00000000e+00  0.00000000e+00  0.00000000e+00  0.00000000e+00]
   [ 0.00000000e+00  0.00000000e+00  0.00000000e+00  0.00000000e+00
     0.00000000e+00  0.00000000e+00  0.00000000e+00  0.00000000e+00]]

  [[ 0.00000000e+00  0.00000000e+00  0.00000000e+00  0.00000000e+00
     0.00000000e+00  0.00000000e+00  0.00000000e+00  0.00000000e+00]
   [ 0.00000000e+00  0.00000000e+00  0.00000000e+00  0.00000000e+00
     0.00000000e+00  0.00000000e+00  0.00000000e+00  0.00000000e+00]
   [ 0.00000000e+00  0.00000000e+00  0.00000000e+00  0.00000000e+00
     0.00000000e+00  0.00000000e+00  0.00000000e+00  0.00000000e+00]
   [-5.45008421e-01  5.37547886e-01 -5.37397623e-01  6.03641331e-01
     5.43194413e-01  5.14578640e-01 -4.14404385e-02  4.93232697e-01]
   [-2.87143350e+00  3.21806717e+00 -4.47986031e+00  2.44238520e+00
     2.79635096e+00  3.06748366e+00 -2.87355155e-01  2.87841892e+00]
   [-3.86517119e+00 -1.25218379e+00 -2.58377409e+00  3.57750869e+00
     3.37293386e+00  4.74933815e+00 -3.02242309e-01  3.97329640e+00]
   [-6.30510092e+00 -9.01768875e+00  2.65520358e+00  3.51600385e+00
     2.65167570e+00  4.63158226e+00 -4.64851439e-01  2.46223426e+00]
   [-4.97109365e+00 -2.81634855e+00  1.71807969e+00  1.11159587e+00
     4.89105314e-01  1.69695652e+00 -1.49125278e-01 -1.47915795e-01]
   [-3.91440660e-01 -1.21884994e-01  7.58282393e-02  7.42437690e-02
    -1.69530828e-02  7.77492076e-02 -2.59602424e-02 -8.16816762e-02]
   [ 0.00000000e+00  0.00000000e+00  0.00000000e+00  0.00000000e+00
     0.00000000e+00  0.00000000e+00  0.00000000e+00  0.00000000e+00]
   [ 0.00000000e+00  0.00000000e+00  0.00000000e+00  0.00000000e+00
     0.00000000e+00  0.00000000e+00  0.00000000e+00  0.00000000e+00]
   [ 0.00000000e+00  0.00000000e+00  0.00000000e+00  0.00000000e+00
     0.00000000e+00  0.00000000e+00  0.00000000e+00  0.00000000e+00]
   [ 0.00000000e+00  0.00000000e+00  0.00000000e+00  0.00000000e+00
     0.00000000e+00  0.00000000e+00  0.00000000e+00  0.00000000e+00]
   [ 0.00000000e+00  0.00000000e+00  0.00000000e+00  0.00000000e+00
     0.00000000e+00  0.00000000e+00  0.00000000e+00  0.00000000e+00]]]]