[[[[1.15316749e+00 3.63881111e-01 1.21611762e+00 1.20671558e+00
    1.20664597e+00 2.24484205e-02 1.14763439e+00 4.15932000e-01]
   [1.15316749e+00 3.63881111e-01 1.21611762e+00 1.20671558e+00
    1.20664597e+00 2.24484205e-02 1.14763439e+00 4.15932000e-01]
   [1.15316749e+00 3.63881111e-01 1.21611762e+00 1.20671558e+00
    1.20664597e+00 2.24484205e-02 1.14763439e+00 4.15932000e-01]
   [1.15316749e+00 3.63881111e-01 1.21611762e+00 1.20671558e+00
    1.20664597e+00 2.24484205e-02 1.14763439e+00 4.15932000e-01]
   [1.15316749e+00 3.63881111e-01 1.21611762e+00 1.20671558e+00
    1.20664597e+00 2.24484205e-02 1.14763439e+00 4.15932000e-01]
   [1.15316749e+00 3.63881111e-01 1.21611762e+00 1.20671558e+00
    1.20664597e+00 2.24484205e-02 1.14763439e+00 4.15932000e-01]
   [1.15316749e+00 3.63881111e-01 1.21611762e+00 1.20671558e+00
    1.20664597e+00 2.24484205e-02 1.14763439e+00 4.15932000e-01]
   [1.15316749e+00 3.63881111e-01 1.21611762e+00 1.20671558e+00
    1.20664597e+00 2.24484205e-02 1.14763439e+00 4.15932000e-01]
   [1.15316749e+00 3.63881111e-01 1.21611762e+00 1.20671558e+00
    1.20664597e+00 2.24484205e-02 1.14763439e+00 4.15932000e-01]
   [1.15316749e+00 3.63881111e-01 1.21611762e+00 1.20671558e+00
    1.20664597e+00 2.24484205e-02 1.14763439e+00 4.15932000e-01]
   [1.15316749e+00 3.63881111e-01 1.21611762e+00 1.20671558e+00
    1.20664597e+00 2.24484205e-02 1.14763439e+00 4.15932000e-01]
   [1.15316749e+00 3.63881111e-01 1.21611762e+00 1.20671558e+00
    1.20664597e+00 2.24484205e-02 1.14763439e+00 4.15932000e-01]
   [1.15316749e+00 3.63881111e-01 1.21611762e+00 1.20671558e+00
    1.20664597e+00 2.24484205e-02 1.14763439e+00 4.15932000e-01]
   [1.15316749e+00 3.63881111e-01 1.21611762e+00 1.20671558e+00
    1.20664597e+00 2.24484205e-02 1.14763439e+00 4.15932000e-01]]

  [[1.15316749e+00 3.63881111e-01 1.21611762e+00 1.20671558e+00
    1.20664597e+00 2.24484205e-02 1.14763439e+00 4.15932000e-01]
   [1.15316749e+00 3.63881111e-01 1.21611762e+00 1.20671558e+00
    1.20664597e+00 2.24484205e-02 1.14763439e+00 4.15932000e-01]
   [1.15316749e+00 3.63881111e-01 1.21611762e+00 1.20671558e+00
    1.20664597e+00 2.24484205e-02 1.14763439e+00 4.15932000e-01]
   [1.15316749e+00 3.63881111e-01 1.21611762e+00 1.20671558e+00
    1.20664597e+00 2.24484205e-02 1.14763439e+00 4.15932000e-01]
   [1.15316749e+00 3.63881111e-01 1.21611762e+00 1.20671558e+00
    1.20664597e+00 2.24484205e-02 1.14763439e+00 4.15932000e-01]
   [1.15316749e+00 3.63881111e-01 1.21611762e+00 1.20671558e+00
    1.20664597e+00 2.24484205e-02 1.14763439e+00 4.15932000e-01]
   [1.15316749e+00 3.63881111e-01 1.21611762e+00 1.20671558e+00
    1.20664597e+00 2.24484205e-02 1.14763439e+00 4.15932000e-01]
   [1.15316749e+00 3.63881111e-01 1.21611762e+00 1.20671558e+00
    1.20664597e+00 2.24484205e-02 1.14763439e+00 4.15932000e-01]
   [1.15316749e+00 3.63881111e-01 1.21611762e+00 1.20671558e+00
    1.20664597e+00 2.24484205e-02 1.14763439e+00 4.15932000e-01]
   [1.15316749e+00 3.63881111e-01 1.21611762e+00 1.20671558e+00
    1.20664597e+00 2.24484205e-02 1.14763439e+00 4.15932000e-01]
   [1.15316749e+00 3.63881111e-01 1.21611762e+00 1.20671558e+00
    1.20664597e+00 2.24484205e-02 1.14763439e+00 4.15932000e-01]
   [1.15316749e+00 3.63881111e-01 1.21611762e+00 1.20671558e+00
    1.20664597e+00 2.24484205e-02 1.14763439e+00 4.15932000e-01]
   [1.15316749e+00 3.63881111e-01 1.21611762e+00 1.20671558e+00
    1.20664597e+00 2.24484205e-02 1.14763439e+00 4.15932000e-01]
   [1.15316749e+00 3.63881111e-01 1.21611762e+00 1.20671558e+00
    1.20664597e+00 2.24484205e-02 1.14763439e+00 4.15932000e-01]]

  [[1.15316749e+00 3.63881111e-01 1.21611762e+00 1.20671558e+00
    1.20664597e+00 2.24484205e-02 1.14763439e+00 4.15932000e-01]
   [5.09936452e-01 1.75295687e+00 5.54335058e-01 4.13786799e-01
    3.72305155e-01 6.98503494e-01 4.91924942e-01 2.41277003e+00]
   [0.00000000e+00 3.98728251e+00 0.00000000e+00 0.00000000e+00
    0.00000000e+00 1.44663358e+00 0.00000000e+00 5.71094370e+00]
   [0.00000000e+00 4.87098646e+00 0.00000000e+00 0.00000000e+00
    0.00000000e+00 9.14575934e-01 0.00000000e+00 7.50332403e+00]
   [0.00000000e+00 5.15920115e+00 0.00000000e+00 0.00000000e+00
    0.00000000e+00 1.65444088e+00 0.00000000e+00 8.10780525e+00]
   [0.00000000e+00 4.04089069e+00 0.00000000e+00 0.00000000e+00
    0.00000000e+00 1.21696281e+00 0.00000000e+00 6.45403481e+00]
   [0.00000000e+00 3.42763758e+00 0.00000000e+00 0.00000000e+00
    0.00000000e+00 7.80260324e-01 0.00000000e+00 5.45050859e+00]
   [0.00000000e+00 3.13744187e+00 0.00000000e+00 0.00000000e+00
    0.00000000e+00 4.80100393e-01 0.00000000e+00 4.95836210e+00]
   [0.00000000e+00 3.02337050e+00 0.00000000e+00 0.00000000e+00
    0.00000000e+00 4.62558270e-01 0.00000000e+00 4.78263855e+00]
   [0.00000000e+00 2.14331937e+00 0.00000000e+00 0.00000000e+00
    0.00000000e+00 5.11608541e-01 0.00000000e+00 3.31150770e+00]
   [0.00000000e+00 1.52720499e+00 0.00000000e+00 0.00000000e+00
    0.00000000e+00 4.61807340e-01 0.00000000e+00 2.39773464e+00]
   [3.60722065e-01 9.40244615e-01 2.89491713e-01 3.25471729e-01
    2.51126856e-01 4.61210728e-01 3.06280911e-01 1.32435036e+00]
   [1.15316749e+00 3.63881111e-01 1.21611762e+00 1.20671558e+00
    1.20664597e+00 2.24484205e-02 1.14763439e+00 4.15932000e-01]
   [1.15316749e+00 3.63881111e-01 1.21611762e+00 1.20671558e+00
    1.20664597e+00 2.24484205e-02 1.14763439e+00 4.15932000e-01]]

  [[1.15316749e+00 3.63881111e-01 1.21611762e+00 1.20671558e+00
    1.20664597e+00 2.24484205e-02 1.14763439e+00 4.15932000e-01]
   [7.81458735e-01 1.21403885e+00 8.31510782e-01 7.43934274e-01
    7.51284063e-01 0.00000000e+00 7.05038905e-01 1.92277980e+00]
   [0.00000000e+00 4.70610952e+00 0.00000000e+00 0.00000000e+00
    0.00000000e+00 7.63491571e-01 0.00000000e+00 6.78300333e+00]
   [0.00000000e+00 8.94820690e+00 0.00000000e+00 0.00000000e+00
    0.00000000e+00 4.76835346e+00 0.00000000e+00 1.20964832e+01]
   [0.00000000e+00 1.15615530e+01 0.00000000e+00 0.00000000e+00
    0.00000000e+00 9.36183357e+00 0.00000000e+00 1.50616236e+01]
   [0.00000000e+00 1.09623127e+01 0.00000000e+00 0.00000000e+00
    0.00000000e+00 8.86425972e+00 0.00000000e+00 1.44590731e+01]
   [0.00000000e+00 1.03525505e+01 0.00000000e+00 0.00000000e+00
    0.00000000e+00 7.66468763e+00 0.00000000e+00 1.41316757e+01]
   [0.00000000e+00 1.02065821e+01 0.00000000e+00 0.00000000e+00
    0.00000000e+00 7.23873901e+00 0.00000000e+00 1.40781136e+01]
   [0.00000000e+00 1.16774864e+01 0.00000000e+00 0.00000000e+00
    0.00000000e+00 7.99057722e+00 0.00000000e+00 1.62691154e+01]
   [0.00000000e+00 8.33388901e+00 0.00000000e+00 0.00000000e+00
    0.00000000e+00 6.43915319e+00 0.00000000e+00 1.13431349e+01]
   [0.00000000e+00 3.61040711e+00 0.00000000e+00 0.00000000e+00
    0.00000000e+00 2.06256413e+00 0.00000000e+00 5.56545401e+00]
   [0.00000000e+00 1.56760263e+00 8.76086950e-03 0.00000000e+00
    0.00000000e+00 1.00878847e+00 1.79954857e-01 2.40604019e+00]
   [1.15316749e+00 3.63881111e-01 1.21611762e+00 1.20671558e+00
    1.20664597e+00 2.24484205e-02 1.14763439e+00 4.15932000e-01]
   [1.15316749e+00 3.63881111e-01 1.21611762e+00 1.20671558e+00
    1.20664597e+00 2.24484205e-02 1.14763439e+00 4.15932000e-01]]

  [[1.15316749e+00 3.63881111e-01 1.21611762e+00 1.20671558e+00
    1.20664597e+00 2.24484205e-02 1.14763439e+00 4.15932000e-01]
   [9.02170777e-01 1.32280111e+00 8.76938462e-01 7.88390875e-01
    7.44925022e-01 0.00000000e+00 7.08397269e-01 1.90044475e+00]
   [9.85903084e-01 3.37850618e+00 9.58946884e-01 5.89096725e-01
    6.16655707e-01 0.00000000e+00 5.15196621e-01 5.18880129e+00]
   [0.00000000e+00 7.68070698e+00 0.00000000e+00 0.00000000e+00
    0.00000000e+00 3.00917697e+00 0.00000000e+00 1.06318369e+01]
   [0.00000000e+00 9.43066883e+00 0.00000000e+00 0.00000000e+00
    0.00000000e+00 4.26967621e+00 0.00000000e+00 1.28846025e+01]
   [0.00000000e+00 9.86872768e+00 0.00000000e+00 0.00000000e+00
    0.00000000e+00 5.32781410e+00 0.00000000e+00 1.32330732e+01]
   [0.00000000e+00 1.10076694e+01 0.00000000e+00 0.00000000e+00
    0.00000000e+00 7.75932789e+00 0.00000000e+00 1.41612101e+01]
   [0.00000000e+00 1.27244635e+01 0.00000000e+00 0.00000000e+00
    0.00000000e+00 9.38921356e+00 0.00000000e+00 1.63654976e+01]
   [0.00000000e+00 1.56035328e+01 0.00000000e+00 0.00000000e+00
    0.00000000e+00 1.03933716e+01 0.00000000e+00 2.06423931e+01]
   [0.00000000e+00 1.39223871e+01 0.00000000e+00 0.00000000e+00
    0.00000000e+00 1.11769600e+01 0.00000000e+00 1.78648357e+01]
   [0.00000000e+00 7.23983049e+00 0.00000000e+00 0.00000000e+00
    0.00000000e+00 5.84565830e+00 0.00000000e+00 1.00457115e+01]
   [9.06333268e-01 1.66738033e+00 1.61348248e+00 1.23096013e+00
    1.48041654e+00 2.64162636e+00 1.74615645e+00 1.85388041e+00]
   [1.15316749e+00 3.63881111e-01 1.21611762e+00 1.20671558e+00
    1.20664597e+00 2.24484205e-02 1.14763439e+00 4.15932000e-01]
   [1.15316749e+00 3.63881111e-01 1.21611762e+00 1.20671558e+00
    1.20664597e+00 2.24484205e-02 1.14763439e+00 4.15932000e-01]]

  [[1.15316749e+00 3.63881111e-01 1.21611762e+00 1.20671558e+00
    1.20664597e+00 2.24484205e-02 1.14763439e+00 4.15932000e-01]
   [1.05053270e+00 9.30724084e-01 1.07133865e+00 1.01484406e+00
    9.93366361e-01 0.00000000e+00 9.19718623e-01 1.24745011e+00]
   [1.00776196e+00 2.05790925e+00 1.04941261e+00 8.61900270e-01
    8.39774132e-01 0.00000000e+00 6.82764471e-01 2.79516697e+00]
   [0.00000000e+00 4.63375282e+00 0.00000000e+00 0.00000000e+00
    0.00000000e+00 2.55077434e+00 0.00000000e+00 5.81608772e+00]
   [0.00000000e+00 6.32848072e+00 0.00000000e+00 0.00000000e+00
    0.00000000e+00 3.31201100e+00 0.00000000e+00 8.02171040e+00]
   [0.00000000e+00 7.21769667e+00 0.00000000e+00 0.00000000e+00
    0.00000000e+00 3.68250895e+00 0.00000000e+00 9.25708866e+00]
   [0.00000000e+00 8.14324474e+00 0.00000000e+00 0.00000000e+00
    0.00000000e+00 4.05308533e+00 0.00000000e+00 1.05526571e+01]
   [0.00000000e+00 1.19634943e+01 0.00000000e+00 0.00000000e+00
    0.00000000e+00 5.45535088e+00 0.00000000e+00 1.61833611e+01]
   [0.00000000e+00 1.54219198e+01 0.00000000e+00 0.00000000e+00
    0.00000000e+00 6.62046480e+00 0.00000000e+00 2.12594986e+01]
   [0.00000000e+00 1.29600935e+01 0.00000000e+00 0.00000000e+00
    0.00000000e+00 5.34558105e+00 0.00000000e+00 1.83208923e+01]
   [0.00000000e+00 5.01743364e+00 0.00000000e+00 0.00000000e+00
    0.00000000e+00 0.00000000e+00 0.00000000e+00 8.49753094e+00]
   [1.00500822e+00 1.38750494e-01 1.24270558e+00 1.19405580e+00
    1.20049715e+00 0.00000000e+00 1.10282063e+00 4.06568468e-01]
   [1.15316749e+00 3.63881111e-01 1.21611762e+00 1.20671558e+00
    1.20664597e+00 2.24484205e-02 1.14763439e+00 4.15932000e-01]
   [1.15316749e+00 3.63881111e-01 1.21611762e+00 1.20671558e+00
    1.20664597e+00 2.24484205e-02 1.14763439e+00 4.15932000e-01]]

  [[1.15316749e+00 3.63881111e-01 1.21611762e+00 1.20671558e+00
    1.20664597e+00 2.24484205e-02 1.14763439e+00 4.15932000e-01]
   [1.15316749e+00 3.63881111e-01 1.21611762e+00 1.20671558e+00
    1.20664597e+00 2.24484205e-02 1.14763439e+00 4.15932000e-01]
   [1.15316749e+00 3.63881111e-01 1.21611762e+00 1.20671558e+00
    1.20664597e+00 2.24484205e-02 1.14763439e+00 4.15932000e-01]
   [1.15316749e+00 3.63881111e-01 1.21611762e+00 1.20671558e+00
    1.20664597e+00 2.24484205e-02 1.14763439e+00 4.15932000e-01]
   [1.10426068e+00 5.47488093e-01 1.13544583e+00 1.12115967e+00
    1.10598993e+00 2.75357366e-02 1.03808904e+00 6.63351953e-01]
   [1.01453614e+00 6.70533180e-01 1.02597010e+00 1.01271284e+00
    9.75505471e-01 6.94342852e-02 9.06431973e-01 8.18338096e-01]
   [0.00000000e+00 2.48110652e+00 0.00000000e+00 0.00000000e+00
    0.00000000e+00 6.61790609e-01 0.00000000e+00 3.49910855e+00]
   [0.00000000e+00 7.36245108e+00 0.00000000e+00 0.00000000e+00
    0.00000000e+00 8.19006801e-01 0.00000000e+00 1.09608955e+01]
   [0.00000000e+00 9.91860294e+00 0.00000000e+00 0.00000000e+00
    0.00000000e+00 3.62799197e-01 0.00000000e+00 1.49951935e+01]
   [0.00000000e+00 8.82345963e+00 0.00000000e+00 0.00000000e+00
    0.00000000e+00 2.64010715e+00 0.00000000e+00 1.31957808e+01]
   [0.00000000e+00 2.52843404e+00 0.00000000e+00 0.00000000e+00
    0.00000000e+00 0.00000000e+00 0.00000000e+00 4.20290804e+00]
   [5.36880970e-01 5.40276706e-01 5.65372050e-01 5.87842286e-01
    4.48322505e-01 2.56184697e-01 4.59453523e-01 6.29192591e-01]
   [1.15316749e+00 3.63881111e-01 1.21611762e+00 1.20671558e+00
    1.20664597e+00 2.24484205e-02 1.14763439e+00 4.15932000e-01]
   [1.15316749e+00 3.63881111e-01 1.21611762e+00 1.20671558e+00
    1.20664597e+00 2.24484205e-02 1.14763439e+00 4.15932000e-01]]

  [[1.15316749e+00 3.63881111e-01 1.21611762e+00 1.20671558e+00
    1.20664597e+00 2.24484205e-02 1.14763439e+00 4.15932000e-01]
   [1.15316749e+00 3.63881111e-01 1.21611762e+00 1.20671558e+00
    1.20664597e+00 2.24484205e-02 1.14763439e+00 4.15932000e-01]
   [1.15316749e+00 3.63881111e-01 1.21611762e+00 1.20671558e+00
    1.20664597e+00 2.24484205e-02 1.14763439e+00 4.15932000e-01]
   [1.15316749e+00 3.63881111e-01 1.21611762e+00 1.20671558e+00
    1.20664597e+00 2.24484205e-02 1.14763439e+00 4.15932000e-01]
   [1.15316749e+00 3.63881111e-01 1.21611762e+00 1.20671558e+00
    1.20664597e+00 2.24484205e-02 1.14763439e+00 4.15932000e-01]
   [9.86839652e-01 7.34109461e-01 1.04166222e+00 9.97895837e-01
    9.84307408e-01 2.05632716e-01 9.72434521e-01 9.41330314e-01]
   [0.00000000e+00 4.19057035e+00 0.00000000e+00 0.00000000e+00
    0.00000000e+00 3.78039390e-01 0.00000000e+00 6.45030260e+00]
   [0.00000000e+00 7.99193954e+00 0.00000000e+00 0.00000000e+00
    0.00000000e+00 0.00000000e+00 0.00000000e+00 1.25207434e+01]
   [0.00000000e+00 1.03576422e+01 0.00000000e+00 0.00000000e+00
    0.00000000e+00 3.41406655e+00 0.00000000e+00 1.50262232e+01]
   [0.00000000e+00 5.54509020e+00 0.00000000e+00 0.00000000e+00
    0.00000000e+00 4.41342711e-01 0.00000000e+00 8.83463001e+00]
   [3.41902196e-01 9.31349158e-01 5.33725202e-01 4.53270316e-01
    3.19574684e-01 0.00000000e+00 3.00405741e-01 1.39833617e+00]
   [9.75772977e-01 3.48266780e-01 9.96939659e-01 1.01575577e+00
    9.67117727e-01 0.00000000e+00 9.21815634e-01 4.10732210e-01]
   [1.15316749e+00 3.63881111e-01 1.21611762e+00 1.20671558e+00
    1.20664597e+00 2.24484205e-02 1.14763439e+00 4.15932000e-01]
   [1.15316749e+00 3.63881111e-01 1.21611762e+00 1.20671558e+00
    1.20664597e+00 2.24484205e-02 1.14763439e+00 4.15932000e-01]]

  [[1.15316749e+00 3.63881111e-01 1.21611762e+00 1.20671558e+00
    1.20664597e+00 2.24484205e-02 1.14763439e+00 4.15932000e-01]
   [1.15316749e+00 3.63881111e-01 1.21611762e+00 1.20671558e+00
    1.20664597e+00 2.24484205e-02 1.14763439e+00 4.15932000e-01]
   [1.15316749e+00 3.63881111e-01 1.21611762e+00 1.20671558e+00
    1.20664597e+00 2.24484205e-02 1.14763439e+00 4.15932000e-01]
   [1.15316749e+00 3.63881111e-01 1.21611762e+00 1.20671558e+00
    1.20664597e+00 2.24484205e-02 1.14763439e+00 4.15932000e-01]
   [1.14664698e+00 3.78568321e-01 1.20933366e+00 1.19853282e+00
    1.19792986e+00 2.97459364e-02 1.14080882e+00 4.36733305e-01]
   [2.78604627e-02 2.95037603e+00 3.25164199e-02 0.00000000e+00
    0.00000000e+00 8.08194757e-01 0.00000000e+00 4.34976625e+00]
   [0.00000000e+00 6.95983696e+00 0.00000000e+00 0.00000000e+00
    0.00000000e+00 0.00000000e+00 0.00000000e+00 1.07736044e+01]
   [0.00000000e+00 9.28054810e+00 0.00000000e+00 0.00000000e+00
    0.00000000e+00 0.00000000e+00 0.00000000e+00 1.44560223e+01]
   [0.00000000e+00 8.42057514e+00 0.00000000e+00 0.00000000e+00
    0.00000000e+00 2.86276364e+00 0.00000000e+00 1.25423059e+01]
   [0.00000000e+00 2.10755825e+00 2.56512761e-02 0.00000000e+00
    0.00000000e+00 0.00000000e+00 0.00000000e+00 3.52081466e+00]
   [5.20470440e-01 5.64260244e-01 5.20970404e-01 5.52539587e-01
    4.05977070e-01 3.47768098e-01 4.30748224e-01 6.32043362e-01]
   [1.15316749e+00 3.63881111e-01 1.21611762e+00 1.20671558e+00
    1.20664597e+00 2.24484205e-02 1.14763439e+00 4.15932000e-01]
   [1.15316749e+00 3.63881111e-01 1.21611762e+00 1.20671558e+00
    1.20664597e+00 2.24484205e-02 1.14763439e+00 4.15932000e-01]
   [1.15316749e+00 3.63881111e-01 1.21611762e+00 1.20671558e+00
    1.20664597e+00 2.24484205e-02 1.14763439e+00 4.15932000e-01]]

  [[1.15316749e+00 3.63881111e-01 1.21611762e+00 1.20671558e+00
    1.20664597e+00 2.24484205e-02 1.14763439e+00 4.15932000e-01]
   [1.15316749e+00 3.63881111e-01 1.21611762e+00 1.20671558e+00
    1.20664597e+00 2.24484205e-02 1.14763439e+00 4.15932000e-01]
   [1.15316749e+00 3.63881111e-01 1.21611762e+00 1.20671558e+00
    1.20664597e+00 2.24484205e-02 1.14763439e+00 4.15932000e-01]
   [1.15316749e+00 3.63881111e-01 1.21611762e+00 1.20671558e+00
    1.20664597e+00 2.24484205e-02 1.14763439e+00 4.15932000e-01]
   [5.75102925e-01 1.66284919e+00 6.10694468e-01 4.80987549e-01
    4.44264352e-01 6.12434685e-01 5.44150472e-01 2.29147530e+00]
   [0.00000000e+00 5.56755495e+00 0.00000000e+00 0.00000000e+00
    0.00000000e+00 4.73822087e-01 0.00000000e+00 8.44836903e+00]
   [0.00000000e+00 8.91547966e+00 0.00000000e+00 0.00000000e+00
    0.00000000e+00 0.00000000e+00 0.00000000e+00 1.39858427e+01]
   [0.00000000e+00 1.11077061e+01 0.00000000e+00 0.00000000e+00
    0.00000000e+00 5.35567999e+00 0.00000000e+00 1.56469479e+01]
   [0.00000000e+00 4.83790827e+00 0.00000000e+00 0.00000000e+00
    0.00000000e+00 1.03776455e+00 0.00000000e+00 7.39175701e+00]
   [4.49525148e-01 7.38153577e-01 6.09181523e-01 5.61199665e-01
    4.38134879e-01 0.00000000e+00 4.08670545e-01 1.07557344e+00]
   [1.01195848e+00 3.47128153e-01 1.03418326e+00 1.05173707e+00
    1.01562214e+00 0.00000000e+00 9.63571191e-01 4.14870352e-01]
   [1.15316749e+00 3.63881111e-01 1.21611762e+00 1.20671558e+00
    1.20664597e+00 2.24484205e-02 1.14763439e+00 4.15932000e-01]
   [1.15316749e+00 3.63881111e-01 1.21611762e+00 1.20671558e+00
    1.20664597e+00 2.24484205e-02 1.14763439e+00 4.15932000e-01]
   [1.15316749e+00 3.63881111e-01 1.21611762e+00 1.20671558e+00
    1.20664597e+00 2.24484205e-02 1.14763439e+00 4.15932000e-01]]

  [[1.15316749e+00 3.63881111e-01 1.21611762e+00 1.20671558e+00
    1.20664597e+00 2.24484205e-02 1.14763439e+00 4.15932000e-01]
   [1.15316749e+00 3.63881111e-01 1.21611762e+00 1.20671558e+00
    1.20664597e+00 2.24484205e-02 1.14763439e+00 4.15932000e-01]
   [1.15316749e+00 3.63881111e-01 1.21611762e+00 1.20671558e+00
    1.20664597e+00 2.24484205e-02 1.14763439e+00 4.15932000e-01]
   [1.01791334e+00 6.64976478e-01 1.07426512e+00 1.03690863e+00
    1.02584505e+00 1.71432465e-01 1.00517392e+00 8.43214214e-01]
   [0.00000000e+00 4.07209063e+00 0.00000000e+00 0.00000000e+00
    0.00000000e+00 7.50845015e-01 0.00000000e+00 6.15825033e+00]
   [0.00000000e+00 8.39650059e+00 0.00000000e+00 0.00000000e+00
    0.00000000e+00 0.00000000e+00 0.00000000e+00 1.31820107e+01]
   [0.00000000e+00 1.07262802e+01 0.00000000e+00 0.00000000e+00
    0.00000000e+00 1.44194841e+00 0.00000000e+00 1.62480946e+01]
   [0.00000000e+00 8.10587311e+00 0.00000000e+00 0.00000000e+00
    0.00000000e+00 2.70228195e+00 0.00000000e+00 1.21669273e+01]
   [0.00000000e+00 1.97405553e+00 1.17088884e-01 0.00000000e+00
    0.00000000e+00 0.00000000e+00 0.00000000e+00 3.10378051e+00]
   [5.20168841e-01 5.62337041e-01 5.11114120e-01 5.47358036e-01
    4.01048005e-01 3.71218741e-01 4.27325159e-01 6.22609735e-01]
   [1.15316749e+00 3.63881111e-01 1.21611762e+00 1.20671558e+00
    1.20664597e+00 2.24484205e-02 1.14763439e+00 4.15932000e-01]
   [1.15316749e+00 3.63881111e-01 1.21611762e+00 1.20671558e+00
    1.20664597e+00 2.24484205e-02 1.14763439e+00 4.15932000e-01]
   [1.15316749e+00 3.63881111e-01 1.21611762e+00 1.20671558e+00
    1.20664597e+00 2.24484205e-02 1.14763439e+00 4.15932000e-01]
   [1.15316749e+00 3.63881111e-01 1.21611762e+00 1.20671558e+00
    1.20664597e+00 2.24484205e-02 1.14763439e+00 4.15932000e-01]]

  [[1.15316749e+00 3.63881111e-01 1.21611762e+00 1.20671558e+00
    1.20664597e+00 2.24484205e-02 1.14763439e+00 4.15932000e-01]
   [1.15316749e+00 3.63881111e-01 1.21611762e+00 1.20671558e+00
    1.20664597e+00 2.24484205e-02 1.14763439e+00 4.15932000e-01]
   [1.15316749e+00 3.63881111e-01 1.21611762e+00 1.20671558e+00
    1.20664597e+00 2.24484205e-02 1.14763439e+00 4.15932000e-01]
   [6.09299541e-01 1.47992277e+00 6.59282804e-01 5.46687365e-01
    5.23920059e-01 3.77396077e-01 5.90640247e-01 2.10943317e+00]
   [0.00000000e+00 7.46293592e+00 0.00000000e+00 0.00000000e+00
    0.00000000e+00 8.04818451e-01 0.00000000e+00 1.11988049e+01]
   [0.00000000e+00 1.08421459e+01 0.00000000e+00 0.00000000e+00
    0.00000000e+00 0.00000000e+00 0.00000000e+00 1.68409481e+01]
   [0.00000000e+00 1.22116165e+01 0.00000000e+00 0.00000000e+00
    0.00000000e+00 5.78285027e+00 0.00000000e+00 1.73878651e+01]
   [0.00000000e+00 3.71855903e+00 0.00000000e+00 0.00000000e+00
    0.00000000e+00 0.00000000e+00 0.00000000e+00 6.43703032e+00]
   [3.89737010e-01 7.08976626e-01 4.40470666e-01 4.39069211e-01
    2.78395206e-01 1.15097344e-01 2.92524189e-01 9.53034461e-01]
   [1.06649351e+00 3.18485498e-01 1.09470701e+00 1.10962021e+00
    1.08468533e+00 0.00000000e+00 1.02287722e+00 3.85667324e-01]
   [1.15316749e+00 3.63881111e-01 1.21611762e+00 1.20671558e+00
    1.20664597e+00 2.24484205e-02 1.14763439e+00 4.15932000e-01]
   [1.15316749e+00 3.63881111e-01 1.21611762e+00 1.20671558e+00
    1.20664597e+00 2.24484205e-02 1.14763439e+00 4.15932000e-01]
   [1.15316749e+00 3.63881111e-01 1.21611762e+00 1.20671558e+00
    1.20664597e+00 2.24484205e-02 1.14763439e+00 4.15932000e-01]
   [1.15316749e+00 3.63881111e-01 1.21611762e+00 1.20671558e+00
    1.20664597e+00 2.24484205e-02 1.14763439e+00 4.15932000e-01]]

  [[1.15316749e+00 3.63881111e-01 1.21611762e+00 1.20671558e+00
    1.20664597e+00 2.24484205e-02 1.14763439e+00 4.15932000e-01]
   [1.15316749e+00 3.63881111e-01 1.21611762e+00 1.20671558e+00
    1.20664597e+00 2.24484205e-02 1.14763439e+00 4.15932000e-01]
   [1.15316749e+00 3.63881111e-01 1.21611762e+00 1.20671558e+00
    1.20664597e+00 2.24484205e-02 1.14763439e+00 4.15932000e-01]
   [9.21224236e-01 1.08825159e+00 9.54227567e-01 8.78920197e-01
    8.75127435e-01 0.00000000e+00 8.11443090e-01 1.64416552e+00]
   [1.29057527e-01 6.12568235e+00 0.00000000e+00 0.00000000e+00
    0.00000000e+00 0.00000000e+00 0.00000000e+00 9.23336220e+00]
   [0.00000000e+00 9.55629444e+00 0.00000000e+00 0.00000000e+00
    0.00000000e+00 1.76433969e+00 0.00000000e+00 1.36282482e+01]
   [0.00000000e+00 7.53503132e+00 0.00000000e+00 0.00000000e+00
    0.00000000e+00 2.09031820e+00 0.00000000e+00 1.09406824e+01]
   [1.60595298e-01 1.40567350e+00 5.13213396e-01 3.31450284e-01
    2.81717658e-01 0.00000000e+00 2.27651119e-01 2.39176464e+00]
   [1.13464534e+00 2.27693647e-01 1.19233322e+00 1.19689417e+00
    1.17711198e+00 0.00000000e+00 1.09789491e+00 3.13802063e-01]
   [1.15316749e+00 3.63881111e-01 1.21611762e+00 1.20671558e+00
    1.20664597e+00 2.24484205e-02 1.14763439e+00 4.15932000e-01]
   [1.15316749e+00 3.63881111e-01 1.21611762e+00 1.20671558e+00
    1.20664597e+00 2.24484205e-02 1.14763439e+00 4.15932000e-01]
   [1.15316749e+00 3.63881111e-01 1.21611762e+00 1.20671558e+00
    1.20664597e+00 2.24484205e-02 1.14763439e+00 4.15932000e-01]
   [1.15316749e+00 3.63881111e-01 1.21611762e+00 1.20671558e+00
    1.20664597e+00 2.24484205e-02 1.14763439e+00 4.15932000e-01]
   [1.15316749e+00 3.63881111e-01 1.21611762e+00 1.20671558e+00
    1.20664597e+00 2.24484205e-02 1.14763439e+00 4.15932000e-01]]

  [[1.15316749e+00 3.63881111e-01 1.21611762e+00 1.20671558e+00
    1.20664597e+00 2.24484205e-02 1.14763439e+00 4.15932000e-01]
   [1.15316749e+00 3.63881111e-01 1.21611762e+00 1.20671558e+00
    1.20664597e+00 2.24484205e-02 1.14763439e+00 4.15932000e-01]
   [1.15316749e+00 3.63881111e-01 1.21611762e+00 1.20671558e+00
    1.20664597e+00 2.24484205e-02 1.14763439e+00 4.15932000e-01]
   [1.00428224e+00 1.01902747e+00 1.00278211e+00 9.37596083e-01
    9.02250051e-01 0.00000000e+00 8.52709651e-01 1.42912698e+00]
   [1.02351618e+00 3.73300791e+00 1.03267837e+00 6.17747009e-01
    6.40789628e-01 0.00000000e+00 4.71900523e-01 5.56481934e+00]
   [0.00000000e+00 6.66184855e+00 0.00000000e+00 0.00000000e+00
    0.00000000e+00 3.36153722e+00 0.00000000e+00 8.71704197e+00]
   [0.00000000e+00 4.71826744e+00 0.00000000e+00 0.00000000e+00
    0.00000000e+00 1.45274758e+00 0.00000000e+00 6.57188845e+00]
   [1.54307395e-01 1.15289438e+00 2.10082769e-01 1.68274105e-01
    0.00000000e+00 2.12982118e-01 0.00000000e+00 1.57168341e+00]
   [1.04516506e+00 3.14239442e-01 1.07296848e+00 1.08874512e+00
    1.05509579e+00 0.00000000e+00 9.96917188e-01 3.77891660e-01]
   [1.15316749e+00 3.63881111e-01 1.21611762e+00 1.20671558e+00
    1.20664597e+00 2.24484205e-02 1.14763439e+00 4.15932000e-01]
   [1.15316749e+00 3.63881111e-01 1.21611762e+00 1.20671558e+00
    1.20664597e+00 2.24484205e-02 1.14763439e+00 4.15932000e-01]
   [1.15316749e+00 3.63881111e-01 1.21611762e+00 1.20671558e+00
    1.20664597e+00 2.24484205e-02 1.14763439e+00 4.15932000e-01]
   [1.15316749e+00 3.63881111e-01 1.21611762e+00 1.20671558e+00
    1.20664597e+00 2.24484205e-02 1.14763439e+00 4.15932000e-01]
   [1.15316749e+00 3.63881111e-01 1.21611762e+00 1.20671558e+00
    1.20664597e+00 2.24484205e-02 1.14763439e+00 4.15932000e-01]]]]