[[[[ 0.         16.595003   10.3298025   0.          6.1108747
     2.1577415   0.          0.          0.          0.
     0.          0.          0.         12.957317    9.825295
    15.745507  ]
   [ 0.         24.618824   16.687119    0.          0.
     0.          0.          0.          0.          0.
     9.753262    0.          0.         11.202984   17.96176
    37.46381   ]
   [ 0.         21.479137   15.11684     0.          0.
     0.          0.          0.          0.          0.
     8.991642    0.          0.         10.816507   18.281778
    37.05309   ]
   [ 0.         17.986734   14.485012    0.          0.
     0.          0.          0.          0.          0.
     6.078385    0.          0.          9.60666    12.088411
    30.443819  ]
   [ 0.         14.43624    12.359528    0.          0.64890754
     0.          0.          0.          0.          0.
     4.3430986   0.          0.          9.3213825   9.335641
    25.943207  ]
   [ 0.         10.111873    8.422141    0.          8.410419
     1.2892585   0.          0.          0.          0.
     0.          0.          3.0458345  10.607266    9.753336
    12.564103  ]
   [ 0.          3.6249259   0.          0.          8.43734
     7.2101984   0.          0.          0.          0.
     0.          0.          3.8740811  10.796464    7.04344
     0.        ]]

  [[ 0.          0.          2.3522768   0.          9.193696
    10.1188      6.3217015   0.          0.          0.42556673
     0.          0.          0.         11.723789    0.
     0.        ]
   [ 0.          0.          0.          0.          0.12275434
     0.         10.578216    0.          0.         15.254696
    34.847496    0.          0.         17.287933    0.
     4.568065  ]
   [ 0.          0.          0.          0.          3.172636
     0.          3.0051436   0.          0.         19.511463
    57.42235     0.          0.         27.405989    0.
    38.63115   ]
   [ 0.          0.          0.          0.          0.
     0.         18.459862    0.          0.         23.03718
    64.49706     0.          0.         31.15432    17.909588
    62.3375    ]
   [ 0.          0.          0.          0.          0.
     0.         11.917552    0.          0.         23.010939
    54.987396    0.          0.         29.444662   44.309727
    67.27371   ]
   [ 0.          0.          0.          0.          7.1119456
     4.66685     0.          0.          0.          6.7814984
     0.          0.          0.         13.753092   21.068802
    15.383923  ]
   [ 0.          3.6249259   0.          0.          8.43734
     7.2101984   0.          0.          0.          0.
     0.          0.          3.8740811  10.796464    7.04344
     0.        ]]

  [[ 0.          0.          3.548051    0.         13.999158
    11.343886    0.          0.          0.          0.
     0.          0.          4.0190363  12.86961     0.
     0.        ]
   [ 0.          0.          0.          0.          7.8943133
    14.2093315   0.          0.          0.         10.322818
     0.          0.          0.         17.436165    0.
     0.        ]
   [ 0.          0.          0.          0.          4.9116015
     9.7550125   0.          0.          0.         16.994678
    19.482973    0.          0.         25.005592    0.
     0.        ]
   [ 0.          0.          0.          0.          0.
     1.3673143   0.          0.          0.         21.115372
    66.419655    0.          0.         32.957233    0.
     0.        ]
   [ 0.          0.          0.          0.          0.
     0.          0.          0.          0.         26.73474
    63.548107    0.          0.         31.614424    0.
     0.        ]
   [ 0.          0.          0.          0.          8.669261
     2.7599764   0.          0.          0.          0.
     0.          0.          0.         13.8542795   0.
     0.        ]
   [ 0.          3.6249259   0.          0.          8.43734
     7.2101984   0.          0.          0.          0.
     0.          0.          3.8740811  10.796464    7.04344
     0.        ]]

  [[ 0.          8.7750225   4.741139    0.         15.386433
     9.102085    0.          0.          0.          0.
     0.          0.          7.7854347  13.613136   11.053231
     0.        ]
   [ 0.          8.138194    4.5749574   0.         15.165998
     9.311151    0.          0.          0.          0.
     0.          0.          7.626261   13.575666   10.312699
     0.        ]
   [ 0.          0.         10.011182    0.          2.7505207
     3.6558502  11.450567    0.          0.          0.
     1.2223492   0.          0.         10.216323    0.
    10.145044  ]
   [ 0.          0.          0.          0.          0.
     0.         21.645876    0.          0.         12.529268
    38.509148    0.          0.          7.073406    0.
     4.681456  ]
   [ 0.          0.          0.          0.          0.
     0.          0.          0.          0.         13.049031
    25.850317    0.          0.          9.119148    0.
     0.        ]
   [ 0.          0.61287826  0.          0.         10.620633
     8.470718    0.          0.          0.          0.
     0.          0.          3.5954611   9.527337    1.3472922
     0.        ]
   [ 0.          3.6249259   0.          0.          8.43734
     7.2101984   0.          0.          0.          0.
     0.          0.          3.8740811  10.796464    7.04344
     0.        ]]

  [[ 0.          8.7750225   4.741139    0.         15.386433
     9.102085    0.          0.          0.          0.
     0.          0.          7.7854347  13.613136   11.053231
     0.        ]
   [ 0.          8.444996    7.802691    0.         10.6763525
     4.1134863   0.          0.          0.          0.
     0.          0.          0.         12.633984    6.389272
     8.418229  ]
   [ 0.          0.         16.69772     0.          0.
     0.         27.766699    0.          0.          6.44576
    29.042072    0.          0.          6.808378    0.
    20.098099  ]
   [ 0.          0.          0.          0.          0.
     0.          3.7872627   0.          0.         16.528494
    40.384426    0.          0.         12.084287    0.
     0.        ]
   [ 0.          0.          0.          0.          3.521471
     5.982367    0.          0.          0.          4.932982
     0.          0.          0.          8.192831    0.
     0.        ]
   [ 0.          7.2708282   3.0298972   0.         14.803031
     9.637768    0.          0.          0.          0.
     0.          0.          6.9422407  12.753168    9.504062
     0.        ]
   [ 0.          3.6249259   0.          0.          8.43734
     7.2101984   0.          0.          0.          0.
     0.          0.          3.8740811  10.796464    7.04344
     0.        ]]

  [[ 0.          8.7750225   4.741139    0.         15.386433
     9.102085    0.          0.          0.          0.
     0.          0.          7.7854347  13.613136   11.053231
     0.        ]
   [ 0.          0.          8.055094    0.         12.092519
     6.643461   11.836779    0.          0.          0.
     0.          0.          0.         10.694727    0.
     0.        ]
   [ 0.          0.          0.          0.          0.
     0.         18.27725     0.          0.         14.119898
    43.192646    0.          0.         10.334497    0.
     0.        ]
   [ 0.          0.          0.          0.          0.14253882
     3.5520885   0.          0.          0.         13.97536
    16.873446    0.          0.         10.82355     0.
     0.        ]
   [ 0.          2.1798837   0.          0.         12.586076
    10.852209    0.          0.          0.          0.
     0.          0.          5.1193757  10.668669    3.9920964
     0.        ]
   [ 0.          8.7750225   4.741139    0.         15.386433
     9.102085    0.          0.          0.          0.
     0.          0.          7.7854347  13.613136   11.053231
     0.        ]
   [ 0.          3.6249259   0.          0.          8.43734
     7.2101984   0.          0.          0.          0.
     0.          0.          3.8740811  10.796464    7.04344
     0.        ]]

  [[ 0.          7.079006    9.772805    0.          6.3485765
     0.          0.          0.          0.          0.
     0.          0.          5.1700454   8.567736    0.
    13.862294  ]
   [ 0.          0.          8.318994    0.          5.0113277
     0.41323748  0.          0.          0.          0.
     5.5524235   0.          0.          7.494896    0.
     0.        ]
   [ 0.          0.          0.          0.          0.
     1.0444586   0.          0.          0.          4.750206
    21.99537     0.          0.          9.20502     0.
     0.        ]
   [ 0.          0.          0.          0.          3.290347
     0.          0.          0.          0.          0.
     8.694786    0.          0.          6.458333    0.
     0.        ]
   [ 0.          7.1100454   9.937026    0.          6.2560086
     0.          0.          0.          0.          0.
     0.          0.          5.041746    8.304337    0.068133
    13.672709  ]
   [ 0.          7.079006    9.772805    0.          6.3485765
     0.          0.          0.          0.          0.
     0.          0.          5.1700454   8.567736    0.
    13.862294  ]
   [ 0.          2.554687    3.358287    0.          3.2240875
     0.          0.          0.          0.          0.
     0.          0.          2.8463566   6.7794466   0.39106193
     6.3325396 ]]]]