[[[[ 5.93392372e-01 -1.51273087e-01  3.54085237e-01 -9.51163024e-02
    -7.39201903e-02 -3.10764611e-01 -9.30389389e-02  5.87442994e-01
    -2.43296549e-01 -1.51684403e-01 -2.46944085e-01  1.18401237e-02
     9.44579020e-03 -4.69472744e-02  2.22096130e-01 -8.44394490e-02]
   [ 2.21232319e+00 -3.44941288e-01  6.00199342e-01 -5.22684216e-01
    -4.05473322e-01 -1.65988386e+00 -9.92283106e-01  2.52738404e+00
    -1.43597782e+00 -9.18610871e-01 -5.84139764e-01 -1.04775918e+00
     3.11874777e-01 -4.80391294e-01  1.48908079e+00 -3.01111013e-01]
   [ 2.21232319e+00 -3.44941288e-01  6.00199342e-01 -5.22684216e-01
    -4.05473322e-01 -1.65988386e+00 -9.92283106e-01  2.52738404e+00
    -1.43597782e+00 -9.18610871e-01 -5.84139764e-01 -1.04775918e+00
     3.11874777e-01 -4.80391294e-01  1.48908079e+00 -3.01111013e-01]
   [ 2.21232319e+00 -3.44941288e-01  6.00199342e-01 -5.22684216e-01
    -4.05473322e-01 -1.65988386e+00 -9.92283106e-01  2.52738404e+00
    -1.43597782e+00 -9.18610871e-01 -5.84139764e-01 -1.04775918e+00
     3.11874777e-01 -4.80391294e-01  1.48908079e+00 -3.01111013e-01]
   [ 2.21232319e+00 -3.44941288e-01  6.00199342e-01 -5.22684216e-01
    -4.05473322e-01 -1.65988386e+00 -9.92283106e-01  2.52738404e+00
    -1.43597782e+00 -9.18610871e-01 -5.84139764e-01 -1.04775918e+00
     3.11874777e-01 -4.80391294e-01  1.48908079e+00 -3.01111013e-01]
   [ 2.21232319e+00 -3.44941288e-01  6.00199342e-01 -5.22684216e-01
    -4.05473322e-01 -1.65988386e+00 -9.92283106e-01  2.52738404e+00
    -1.43597782e+00 -9.18610871e-01 -5.84139764e-01 -1.04775918e+00
     3.11874777e-01 -4.80391294e-01  1.48908079e+00 -3.01111013e-01]
   [ 2.21232319e+00 -3.44941288e-01  6.00199342e-01 -5.22684216e-01
    -4.05473322e-01 -1.65988386e+00 -9.92283106e-01  2.52738404e+00
    -1.43597782e+00 -9.18610871e-01 -5.84139764e-01 -1.04775918e+00
     3.11874777e-01 -4.80391294e-01  1.48908079e+00 -3.01111013e-01]]

  [[-1.63832388e-04 -2.81153829e-03  4.99103079e-03  5.01393115e-05
    -2.99391337e-04  5.75489644e-03  3.07125947e-03 -4.69714729e-03
    -1.01138949e-02  6.61593117e-03 -1.87230520e-02  7.47499289e-03
    -6.94741122e-03  3.60989128e-03 -4.92435554e-03 -1.02941226e-03]
   [ 2.61761475e+00 -1.66032469e+00  3.54429054e+00 -3.01711500e-01
    -2.53290504e-01  9.88903567e-02  8.00753236e-01  6.58225894e-01
     2.43719339e-01  8.30178618e-01 -3.18522477e+00  3.01353168e+00
    -1.34732616e+00  1.12580752e+00 -1.64972931e-01 -8.20596337e-01]
   [ 1.15798451e-02 -3.14384270e+00  1.19467270e+00 -1.67339182e+00
    -1.15969682e+00 -1.74517345e+00 -4.16382599e+00 -9.23953629e+00
     1.38474226e+01  1.96801770e+00  2.13771558e+00 -7.63831884e-02
    -2.35126758e+00  5.54714584e+00  5.19112730e+00 -2.68123579e+00]
   [ 6.96934819e-01 -2.36857843e+00  1.22319210e+00 -1.27858555e+00
    -8.61329198e-01 -1.84331870e+00 -3.10198474e+00 -5.92670679e+00
     1.10503855e+01  9.04645801e-01  2.73330331e+00 -8.94447491e-02
    -1.27528107e+00  3.86278439e+00  4.19921637e+00 -2.01521873e+00]
   [ 2.60850883e+00 -2.92881656e+00  3.21357059e+00 -1.28704834e+00
    -8.70629370e-01 -2.04073119e+00 -2.24992967e+00 -3.86116695e+00
     1.03169575e+01  6.87540710e-01  1.75240123e+00  1.46614528e+00
    -1.35577798e+00  3.65846229e+00  3.83536458e+00 -2.17830467e+00]
   [ 5.27087498e+00 -1.87245131e+00  4.92799616e+00 -5.82302988e-01
    -3.61093402e-01 -1.63470304e+00  9.46790695e-01  4.14385128e+00
     3.23003888e+00 -1.20429170e+00  1.45864713e+00  3.39298129e+00
     4.39841151e-01 -5.98574877e-02  1.42075324e+00 -1.13313591e+00]
   [ 3.71541715e+00 -6.47559524e-01  1.81924653e+00 -7.48385966e-01
    -5.65820277e-01 -1.67050469e+00 -3.26793283e-01  4.46016407e+00
    -1.92701328e+00 -1.37112451e+00 -1.38709143e-01  2.07883939e-01
     6.46815896e-01 -1.26551652e+00  1.88703966e+00 -6.33801758e-01]]

  [[-1.01926858e-02 -1.74917355e-01  3.10512543e-01  3.11937253e-03
    -1.86263658e-02  3.58035773e-01  1.91075683e-01 -2.92228848e-01
    -6.29226983e-01  4.11604285e-01 -1.16483808e+00  4.65050042e-01
    -4.32227015e-01  2.24586174e-01 -3.06364417e-01 -6.40439689e-02]
   [ 4.07942921e-01 -1.79443598e+00  3.70267487e+00 -1.66619644e-01
    -3.42681617e-01  4.54060507e+00  2.92320132e+00 -1.80134761e+00
    -7.55424833e+00  4.10000372e+00 -1.13970203e+01  6.22868872e+00
    -4.14593267e+00  1.19923234e+00 -2.95388603e+00 -9.68398988e-01]
   [-1.81995220e+01 -2.38347411e+00 -1.05389824e+01 -2.42468095e+00
    -2.11543441e+00  8.81152725e+00 -8.18317032e+00 -3.68551445e+01
     1.02826033e+01  1.33499851e+01 -1.13952274e+01 -2.97308135e+00
    -1.10674210e+01  1.22585669e+01  4.28335285e+00 -3.87105346e+00]
   [-2.59652748e+01 -1.89289653e+00 -1.80192070e+01 -2.85421133e+00
    -2.37655449e+00  7.15728045e+00 -1.49490185e+01 -5.08546371e+01
     2.15373878e+01  1.53036451e+01 -7.82578945e+00 -1.11566992e+01
    -1.24283447e+01  1.76209373e+01  7.76423359e+00 -4.03499746e+00]
   [-2.73776474e+01 -3.47150326e+00 -1.82422142e+01 -3.71815920e+00
    -3.01345110e+00  7.08843088e+00 -1.73788185e+01 -5.77756844e+01
     2.80937347e+01  1.72983646e+01 -8.26798534e+00 -1.14248085e+01
    -1.44463758e+01  2.11145229e+01  1.01492167e+01 -5.44497919e+00]
   [ 1.93617725e+01 -6.66600418e+00  1.11346292e+01 -5.01829863e+00
    -2.00242805e+00 -9.94676971e+00 -7.23857594e+00  1.25840969e+01
     1.31761608e+01 -8.94878197e+00 -7.45405197e+00 -4.44025040e+00
    -5.67535734e+00  2.04993153e+00  1.62834320e+01 -4.90798569e+00]
   [ 2.41003180e+00  1.69723965e-02 -6.13003314e-01 -1.04995942e+00
    -8.38386178e-01 -1.96645045e+00 -1.85494602e+00  3.62159967e+00
    -4.17653084e+00 -1.35530603e+00 -8.46303821e-01 -2.44694734e+00
     6.38112247e-01 -1.59746778e+00  2.87817121e+00 -5.11018991e-01]]

  [[-5.97321102e-03 -1.02506667e-01  1.81969404e-01  1.82804326e-03
    -1.09155932e-02  2.09819391e-01  1.11975923e-01 -1.71254635e-01
    -3.68745357e-01  2.41212115e-01 -6.82629049e-01  2.72532880e-01
    -2.53297627e-01  1.31614044e-01 -1.79538473e-01 -3.75316329e-02]
   [ 1.80253434e+00 -8.98066163e-01  1.85191250e+00 -8.30488920e-01
    -7.72573113e-01  2.01149607e+00  1.17947721e+00  1.83239818e+00
    -7.31350374e+00  1.37291610e+00 -6.19134855e+00  2.91797185e+00
    -1.65642715e+00 -1.08903015e+00  1.92258254e-01 -1.02164948e+00]
   [-2.86900306e+00 -2.23040748e+00  2.01280713e+00 -1.13808453e+00
    -1.13143849e+00  8.09140778e+00  2.76586103e+00 -7.92274904e+00
    -6.85120869e+00  6.71307516e+00 -1.21401834e+01  8.08920765e+00
    -5.87406588e+00  1.73448455e+00 -1.34018123e+00 -2.45752788e+00]
   [-1.05409260e+01 -2.73821092e+00 -3.72348833e+00 -1.11075413e+00
    -1.16489005e+00  6.92289877e+00 -3.84146857e+00 -2.37241726e+01
     1.53172553e+00  1.07996664e+01 -1.63155804e+01  7.79656231e-01
    -9.87839317e+00  9.61509418e+00 -3.47207189e-01 -2.34442806e+00]
   [ 8.10208416e+00 -1.06392479e+01  2.05673847e+01 -4.17760086e+00
    -3.75532913e+00  1.91684895e+01  1.31024046e+01 -5.19171858e+00
    -1.71505604e+01  1.46789742e+01 -3.20024529e+01  3.39151878e+01
    -1.44646626e+01  2.03705144e+00 -2.32394195e+00 -9.16693497e+00]
   [ 6.54431686e+01 -1.39372559e+01  3.62649040e+01 -1.32179050e+01
    -6.45114279e+00 -2.10650311e+01 -5.92306948e+00  7.26706314e+01
    -2.68081493e+01 -2.69500751e+01 -3.97875061e+01 -1.33148754e+00
    -1.00624514e+01 -1.49974899e+01  3.44859352e+01 -1.08509932e+01]
   [ 4.48904562e+00 -7.22360194e-01  1.70052600e+00 -1.36358511e+00
    -1.09950686e+00 -1.20944750e+00 -4.63740021e-01  5.83100653e+00
    -6.07485771e+00 -1.21911597e+00 -2.30662704e+00  3.20469320e-01
     3.27507198e-01 -2.36275005e+00  2.84894133e+00 -1.11385059e+00]]

  [[ 4.08148080e-01 -1.62664309e-01  4.53227162e-01 -2.01050602e-02
    -1.56525373e-02 -4.44550104e-02  1.45245105e-01  3.25717121e-01
    -3.39246802e-02 -5.19715855e-03 -2.41259336e-01  3.53626758e-01
    -6.36019185e-02  2.81212833e-02 -3.50566022e-02 -6.74395710e-02]
   [ 2.99289036e+00 -5.20110607e-01  1.12647319e+00 -7.25912392e-01
    -5.70588470e-01 -1.59581089e+00 -7.71510839e-01  3.51988792e+00
    -2.45562363e+00 -1.02386999e+00 -1.01305044e+00 -5.15436709e-01
     3.15612853e-01 -9.22047853e-01  1.79411376e+00 -5.26649415e-01]
   [-2.80467838e-01 -1.94910318e-01  1.23476893e-01 -2.65833549e-02
    -4.33935821e-02  4.33127284e-01  3.57973166e-02 -8.22032630e-01
    -4.06102479e-01  5.71575880e-01 -1.24822927e+00  3.49699378e-01
    -5.62305510e-01  4.08366233e-01 -2.26060212e-01 -1.06148519e-01]
   [ 6.83994818e+00 -4.34189177e+00  1.05009956e+01 -3.13300878e-01
    -4.34006661e-01  2.47743535e+00  4.19192743e+00  2.89363432e+00
    -6.25703096e+00  3.62782216e+00 -1.46140566e+01  1.02045984e+01
    -4.98249149e+00  2.50524402e+00 -3.36135244e+00 -1.72359955e+00]
   [ 5.83360596e+01 -1.37473917e+01  3.76465225e+01 -1.14305639e+01
    -6.92893076e+00 -1.24418087e+01  2.78685427e+00  6.49700699e+01
    -3.32806816e+01 -1.75390320e+01 -3.25169678e+01  1.44856863e+01
    -5.82504606e+00 -1.59956121e+01  2.45597630e+01 -1.12645817e+01]
   [ 2.89377556e+01 -5.27007484e+00  1.24096842e+01 -7.39919424e+00
    -4.43092346e+00 -9.73712921e+00 -5.00336266e+00  3.43116951e+01
    -2.26110497e+01 -1.16935377e+01 -1.96787930e+01 -3.75471830e+00
    -3.47057152e+00 -9.62531662e+00  1.84520874e+01 -5.53869438e+00]
   [ 3.01884818e+00 -5.36958635e-01  1.18473887e+00 -7.48799741e-01
    -5.92005670e-01 -1.46419179e+00 -6.76394582e-01  3.57300353e+00
    -2.69199944e+00 -9.71020699e-01 -1.15457475e+00 -3.49328369e-01
     2.74958163e-01 -9.95246351e-01  1.77991188e+00 -5.63758671e-01]]

  [[ 4.08148080e-01 -1.62664309e-01  4.53227162e-01 -2.01050602e-02
    -1.56525373e-02 -4.44550104e-02  1.45245105e-01  3.25717121e-01
    -3.39246802e-02 -5.19715855e-03 -2.41259336e-01  3.53626758e-01
    -6.36019185e-02  2.81212833e-02 -3.50566022e-02 -6.74395710e-02]
   [ 1.33774328e+00 -4.75092977e-01  1.38110399e+00 -6.67451620e-02
    -4.51341458e-02 -2.61479020e-01  4.12899852e-01  1.15971804e+00
     9.31817070e-02 -1.50501445e-01 -4.10964787e-01  1.00533485e+00
    -6.77473843e-02  1.90947913e-02 -1.52438972e-02 -1.99719638e-01]
   [-7.67886713e-02 -1.31777549e+00  2.33930945e+00  2.35004276e-02
    -1.40325516e-01  2.69733524e+00  1.43950748e+00 -2.20156550e+00
    -4.74040937e+00  3.10090446e+00 -8.77554417e+00  3.50354910e+00
    -3.25627017e+00  1.69196558e+00 -2.30805874e+00 -4.82488245e-01]
   [ 3.26278610e+01 -1.18242502e+01  3.55291100e+01 -4.54865599e+00
    -3.79125547e+00  8.37698936e+00  1.88221836e+01  3.29590149e+01
    -2.63881130e+01  1.72859800e+00 -2.38139133e+01  3.90689430e+01
    -5.23726034e+00 -9.17105103e+00 -2.72266328e-01 -8.71111679e+00]
   [ 5.04588585e+01 -1.06065273e+01  2.75767727e+01 -1.05149469e+01
    -5.40381622e+00 -1.57155514e+01 -4.32641268e+00  5.66647530e+01
    -2.36862450e+01 -2.03195515e+01 -3.06195087e+01 -3.68797064e-01
    -7.22283459e+00 -1.26034050e+01  2.68603687e+01 -8.67124748e+00]
   [ 3.87254858e+00 -7.49236226e-01  1.84296918e+00 -1.21057487e+00
    -9.93870199e-01 -3.33349198e-01  1.29507199e-01  4.98818398e+00
    -6.11522627e+00 -6.61892474e-01 -2.83395433e+00  1.20302784e+00
    -3.28225233e-02 -2.17436290e+00  2.16424704e+00 -1.10052407e+00]
   [ 2.99289036e+00 -5.20110607e-01  1.12647319e+00 -7.25912392e-01
    -5.70588470e-01 -1.59581089e+00 -7.71510839e-01  3.51988792e+00
    -2.45562363e+00 -1.02386999e+00 -1.01305044e+00 -5.15436709e-01
     3.15612853e-01 -9.22047853e-01  1.79411376e+00 -5.26649415e-01]]

  [[ 4.08148080e-01 -1.62664309e-01  4.53227162e-01 -2.01050602e-02
    -1.56525373e-02 -4.44550104e-02  1.45245105e-01  3.25717121e-01
    -3.39246802e-02 -5.19715855e-03 -2.41259336e-01  3.53626758e-01
    -6.36019185e-02  2.81212833e-02 -3.50566022e-02 -6.74395710e-02]
   [ 4.53429788e-01 -2.30068818e-01  3.70205998e-01 -1.16289183e-01
    -1.10832617e-01 -6.25444949e-02 -9.47218984e-02  2.52202213e-01
    -9.34951365e-01  1.83554560e-01 -1.25539947e+00  1.18342496e-01
    -3.43556464e-01  1.21837482e-01  6.20073974e-02 -1.18953072e-01]
   [-1.44882411e-01 -2.48633671e+00  4.41373444e+00  4.43398543e-02
    -2.64761686e-01  5.08924580e+00  2.71601677e+00 -4.15384340e+00
    -8.94405270e+00  5.85068750e+00 -1.65574169e+01  6.61038446e+00
    -6.14382648e+00  3.19234657e+00 -4.35477114e+00 -9.10343409e-01]
   [ 5.52535667e+01 -1.35554323e+01  3.65022087e+01 -1.10776911e+01
    -6.62202454e+00 -9.90981197e+00  3.28761435e+00  6.07672768e+01
    -3.37130089e+01 -1.56901846e+01 -3.57234879e+01  1.50049276e+01
    -7.73471165e+00 -1.48126163e+01  2.30366936e+01 -1.10798464e+01]
   [ 2.57158203e+01 -4.37818718e+00  9.99858761e+00 -6.77813244e+00
    -4.16220522e+00 -9.59876347e+00 -5.41747093e+00  3.09312572e+01
    -2.08335438e+01 -1.07772532e+01 -1.65223179e+01 -4.83950043e+00
    -2.38468480e+00 -8.93025780e+00  1.72199898e+01 -4.88122559e+00]
   [ 3.11668515e+00 -5.49912453e-01  1.21137547e+00 -7.65847862e-01
    -6.04081154e-01 -1.55658293e+00 -7.24811435e-01  3.68311810e+00
    -2.69410968e+00 -1.02488148e+00 -1.13262212e+00 -4.07836348e-01
     3.02105695e-01 -1.00805438e+00  1.84411657e+00 -5.70965230e-01]
   [ 2.99289036e+00 -5.20110607e-01  1.12647319e+00 -7.25912392e-01
    -5.70588470e-01 -1.59581089e+00 -7.71510839e-01  3.51988792e+00
    -2.45562363e+00 -1.02386999e+00 -1.01305044e+00 -5.15436709e-01
     3.15612853e-01 -9.22047853e-01  1.79411376e+00 -5.26649415e-01]]]]