[[[[0.18192227 0.02177856 0.67547745 0.        ]
   [0.18192227 0.02177856 0.67547745 0.        ]
   [0.18192227 0.02177856 0.67547745 0.        ]
   [0.18192227 0.02177856 0.67547745 0.        ]
   [0.18192227 0.02177856 0.67547745 0.        ]
   [0.18192227 0.02177856 0.67547745 0.        ]
   [0.18192227 0.02177856 0.67547745 0.        ]
   [0.18192227 0.02177856 0.67547745 0.        ]
   [0.18192227 0.02177856 0.67547745 0.        ]
   [0.18192227 0.02177856 0.67547745 0.        ]
   [0.18192227 0.02177856 0.67547745 0.        ]
   [0.18192227 0.02177856 0.67547745 0.        ]
   [0.18192227 0.02177856 0.67547745 0.        ]
   [0.18192227 0.02177856 0.67547745 0.        ]]

  [[0.18192227 0.02177856 0.67547745 0.        ]
   [0.18192227 0.02177856 0.67547745 0.        ]
   [0.18192227 0.02177856 0.67547745 0.        ]
   [0.18192227 0.02177856 0.67547745 0.        ]
   [0.18192227 0.02177856 0.67547745 0.        ]
   [0.18192227 0.02177856 0.67547745 0.        ]
   [0.18192227 0.02177856 0.67547745 0.        ]
   [0.18192227 0.02177856 0.67547745 0.        ]
   [0.18192227 0.02177856 0.67547745 0.        ]
   [0.18192227 0.02177856 0.67547745 0.        ]
   [0.18192227 0.02177856 0.67547745 0.        ]
   [0.18192227 0.02177856 0.67547745 0.        ]
   [0.18192227 0.02177856 0.67547745 0.        ]
   [0.18192227 0.02177856 0.67547745 0.        ]]

  [[0.18192227 0.02177856 0.67547745 0.        ]
   [0.18192227 0.02177856 0.67547745 0.        ]
   [0.18192227 0.02177856 0.67547745 0.        ]
   [0.18192227 0.02177856 0.67547745 0.        ]
   [0.18192227 0.02177856 0.67547745 0.        ]
   [0.18192227 0.02177856 0.67547745 0.        ]
   [0.18192227 0.02177856 0.67547745 0.        ]
   [0.18192227 0.02177856 0.67547745 0.        ]
   [0.18192227 0.02177856 0.67547745 0.        ]
   [0.18192227 0.02177856 0.67547745 0.        ]
   [0.18192227 0.02177856 0.67547745 0.        ]
   [0.18192227 0.02177856 0.67547745 0.        ]
   [0.18192227 0.02177856 0.67547745 0.        ]
   [0.18192227 0.02177856 0.67547745 0.        ]]

  [[0.18192227 0.02177856 0.67547745 0.        ]
   [0.18192227 0.02177856 0.67547745 0.        ]
   [0.18192227 0.02177856 0.67547745 0.        ]
   [0.6658714  0.6180524  0.41487098 0.        ]
   [0.73963314 0.7089343  0.34169972 0.        ]
   [0.35463274 0.23457518 0.570635   0.        ]
   [0.18192227 0.02177856 0.67547745 0.        ]
   [0.18192227 0.02177856 0.67547745 0.        ]
   [0.18192227 0.02177856 0.67547745 0.        ]
   [0.18192227 0.02177856 0.67547745 0.        ]
   [0.18192227 0.02177856 0.67547745 0.        ]
   [0.18192227 0.02177856 0.67547745 0.        ]
   [0.18192227 0.02177856 0.67547745 0.        ]
   [0.18192227 0.02177856 0.67547745 0.        ]]

  [[0.18192227 0.02177856 0.67547745 0.        ]
   [0.18192227 0.02177856 0.67547745 0.        ]
   [0.18192227 0.02177856 0.67547745 0.        ]
   [1.3639095  1.4781055  0.14006707 0.        ]
   [1.4304749  1.5601208  0.13460654 0.        ]
   [1.7740967  1.9834974  0.         0.        ]
   [1.7561061  1.9613311  0.         0.        ]
   [1.808279   2.0256135  0.         0.        ]
   [1.8010828  2.016747   0.         0.        ]
   [1.7633023  1.9701977  0.         0.        ]
   [1.2901477  1.3872236  0.1280539  0.        ]
   [0.18192227 0.02177856 0.67547745 0.        ]
   [0.18192227 0.02177856 0.67547745 0.        ]
   [0.18192227 0.02177856 0.67547745 0.        ]]

  [[0.18192227 0.02177856 0.67547745 0.        ]
   [0.18192227 0.02177856 0.67547745 0.        ]
   [0.18192227 0.02177856 0.67547745 0.        ]
   [0.18192227 0.02177856 0.67547745 0.        ]
   [0.18192227 0.02177856 0.67547745 0.        ]
   [0.21250641 0.05946129 0.6569116  0.        ]
   [0.32584763 0.19910909 0.5881088  0.        ]
   [0.42299727 0.31880718 0.52913487 0.        ]
   [0.40860474 0.30107415 0.5378717  0.        ]
   [1.2487692  1.336241   0.22415945 0.        ]
   [1.2379746  1.3229413  0.20231727 0.        ]
   [0.18192227 0.02177856 0.67547745 0.        ]
   [0.18192227 0.02177856 0.67547745 0.        ]
   [0.18192227 0.02177856 0.67547745 0.        ]]

  [[0.18192227 0.02177856 0.67547745 0.        ]
   [0.18192227 0.02177856 0.67547745 0.        ]
   [0.18192227 0.02177856 0.67547745 0.        ]
   [0.18192227 0.02177856 0.67547745 0.        ]
   [0.18192227 0.02177856 0.67547745 0.        ]
   [0.18192227 0.02177856 0.67547745 0.        ]
   [0.18192227 0.02177856 0.67547745 0.        ]
   [0.18192227 0.02177856 0.67547745 0.        ]
   [0.45358142 0.3564899  0.5105691  0.        ]
   [1.945008   2.1940773  0.         0.        ]
   [0.4104038  0.30329075 0.53677964 0.        ]
   [0.18192227 0.02177856 0.67547745 0.        ]
   [0.18192227 0.02177856 0.67547745 0.        ]
   [0.18192227 0.02177856 0.67547745 0.        ]]

  [[0.18192227 0.02177856 0.67547745 0.        ]
   [0.18192227 0.02177856 0.67547745 0.        ]
   [0.18192227 0.02177856 0.67547745 0.        ]
   [0.18192227 0.02177856 0.67547745 0.        ]
   [0.18192227 0.02177856 0.67547745 0.        ]
   [0.18192227 0.02177856 0.67547745 0.        ]
   [0.18192227 0.02177856 0.67547745 0.        ]
   [0.18192227 0.02177856 0.67547745 0.        ]
   [1.432274   1.5623374  0.1280539  0.        ]
   [1.0958483  1.1478274  0.26456743 0.        ]
   [0.18192227 0.02177856 0.67547745 0.        ]
   [0.18192227 0.02177856 0.67547745 0.        ]
   [0.18192227 0.02177856 0.67547745 0.        ]
   [0.18192227 0.02177856 0.67547745 0.        ]]

  [[0.18192227 0.02177856 0.67547745 0.        ]
   [0.18192227 0.02177856 0.67547745 0.        ]
   [0.18192227 0.02177856 0.67547745 0.        ]
   [0.18192227 0.02177856 0.67547745 0.        ]
   [0.18192227 0.02177856 0.67547745 0.        ]
   [0.18192227 0.02177856 0.67547745 0.        ]
   [0.18192227 0.02177856 0.67547745 0.        ]
   [0.42479634 0.32102382 0.5280428  0.        ]
   [1.7812929  1.9923639  0.         0.        ]
   [0.28626817 0.1503432  0.6121352  0.        ]
   [0.18192227 0.02177856 0.67547745 0.        ]
   [0.18192227 0.02177856 0.67547745 0.        ]
   [0.18192227 0.02177856 0.67547745 0.        ]
   [0.18192227 0.02177856 0.67547745 0.        ]]

  [[0.18192227 0.02177856 0.67547745 0.        ]
   [0.18192227 0.02177856 0.67547745 0.        ]
   [0.18192227 0.02177856 0.67547745 0.        ]
   [0.18192227 0.02177856 0.67547745 0.        ]
   [0.18192227 0.02177856 0.67547745 0.        ]
   [0.18192227 0.02177856 0.67547745 0.        ]
   [0.21610454 0.06389455 0.65472734 0.        ]
   [1.6229751  1.7973003  0.08696122 0.        ]
   [1.0148904  1.0480789  0.27548856 0.        ]
   [0.18192227 0.02177856 0.67547745 0.        ]
   [0.18192227 0.02177856 0.67547745 0.        ]
   [0.18192227 0.02177856 0.67547745 0.        ]
   [0.18192227 0.02177856 0.67547745 0.        ]
   [0.18192227 0.02177856 0.67547745 0.        ]]

  [[0.18192227 0.02177856 0.67547745 0.        ]
   [0.18192227 0.02177856 0.67547745 0.        ]
   [0.18192227 0.02177856 0.67547745 0.        ]
   [0.18192227 0.02177856 0.67547745 0.        ]
   [0.18192227 0.02177856 0.67547745 0.        ]
   [0.18192227 0.02177856 0.67547745 0.        ]
   [1.0778577  1.125661   0.29296225 0.        ]
   [1.6283722  1.8039503  0.08477701 0.        ]
   [0.24488962 0.09936065 0.63725364 0.        ]
   [0.18192227 0.02177856 0.67547745 0.        ]
   [0.18192227 0.02177856 0.67547745 0.        ]
   [0.18192227 0.02177856 0.67547745 0.        ]
   [0.18192227 0.02177856 0.67547745 0.        ]
   [0.18192227 0.02177856 0.67547745 0.        ]]

  [[0.18192227 0.02177856 0.67547745 0.        ]
   [0.18192227 0.02177856 0.67547745 0.        ]
   [0.18192227 0.02177856 0.67547745 0.        ]
   [0.18192227 0.02177856 0.67547745 0.        ]
   [0.18192227 0.02177856 0.67547745 0.        ]
   [0.47696927 0.38530612 0.49637166 0.        ]
   [1.9558024  2.2073772  0.         0.        ]
   [0.48416558 0.39417264 0.4920032  0.        ]
   [0.18192227 0.02177856 0.67547745 0.        ]
   [0.18192227 0.02177856 0.67547745 0.        ]
   [0.18192227 0.02177856 0.67547745 0.        ]
   [0.18192227 0.02177856 0.67547745 0.        ]
   [0.18192227 0.02177856 0.67547745 0.        ]
   [0.18192227 0.02177856 0.67547745 0.        ]]

  [[0.18192227 0.02177856 0.67547745 0.        ]
   [0.18192227 0.02177856 0.67547745 0.        ]
   [0.18192227 0.02177856 0.67547745 0.        ]
   [0.18192227 0.02177856 0.67547745 0.        ]
   [0.18192227 0.02177856 0.67547745 0.        ]
   [1.4016898  1.5246546  0.13897496 0.        ]
   [1.9468071  2.196294   0.         0.        ]
   [0.34743646 0.22570865 0.57500345 0.        ]
   [0.18192227 0.02177856 0.67547745 0.        ]
   [0.18192227 0.02177856 0.67547745 0.        ]
   [0.18192227 0.02177856 0.67547745 0.        ]
   [0.18192227 0.02177856 0.67547745 0.        ]
   [0.18192227 0.02177856 0.67547745 0.        ]
   [0.18192227 0.02177856 0.67547745 0.        ]]

  [[0.18192227 0.02177856 0.67547745 0.        ]
   [0.18192227 0.02177856 0.67547745 0.        ]
   [0.18192227 0.02177856 0.67547745 0.        ]
   [0.18192227 0.02177856 0.67547745 0.        ]
   [0.18192227 0.02177856 0.67547745 0.        ]
   [0.85657245 0.8530154  0.37446296 0.        ]
   [0.5867124  0.5205207  0.48695016 0.        ]
   [0.18192227 0.02177856 0.67547745 0.        ]
   [0.18192227 0.02177856 0.67547745 0.        ]
   [0.18192227 0.02177856 0.67547745 0.        ]
   [0.18192227 0.02177856 0.67547745 0.        ]
   [0.18192227 0.02177856 0.67547745 0.        ]
   [0.18192227 0.02177856 0.67547745 0.        ]
   [0.18192227 0.02177856 0.67547745 0.        ]]]]