[[[[0.18192227 0.02177856 0.67547745 0.        ]
   [0.18192227 0.02177856 0.67547745 0.        ]
   [0.18192227 0.02177856 0.67547745 0.        ]
   [0.18192227 0.02177856 0.67547745 0.        ]
   [0.18192227 0.02177856 0.67547745 0.        ]
   [0.18192227 0.02177856 0.67547745 0.        ]
   [0.18192227 0.02177856 0.67547745 0.        ]
   [0.18192227 0.02177856 0.67547745 0.        ]
   [0.18192227 0.02177856 0.67547745 0.        ]
   [0.18192227 0.02177856 0.67547745 0.        ]
   [0.18192227 0.02177856 0.67547745 0.        ]
   [0.18192227 0.02177856 0.67547745 0.        ]
   [0.18192227 0.02177856 0.67547745 0.        ]
   [0.18192227 0.02177856 0.67547745 0.        ]
   [0.18192227 0.02177856 0.67547745 0.        ]
   [0.18192227 0.02177856 0.67547745 0.        ]
   [0.18192227 0.02177856 0.67547745 0.        ]
   [0.18192227 0.02177856 0.67547745 0.        ]
   [0.18192227 0.02177856 0.67547745 0.        ]
   [0.18192227 0.02177856 0.67547745 0.        ]
   [0.18192227 0.02177856 0.67547745 0.        ]
   [0.18192227 0.02177856 0.67547745 0.        ]
   [0.18192227 0.02177856 0.67547745 0.        ]
   [0.18192227 0.02177856 0.67547745 0.        ]
   [0.18192227 0.02177856 0.67547745 0.        ]
   [0.18192227 0.02177856 0.67547745 0.        ]
   [0.18192227 0.02177856 0.67547745 0.        ]
   [0.18192227 0.02177856 0.67547745 0.        ]]

  [[0.18192227 0.02177856 0.67547745 0.        ]
   [0.18192227 0.02177856 0.67547745 0.        ]
   [0.18192227 0.02177856 0.67547745 0.        ]
   [0.18192227 0.02177856 0.67547745 0.        ]
   [0.18192227 0.02177856 0.67547745 0.        ]
   [0.18192227 0.02177856 0.67547745 0.        ]
   [0.18192227 0.02177856 0.67547745 0.        ]
   [0.18192227 0.02177856 0.67547745 0.        ]
   [0.18192227 0.02177856 0.67547745 0.        ]
   [0.18192227 0.02177856 0.67547745 0.        ]
   [0.18192227 0.02177856 0.67547745 0.        ]
   [0.18192227 0.02177856 0.67547745 0.        ]
   [0.18192227 0.02177856 0.67547745 0.        ]
   [0.18192227 0.02177856 0.67547745 0.        ]
   [0.18192227 0.02177856 0.67547745 0.        ]
   [0.18192227 0.02177856 0.67547745 0.        ]
   [0.18192227 0.02177856 0.67547745 0.        ]
   [0.18192227 0.02177856 0.67547745 0.        ]
   [0.18192227 0.02177856 0.67547745 0.        ]
   [0.18192227 0.02177856 0.67547745 0.        ]
   [0.18192227 0.02177856 0.67547745 0.        ]
   [0.18192227 0.02177856 0.67547745 0.        ]
   [0.18192227 0.02177856 0.67547745 0.        ]
   [0.18192227 0.02177856 0.67547745 0.        ]
   [0.18192227 0.02177856 0.67547745 0.        ]
   [0.18192227 0.02177856 0.67547745 0.        ]
   [0.18192227 0.02177856 0.67547745 0.        ]
   [0.18192227 0.02177856 0.67547745 0.        ]]

  [[0.18192227 0.02177856 0.67547745 0.        ]
   [0.18192227 0.02177856 0.67547745 0.        ]
   [0.18192227 0.02177856 0.67547745 0.        ]
   [0.18192227 0.02177856 0.67547745 0.        ]
   [0.18192227 0.02177856 0.67547745 0.        ]
   [0.18192227 0.02177856 0.67547745 0.        ]
   [0.18192227 0.02177856 0.67547745 0.        ]
   [0.18192227 0.02177856 0.67547745 0.        ]
   [0.18192227 0.02177856 0.67547745 0.        ]
   [0.18192227 0.02177856 0.67547745 0.        ]
   [0.18192227 0.02177856 0.67547745 0.        ]
   [0.18192227 0.02177856 0.67547745 0.        ]
   [0.18192227 0.02177856 0.67547745 0.        ]
   [0.18192227 0.02177856 0.67547745 0.        ]
   [0.18192227 0.02177856 0.67547745 0.        ]
   [0.18192227 0.02177856 0.67547745 0.        ]
   [0.18192227 0.02177856 0.67547745 0.        ]
   [0.18192227 0.02177856 0.67547745 0.        ]
   [0.18192227 0.02177856 0.67547745 0.        ]
   [0.18192227 0.02177856 0.67547745 0.        ]
   [0.18192227 0.02177856 0.67547745 0.        ]
   [0.18192227 0.02177856 0.67547745 0.        ]
   [0.18192227 0.02177856 0.67547745 0.        ]
   [0.18192227 0.02177856 0.67547745 0.        ]
   [0.18192227 0.02177856 0.67547745 0.        ]
   [0.18192227 0.02177856 0.67547745 0.        ]
   [0.18192227 0.02177856 0.67547745 0.        ]
   [0.18192227 0.02177856 0.67547745 0.        ]]

  [[0.18192227 0.02177856 0.67547745 0.        ]
   [0.18192227 0.02177856 0.67547745 0.        ]
   [0.18192227 0.02177856 0.67547745 0.        ]
   [0.18192227 0.02177856 0.67547745 0.        ]
   [0.18192227 0.02177856 0.67547745 0.        ]
   [0.18192227 0.02177856 0.67547745 0.        ]
   [0.18192227 0.02177856 0.67547745 0.        ]
   [0.18192227 0.02177856 0.67547745 0.        ]
   [0.18192227 0.02177856 0.67547745 0.        ]
   [0.18192227 0.02177856 0.67547745 0.        ]
   [0.18192227 0.02177856 0.67547745 0.        ]
   [0.18192227 0.02177856 0.67547745 0.        ]
   [0.18192227 0.02177856 0.67547745 0.        ]
   [0.18192227 0.02177856 0.67547745 0.        ]
   [0.18192227 0.02177856 0.67547745 0.        ]
   [0.18192227 0.02177856 0.67547745 0.        ]
   [0.18192227 0.02177856 0.67547745 0.        ]
   [0.18192227 0.02177856 0.67547745 0.        ]
   [0.18192227 0.02177856 0.67547745 0.        ]
   [0.18192227 0.02177856 0.67547745 0.        ]
   [0.18192227 0.02177856 0.67547745 0.        ]
   [0.18192227 0.02177856 0.67547745 0.        ]
   [0.18192227 0.02177856 0.67547745 0.        ]
   [0.18192227 0.02177856 0.67547745 0.        ]
   [0.18192227 0.02177856 0.67547745 0.        ]
   [0.18192227 0.02177856 0.67547745 0.        ]
   [0.18192227 0.02177856 0.67547745 0.        ]
   [0.18192227 0.02177856 0.67547745 0.        ]]

  [[0.18192227 0.02177856 0.67547745 0.        ]
   [0.18192227 0.02177856 0.67547745 0.        ]
   [0.18192227 0.02177856 0.67547745 0.        ]
   [0.18192227 0.02177856 0.67547745 0.        ]
   [0.18192227 0.02177856 0.67547745 0.        ]
   [0.18192227 0.02177856 0.67547745 0.        ]
   [0.18192227 0.02177856 0.67547745 0.        ]
   [0.18192227 0.02177856 0.67547745 0.        ]
   [0.18192227 0.02177856 0.67547745 0.        ]
   [0.18192227 0.02177856 0.67547745 0.        ]
   [0.18192227 0.02177856 0.67547745 0.        ]
   [0.18192227 0.02177856 0.67547745 0.        ]
   [0.18192227 0.02177856 0.67547745 0.        ]
   [0.18192227 0.02177856 0.67547745 0.        ]
   [0.18192227 0.02177856 0.67547745 0.        ]
   [0.18192227 0.02177856 0.67547745 0.        ]
   [0.18192227 0.02177856 0.67547745 0.        ]
   [0.18192227 0.02177856 0.67547745 0.        ]
   [0.18192227 0.02177856 0.67547745 0.        ]
   [0.18192227 0.02177856 0.67547745 0.        ]
   [0.18192227 0.02177856 0.67547745 0.        ]
   [0.18192227 0.02177856 0.67547745 0.        ]
   [0.18192227 0.02177856 0.67547745 0.        ]
   [0.18192227 0.02177856 0.67547745 0.        ]
   [0.18192227 0.02177856 0.67547745 0.        ]
   [0.18192227 0.02177856 0.67547745 0.        ]
   [0.18192227 0.02177856 0.67547745 0.        ]
   [0.18192227 0.02177856 0.67547745 0.        ]]

  [[0.18192227 0.02177856 0.67547745 0.        ]
   [0.18192227 0.02177856 0.67547745 0.        ]
   [0.18192227 0.02177856 0.67547745 0.        ]
   [0.18192227 0.02177856 0.67547745 0.        ]
   [0.18192227 0.02177856 0.67547745 0.        ]
   [0.18192227 0.02177856 0.67547745 0.        ]
   [0.18192227 0.02177856 0.67547745 0.        ]
   [0.18192227 0.02177856 0.67547745 0.        ]
   [0.18192227 0.02177856 0.67547745 0.        ]
   [0.18192227 0.02177856 0.67547745 0.        ]
   [0.18192227 0.02177856 0.67547745 0.        ]
   [0.18192227 0.02177856 0.67547745 0.        ]
   [0.18192227 0.02177856 0.67547745 0.        ]
   [0.18192227 0.02177856 0.67547745 0.        ]
   [0.18192227 0.02177856 0.67547745 0.        ]
   [0.18192227 0.02177856 0.67547745 0.        ]
   [0.18192227 0.02177856 0.67547745 0.        ]
   [0.18192227 0.02177856 0.67547745 0.        ]
   [0.18192227 0.02177856 0.67547745 0.        ]
   [0.18192227 0.02177856 0.67547745 0.        ]
   [0.18192227 0.02177856 0.67547745 0.        ]
   [0.18192227 0.02177856 0.67547745 0.        ]
   [0.18192227 0.02177856 0.67547745 0.        ]
   [0.18192227 0.02177856 0.67547745 0.        ]
   [0.18192227 0.02177856 0.67547745 0.        ]
   [0.18192227 0.02177856 0.67547745 0.        ]
   [0.18192227 0.02177856 0.67547745 0.        ]
   [0.18192227 0.02177856 0.67547745 0.        ]]

  [[0.18192227 0.02177856 0.67547745 0.        ]
   [0.18192227 0.02177856 0.67547745 0.        ]
   [0.18192227 0.02177856 0.67547745 0.        ]
   [0.18192227 0.02177856 0.67547745 0.        ]
   [0.18192227 0.02177856 0.67547745 0.        ]
   [0.18192227 0.02177856 0.67547745 0.        ]
   [0.18192227 0.02177856 0.67547745 0.        ]
   [0.18192227 0.02177856 0.67547745 0.        ]
   [0.18192227 0.02177856 0.67547745 0.        ]
   [0.18192227 0.02177856 0.67547745 0.        ]
   [0.18192227 0.02177856 0.67547745 0.        ]
   [0.18192227 0.02177856 0.67547745 0.        ]
   [0.18192227 0.02177856 0.67547745 0.        ]
   [0.18192227 0.02177856 0.67547745 0.        ]
   [0.18192227 0.02177856 0.67547745 0.        ]
   [0.18192227 0.02177856 0.67547745 0.        ]
   [0.18192227 0.02177856 0.67547745 0.        ]
   [0.18192227 0.02177856 0.67547745 0.        ]
   [0.18192227 0.02177856 0.67547745 0.        ]
   [0.18192227 0.02177856 0.67547745 0.        ]
   [0.18192227 0.02177856 0.67547745 0.        ]
   [0.18192227 0.02177856 0.67547745 0.        ]
   [0.18192227 0.02177856 0.67547745 0.        ]
   [0.18192227 0.02177856 0.67547745 0.        ]
   [0.18192227 0.02177856 0.67547745 0.        ]
   [0.18192227 0.02177856 0.67547745 0.        ]
   [0.18192227 0.02177856 0.67547745 0.        ]
   [0.18192227 0.02177856 0.67547745 0.        ]]

  [[0.18192227 0.02177856 0.67547745 0.        ]
   [0.18192227 0.02177856 0.67547745 0.        ]
   [0.18192227 0.02177856 0.67547745 0.        ]
   [0.18192227 0.02177856 0.67547745 0.        ]
   [0.18192227 0.02177856 0.67547745 0.        ]
   [0.18192227 0.02177856 0.67547745 0.        ]
   [0.78640884 0.7665667  0.308529   0.        ]
   [1.513232   1.6620858  0.         0.        ]
   [1.3261291  1.4315561  0.         0.        ]
   [1.2685589  1.360624   0.01584393 0.        ]
   [0.6136984  0.5537701  0.4133714  0.        ]
   [0.44098794 0.34097347 0.5182138  0.        ]
   [0.18192227 0.02177856 0.67547745 0.        ]
   [0.18192227 0.02177856 0.67547745 0.        ]
   [0.18192227 0.02177856 0.67547745 0.        ]
   [0.18192227 0.02177856 0.67547745 0.        ]
   [0.18192227 0.02177856 0.67547745 0.        ]
   [0.18192227 0.02177856 0.67547745 0.        ]
   [0.18192227 0.02177856 0.67547745 0.        ]
   [0.18192227 0.02177856 0.67547745 0.        ]
   [0.18192227 0.02177856 0.67547745 0.        ]
   [0.18192227 0.02177856 0.67547745 0.        ]
   [0.18192227 0.02177856 0.67547745 0.        ]
   [0.18192227 0.02177856 0.67547745 0.        ]
   [0.18192227 0.02177856 0.67547745 0.        ]
   [0.18192227 0.02177856 0.67547745 0.        ]
   [0.18192227 0.02177856 0.67547745 0.        ]
   [0.18192227 0.02177856 0.67547745 0.        ]]

  [[0.18192227 0.02177856 0.67547745 0.        ]
   [0.18192227 0.02177856 0.67547745 0.        ]
   [0.18192227 0.02177856 0.67547745 0.        ]
   [0.18192227 0.02177856 0.67547745 0.        ]
   [0.18192227 0.02177856 0.67547745 0.        ]
   [0.18192227 0.02177856 0.67547745 0.        ]
   [1.779494   1.9901474  0.         0.        ]
   [2.0097744  2.2738762  0.         0.        ]
   [2.0097744  2.2738762  0.         0.        ]
   [2.0097744  2.2738762  0.         0.        ]
   [2.0097744  2.2738762  0.         0.        ]
   [1.9162232  2.1586113  0.         0.        ]
   [1.6067836  1.7773508  0.         0.        ]
   [1.6067836  1.7773508  0.         0.        ]
   [1.6067836  1.7773508  0.         0.        ]
   [1.6067836  1.7773508  0.         0.        ]
   [1.6067836  1.7773508  0.         0.        ]
   [1.6067836  1.7773508  0.         0.        ]
   [1.6067836  1.7773508  0.         0.        ]
   [1.6067836  1.7773508  0.         0.        ]
   [1.405288   1.5290879  0.         0.        ]
   [0.55612826 0.48283792 0.44831887 0.        ]
   [0.18192227 0.02177856 0.67547745 0.        ]
   [0.18192227 0.02177856 0.67547745 0.        ]
   [0.18192227 0.02177856 0.67547745 0.        ]
   [0.18192227 0.02177856 0.67547745 0.        ]
   [0.18192227 0.02177856 0.67547745 0.        ]
   [0.18192227 0.02177856 0.67547745 0.        ]]

  [[0.18192227 0.02177856 0.67547745 0.        ]
   [0.18192227 0.02177856 0.67547745 0.        ]
   [0.18192227 0.02177856 0.67547745 0.        ]
   [0.18192227 0.02177856 0.67547745 0.        ]
   [0.18192227 0.02177856 0.67547745 0.        ]
   [0.18192227 0.02177856 0.67547745 0.        ]
   [0.6640723  0.6158358  0.38279235 0.        ]
   [1.0022969  1.0325625  0.17747596 0.        ]
   [0.70005363 0.6601684  0.3609502  0.        ]
   [1.0022969  1.0325625  0.17747596 0.        ]
   [1.3549141  1.4670222  0.         0.        ]
   [1.8154753  2.0344799  0.         0.        ]
   [2.0097744  2.2738762  0.         0.        ]
   [1.8010828  2.0167468  0.         0.        ]
   [2.0097744  2.2738762  0.         0.        ]
   [2.0097744  2.2738762  0.         0.        ]
   [2.0097744  2.2738762  0.         0.        ]
   [1.9809896  2.23841    0.         0.        ]
   [1.8298678  2.052213   0.         0.        ]
   [2.0097744  2.2738762  0.         0.        ]
   [2.0097744  2.2738762  0.         0.        ]
   [1.1894     1.2630922  0.06389672 0.        ]
   [0.18192227 0.02177856 0.67547745 0.        ]
   [0.18192227 0.02177856 0.67547745 0.        ]
   [0.18192227 0.02177856 0.67547745 0.        ]
   [0.18192227 0.02177856 0.67547745 0.        ]
   [0.18192227 0.02177856 0.67547745 0.        ]
   [0.18192227 0.02177856 0.67547745 0.        ]]

  [[0.18192227 0.02177856 0.67547745 0.        ]
   [0.18192227 0.02177856 0.67547745 0.        ]
   [0.18192227 0.02177856 0.67547745 0.        ]
   [0.18192227 0.02177856 0.67547745 0.        ]
   [0.18192227 0.02177856 0.67547745 0.        ]
   [0.18192227 0.02177856 0.67547745 0.        ]
   [0.18192227 0.02177856 0.67547745 0.        ]
   [0.18192227 0.02177856 0.67547745 0.        ]
   [0.18192227 0.02177856 0.67547745 0.        ]
   [0.18192227 0.02177856 0.67547745 0.        ]
   [0.18192227 0.02177856 0.67547745 0.        ]
   [0.30425882 0.17250949 0.60121405 0.        ]
   [0.656876   0.6069693  0.3871608  0.        ]
   [0.28267002 0.14590992 0.6143194  0.        ]
   [0.6640723  0.6158358  0.38279235 0.        ]
   [0.6640723  0.6158358  0.38279235 0.        ]
   [0.6640723  0.6158358  0.38279235 0.        ]
   [0.6065021  0.5449036  0.41773984 0.        ]
   [0.33304393 0.20797558 0.58374035 0.        ]
   [1.8802418  2.1142786  0.         0.        ]
   [2.0097744  2.2738762  0.         0.        ]
   [0.94472677 0.96163034 0.21242341 0.        ]
   [0.18192227 0.02177856 0.67547745 0.        ]
   [0.18192227 0.02177856 0.67547745 0.        ]
   [0.18192227 0.02177856 0.67547745 0.        ]
   [0.18192227 0.02177856 0.67547745 0.        ]
   [0.18192227 0.02177856 0.67547745 0.        ]
   [0.18192227 0.02177856 0.67547745 0.        ]]

  [[0.18192227 0.02177856 0.67547745 0.        ]
   [0.18192227 0.02177856 0.67547745 0.        ]
   [0.18192227 0.02177856 0.67547745 0.        ]
   [0.18192227 0.02177856 0.67547745 0.        ]
   [0.18192227 0.02177856 0.67547745 0.        ]
   [0.18192227 0.02177856 0.67547745 0.        ]
   [0.18192227 0.02177856 0.67547745 0.        ]
   [0.18192227 0.02177856 0.67547745 0.        ]
   [0.18192227 0.02177856 0.67547745 0.        ]
   [0.18192227 0.02177856 0.67547745 0.        ]
   [0.18192227 0.02177856 0.67547745 0.        ]
   [0.18192227 0.02177856 0.67547745 0.        ]
   [0.18192227 0.02177856 0.67547745 0.        ]
   [0.18192227 0.02177856 0.67547745 0.        ]
   [0.18192227 0.02177856 0.67547745 0.        ]
   [0.18192227 0.02177856 0.67547745 0.        ]
   [0.18192227 0.02177856 0.67547745 0.        ]
   [0.18192227 0.02177856 0.67547745 0.        ]
   [0.77921253 0.7577002  0.31289744 0.        ]
   [2.0025783  2.2650096  0.         0.        ]
   [1.6859425  1.8748825  0.         0.        ]
   [0.31145513 0.18137601 0.5968456  0.        ]
   [0.18192227 0.02177856 0.67547745 0.        ]
   [0.18192227 0.02177856 0.67547745 0.        ]
   [0.18192227 0.02177856 0.67547745 0.        ]
   [0.18192227 0.02177856 0.67547745 0.        ]
   [0.18192227 0.02177856 0.67547745 0.        ]
   [0.18192227 0.02177856 0.67547745 0.        ]]

  [[0.18192227 0.02177856 0.67547745 0.        ]
   [0.18192227 0.02177856 0.67547745 0.        ]
   [0.18192227 0.02177856 0.67547745 0.        ]
   [0.18192227 0.02177856 0.67547745 0.        ]
   [0.18192227 0.02177856 0.67547745 0.        ]
   [0.18192227 0.02177856 0.67547745 0.        ]
   [0.18192227 0.02177856 0.67547745 0.        ]
   [0.18192227 0.02177856 0.67547745 0.        ]
   [0.18192227 0.02177856 0.67547745 0.        ]
   [0.18192227 0.02177856 0.67547745 0.        ]
   [0.18192227 0.02177856 0.67547745 0.        ]
   [0.18192227 0.02177856 0.67547745 0.        ]
   [0.18192227 0.02177856 0.67547745 0.        ]
   [0.18192227 0.02177856 0.67547745 0.        ]
   [0.18192227 0.02177856 0.67547745 0.        ]
   [0.18192227 0.02177856 0.67547745 0.        ]
   [0.18192227 0.02177856 0.67547745 0.        ]
   [0.34024018 0.21684211 0.5793719  0.        ]
   [1.858653   2.0876791  0.         0.        ]
   [2.0169706  2.2827425  0.         0.        ]
   [0.77921253 0.7577002  0.31289744 0.        ]
   [0.18192227 0.02177856 0.67547745 0.        ]
   [0.18192227 0.02177856 0.67547745 0.        ]
   [0.18192227 0.02177856 0.67547745 0.        ]
   [0.18192227 0.02177856 0.67547745 0.        ]
   [0.18192227 0.02177856 0.67547745 0.        ]
   [0.18192227 0.02177856 0.67547745 0.        ]
   [0.18192227 0.02177856 0.67547745 0.        ]]

  [[0.18192227 0.02177856 0.67547745 0.        ]
   [0.18192227 0.02177856 0.67547745 0.        ]
   [0.18192227 0.02177856 0.67547745 0.        ]
   [0.18192227 0.02177856 0.67547745 0.        ]
   [0.18192227 0.02177856 0.67547745 0.        ]
   [0.18192227 0.02177856 0.67547745 0.        ]
   [0.18192227 0.02177856 0.67547745 0.        ]
   [0.18192227 0.02177856 0.67547745 0.        ]
   [0.18192227 0.02177856 0.67547745 0.        ]
   [0.18192227 0.02177856 0.67547745 0.        ]
   [0.18192227 0.02177856 0.67547745 0.        ]
   [0.18192227 0.02177856 0.67547745 0.        ]
   [0.18192227 0.02177856 0.67547745 0.        ]
   [0.18192227 0.02177856 0.67547745 0.        ]
   [0.18192227 0.02177856 0.67547745 0.        ]
   [0.18192227 0.02177856 0.67547745 0.        ]
   [0.18192227 0.02177856 0.67547745 0.        ]
   [1.1102409  1.1655604  0.11194944 0.        ]
   [2.0097744  2.2738762  0.         0.        ]
   [1.8946344  2.1320117  0.         0.        ]
   [0.4985581  0.41190568 0.48326635 0.        ]
   [0.18192227 0.02177856 0.67547745 0.        ]
   [0.18192227 0.02177856 0.67547745 0.        ]
   [0.18192227 0.02177856 0.67547745 0.        ]
   [0.18192227 0.02177856 0.67547745 0.        ]
   [0.18192227 0.02177856 0.67547745 0.        ]
   [0.18192227 0.02177856 0.67547745 0.        ]
   [0.18192227 0.02177856 0.67547745 0.        ]]

  [[0.18192227 0.02177856 0.67547745 0.        ]
   [0.18192227 0.02177856 0.67547745 0.        ]
   [0.18192227 0.02177856 0.67547745 0.        ]
   [0.18192227 0.02177856 0.67547745 0.        ]
   [0.18192227 0.02177856 0.67547745 0.        ]
   [0.18192227 0.02177856 0.67547745 0.        ]
   [0.18192227 0.02177856 0.67547745 0.        ]
   [0.18192227 0.02177856 0.67547745 0.        ]
   [0.18192227 0.02177856 0.67547745 0.        ]
   [0.18192227 0.02177856 0.67547745 0.        ]
   [0.18192227 0.02177856 0.67547745 0.        ]
   [0.18192227 0.02177856 0.67547745 0.        ]
   [0.18192227 0.02177856 0.67547745 0.        ]
   [0.18192227 0.02177856 0.67547745 0.        ]
   [0.18192227 0.02177856 0.67547745 0.        ]
   [0.18192227 0.02177856 0.67547745 0.        ]
   [0.6065021  0.5449036  0.41773984 0.        ]
   [1.9737933  2.2295434  0.         0.        ]
   [2.0097744  2.2738762  0.         0.        ]
   [0.6280909  0.57150316 0.40463454 0.        ]
   [0.18192227 0.02177856 0.67547745 0.        ]
   [0.18192227 0.02177856 0.67547745 0.        ]
   [0.18192227 0.02177856 0.67547745 0.        ]
   [0.18192227 0.02177856 0.67547745 0.        ]
   [0.18192227 0.02177856 0.67547745 0.        ]
   [0.18192227 0.02177856 0.67547745 0.        ]
   [0.18192227 0.02177856 0.67547745 0.        ]
   [0.18192227 0.02177856 0.67547745 0.        ]]

  [[0.18192227 0.02177856 0.67547745 0.        ]
   [0.18192227 0.02177856 0.67547745 0.        ]
   [0.18192227 0.02177856 0.67547745 0.        ]
   [0.18192227 0.02177856 0.67547745 0.        ]
   [0.18192227 0.02177856 0.67547745 0.        ]
   [0.18192227 0.02177856 0.67547745 0.        ]
   [0.18192227 0.02177856 0.67547745 0.        ]
   [0.18192227 0.02177856 0.67547745 0.        ]
   [0.18192227 0.02177856 0.67547745 0.        ]
   [0.18192227 0.02177856 0.67547745 0.        ]
   [0.18192227 0.02177856 0.67547745 0.        ]
   [0.18192227 0.02177856 0.67547745 0.        ]
   [0.18192227 0.02177856 0.67547745 0.        ]
   [0.18192227 0.02177856 0.67547745 0.        ]
   [0.18192227 0.02177856 0.67547745 0.        ]
   [0.18192227 0.02177856 0.67547745 0.        ]
   [1.139026   1.2010264  0.09447575 0.        ]
   [2.0097744  2.2738762  0.         0.        ]
   [1.5276245  1.6798189  0.         0.        ]
   [0.21790361 0.06611118 0.65363526 0.        ]
   [0.18192227 0.02177856 0.67547745 0.        ]
   [0.18192227 0.02177856 0.67547745 0.        ]
   [0.18192227 0.02177856 0.67547745 0.        ]
   [0.18192227 0.02177856 0.67547745 0.        ]
   [0.18192227 0.02177856 0.67547745 0.        ]
   [0.18192227 0.02177856 0.67547745 0.        ]
   [0.18192227 0.02177856 0.67547745 0.        ]
   [0.18192227 0.02177856 0.67547745 0.        ]]

  [[0.18192227 0.02177856 0.67547745 0.        ]
   [0.18192227 0.02177856 0.67547745 0.        ]
   [0.18192227 0.02177856 0.67547745 0.        ]
   [0.18192227 0.02177856 0.67547745 0.        ]
   [0.18192227 0.02177856 0.67547745 0.        ]
   [0.18192227 0.02177856 0.67547745 0.        ]
   [0.18192227 0.02177856 0.67547745 0.        ]
   [0.18192227 0.02177856 0.67547745 0.        ]
   [0.18192227 0.02177856 0.67547745 0.        ]
   [0.18192227 0.02177856 0.67547745 0.        ]
   [0.18192227 0.02177856 0.67547745 0.        ]
   [0.18192227 0.02177856 0.67547745 0.        ]
   [0.18192227 0.02177856 0.67547745 0.        ]
   [0.18192227 0.02177856 0.67547745 0.        ]
   [0.18192227 0.02177856 0.67547745 0.        ]
   [0.2466887  0.10157728 0.63616157 0.        ]
   [1.6571574  1.8394164  0.         0.        ]
   [1.966597   2.220677   0.         0.        ]
   [0.59930587 0.5360371  0.42210826 0.        ]
   [0.18192227 0.02177856 0.67547745 0.        ]
   [0.18192227 0.02177856 0.67547745 0.        ]
   [0.18192227 0.02177856 0.67547745 0.        ]
   [0.18192227 0.02177856 0.67547745 0.        ]
   [0.18192227 0.02177856 0.67547745 0.        ]
   [0.18192227 0.02177856 0.67547745 0.        ]
   [0.18192227 0.02177856 0.67547745 0.        ]
   [0.18192227 0.02177856 0.67547745 0.        ]
   [0.18192227 0.02177856 0.67547745 0.        ]]

  [[0.18192227 0.02177856 0.67547745 0.        ]
   [0.18192227 0.02177856 0.67547745 0.        ]
   [0.18192227 0.02177856 0.67547745 0.        ]
   [0.18192227 0.02177856 0.67547745 0.        ]
   [0.18192227 0.02177856 0.67547745 0.        ]
   [0.18192227 0.02177856 0.67547745 0.        ]
   [0.18192227 0.02177856 0.67547745 0.        ]
   [0.18192227 0.02177856 0.67547745 0.        ]
   [0.18192227 0.02177856 0.67547745 0.        ]
   [0.18192227 0.02177856 0.67547745 0.        ]
   [0.18192227 0.02177856 0.67547745 0.        ]
   [0.18192227 0.02177856 0.67547745 0.        ]
   [0.18192227 0.02177856 0.67547745 0.        ]
   [0.18192227 0.02177856 0.67547745 0.        ]
   [0.18192227 0.02177856 0.67547745 0.        ]
   [1.0886521  1.1389608  0.12505478 0.        ]
   [2.0097744  2.2738762  0.         0.        ]
   [1.4916432  1.6354862  0.         0.        ]
   [0.18192227 0.02177856 0.67547745 0.        ]
   [0.18192227 0.02177856 0.67547745 0.        ]
   [0.18192227 0.02177856 0.67547745 0.        ]
   [0.18192227 0.02177856 0.67547745 0.        ]
   [0.18192227 0.02177856 0.67547745 0.        ]
   [0.18192227 0.02177856 0.67547745 0.        ]
   [0.18192227 0.02177856 0.67547745 0.        ]
   [0.18192227 0.02177856 0.67547745 0.        ]
   [0.18192227 0.02177856 0.67547745 0.        ]
   [0.18192227 0.02177856 0.67547745 0.        ]]

  [[0.18192227 0.02177856 0.67547745 0.        ]
   [0.18192227 0.02177856 0.67547745 0.        ]
   [0.18192227 0.02177856 0.67547745 0.        ]
   [0.18192227 0.02177856 0.67547745 0.        ]
   [0.18192227 0.02177856 0.67547745 0.        ]
   [0.18192227 0.02177856 0.67547745 0.        ]
   [0.18192227 0.02177856 0.67547745 0.        ]
   [0.18192227 0.02177856 0.67547745 0.        ]
   [0.18192227 0.02177856 0.67547745 0.        ]
   [0.18192227 0.02177856 0.67547745 0.        ]
   [0.18192227 0.02177856 0.67547745 0.        ]
   [0.18192227 0.02177856 0.67547745 0.        ]
   [0.18192227 0.02177856 0.67547745 0.        ]
   [0.18192227 0.02177856 0.67547745 0.        ]
   [0.72164243 0.686768   0.3478449  0.        ]
   [1.9881858  2.2472765  0.         0.        ]
   [1.9090269  2.1497447  0.         0.        ]
   [0.5921096  0.52717054 0.42647672 0.        ]
   [0.18192227 0.02177856 0.67547745 0.        ]
   [0.18192227 0.02177856 0.67547745 0.        ]
   [0.18192227 0.02177856 0.67547745 0.        ]
   [0.18192227 0.02177856 0.67547745 0.        ]
   [0.18192227 0.02177856 0.67547745 0.        ]
   [0.18192227 0.02177856 0.67547745 0.        ]
   [0.18192227 0.02177856 0.67547745 0.        ]
   [0.18192227 0.02177856 0.67547745 0.        ]
   [0.18192227 0.02177856 0.67547745 0.        ]
   [0.18192227 0.02177856 0.67547745 0.        ]]

  [[0.18192227 0.02177856 0.67547745 0.        ]
   [0.18192227 0.02177856 0.67547745 0.        ]
   [0.18192227 0.02177856 0.67547745 0.        ]
   [0.18192227 0.02177856 0.67547745 0.        ]
   [0.18192227 0.02177856 0.67547745 0.        ]
   [0.18192227 0.02177856 0.67547745 0.        ]
   [0.18192227 0.02177856 0.67547745 0.        ]
   [0.18192227 0.02177856 0.67547745 0.        ]
   [0.18192227 0.02177856 0.67547745 0.        ]
   [0.18192227 0.02177856 0.67547745 0.        ]
   [0.18192227 0.02177856 0.67547745 0.        ]
   [0.18192227 0.02177856 0.67547745 0.        ]
   [0.18192227 0.02177856 0.67547745 0.        ]
   [0.31865138 0.19024254 0.5924772  0.        ]
   [1.7722977  1.9812808  0.         0.        ]
   [2.0097744  2.2738762  0.         0.        ]
   [1.3765029  1.4936218  0.         0.        ]
   [0.18192227 0.02177856 0.67547745 0.        ]
   [0.18192227 0.02177856 0.67547745 0.        ]
   [0.18192227 0.02177856 0.67547745 0.        ]
   [0.18192227 0.02177856 0.67547745 0.        ]
   [0.18192227 0.02177856 0.67547745 0.        ]
   [0.18192227 0.02177856 0.67547745 0.        ]
   [0.18192227 0.02177856 0.67547745 0.        ]
   [0.18192227 0.02177856 0.67547745 0.        ]
   [0.18192227 0.02177856 0.67547745 0.        ]
   [0.18192227 0.02177856 0.67547745 0.        ]
   [0.18192227 0.02177856 0.67547745 0.        ]]

  [[0.18192227 0.02177856 0.67547745 0.        ]
   [0.18192227 0.02177856 0.67547745 0.        ]
   [0.18192227 0.02177856 0.67547745 0.        ]
   [0.18192227 0.02177856 0.67547745 0.        ]
   [0.18192227 0.02177856 0.67547745 0.        ]
   [0.18192227 0.02177856 0.67547745 0.        ]
   [0.18192227 0.02177856 0.67547745 0.        ]
   [0.18192227 0.02177856 0.67547745 0.        ]
   [0.18192227 0.02177856 0.67547745 0.        ]
   [0.18192227 0.02177856 0.67547745 0.        ]
   [0.18192227 0.02177856 0.67547745 0.        ]
   [0.18192227 0.02177856 0.67547745 0.        ]
   [0.20351107 0.04837813 0.6623721  0.        ]
   [1.6427649  1.8216834  0.         0.        ]
   [2.0097744  2.2738762  0.         0.        ]
   [1.7579052  1.9635477  0.         0.        ]
   [0.4337917  0.33210695 0.5225823  0.        ]
   [0.18192227 0.02177856 0.67547745 0.        ]
   [0.18192227 0.02177856 0.67547745 0.        ]
   [0.18192227 0.02177856 0.67547745 0.        ]
   [0.18192227 0.02177856 0.67547745 0.        ]
   [0.18192227 0.02177856 0.67547745 0.        ]
   [0.18192227 0.02177856 0.67547745 0.        ]
   [0.18192227 0.02177856 0.67547745 0.        ]
   [0.18192227 0.02177856 0.67547745 0.        ]
   [0.18192227 0.02177856 0.67547745 0.        ]
   [0.18192227 0.02177856 0.67547745 0.        ]
   [0.18192227 0.02177856 0.67547745 0.        ]]

  [[0.18192227 0.02177856 0.67547745 0.        ]
   [0.18192227 0.02177856 0.67547745 0.        ]
   [0.18192227 0.02177856 0.67547745 0.        ]
   [0.18192227 0.02177856 0.67547745 0.        ]
   [0.18192227 0.02177856 0.67547745 0.        ]
   [0.18192227 0.02177856 0.67547745 0.        ]
   [0.18192227 0.02177856 0.67547745 0.        ]
   [0.18192227 0.02177856 0.67547745 0.        ]
   [0.18192227 0.02177856 0.67547745 0.        ]
   [0.18192227 0.02177856 0.67547745 0.        ]
   [0.18192227 0.02177856 0.67547745 0.        ]
   [0.18192227 0.02177856 0.67547745 0.        ]
   [0.4553805  0.35870653 0.50947696 0.        ]
   [2.0097744  2.2738762  0.         0.        ]
   [2.0097744  2.2738762  0.         0.        ]
   [0.7360349  0.70450103 0.33910802 0.        ]
   [0.18192227 0.02177856 0.67547745 0.        ]
   [0.18192227 0.02177856 0.67547745 0.        ]
   [0.18192227 0.02177856 0.67547745 0.        ]
   [0.18192227 0.02177856 0.67547745 0.        ]
   [0.18192227 0.02177856 0.67547745 0.        ]
   [0.18192227 0.02177856 0.67547745 0.        ]
   [0.18192227 0.02177856 0.67547745 0.        ]
   [0.18192227 0.02177856 0.67547745 0.        ]
   [0.18192227 0.02177856 0.67547745 0.        ]
   [0.18192227 0.02177856 0.67547745 0.        ]
   [0.18192227 0.02177856 0.67547745 0.        ]
   [0.18192227 0.02177856 0.67547745 0.        ]]

  [[0.18192227 0.02177856 0.67547745 0.        ]
   [0.18192227 0.02177856 0.67547745 0.        ]
   [0.18192227 0.02177856 0.67547745 0.        ]
   [0.18192227 0.02177856 0.67547745 0.        ]
   [0.18192227 0.02177856 0.67547745 0.        ]
   [0.18192227 0.02177856 0.67547745 0.        ]
   [0.18192227 0.02177856 0.67547745 0.        ]
   [0.18192227 0.02177856 0.67547745 0.        ]
   [0.18192227 0.02177856 0.67547745 0.        ]
   [0.18192227 0.02177856 0.67547745 0.        ]
   [0.18192227 0.02177856 0.67547745 0.        ]
   [0.4050066  0.29664084 0.540056   0.        ]
   [1.7938865  2.0078802  0.         0.        ]
   [2.0097744  2.2738762  0.         0.        ]
   [1.0094932  1.041429   0.1731075  0.        ]
   [0.18911853 0.03064508 0.671109   0.        ]
   [0.18192227 0.02177856 0.67547745 0.        ]
   [0.18192227 0.02177856 0.67547745 0.        ]
   [0.18192227 0.02177856 0.67547745 0.        ]
   [0.18192227 0.02177856 0.67547745 0.        ]
   [0.18192227 0.02177856 0.67547745 0.        ]
   [0.18192227 0.02177856 0.67547745 0.        ]
   [0.18192227 0.02177856 0.67547745 0.        ]
   [0.18192227 0.02177856 0.67547745 0.        ]
   [0.18192227 0.02177856 0.67547745 0.        ]
   [0.18192227 0.02177856 0.67547745 0.        ]
   [0.18192227 0.02177856 0.67547745 0.        ]
   [0.18192227 0.02177856 0.67547745 0.        ]]

  [[0.18192227 0.02177856 0.67547745 0.        ]
   [0.18192227 0.02177856 0.67547745 0.        ]
   [0.18192227 0.02177856 0.67547745 0.        ]
   [0.18192227 0.02177856 0.67547745 0.        ]
   [0.18192227 0.02177856 0.67547745 0.        ]
   [0.18192227 0.02177856 0.67547745 0.        ]
   [0.18192227 0.02177856 0.67547745 0.        ]
   [0.18192227 0.02177856 0.67547745 0.        ]
   [0.18192227 0.02177856 0.67547745 0.        ]
   [0.18192227 0.02177856 0.67547745 0.        ]
   [0.18192227 0.02177856 0.67547745 0.        ]
   [1.139026   1.2010264  0.09447575 0.        ]
   [2.0097744  2.2738762  0.         0.        ]
   [2.0097744  2.2738762  0.         0.        ]
   [0.55612826 0.48283792 0.44831887 0.        ]
   [0.18192227 0.02177856 0.67547745 0.        ]
   [0.18192227 0.02177856 0.67547745 0.        ]
   [0.18192227 0.02177856 0.67547745 0.        ]
   [0.18192227 0.02177856 0.67547745 0.        ]
   [0.18192227 0.02177856 0.67547745 0.        ]
   [0.18192227 0.02177856 0.67547745 0.        ]
   [0.18192227 0.02177856 0.67547745 0.        ]
   [0.18192227 0.02177856 0.67547745 0.        ]
   [0.18192227 0.02177856 0.67547745 0.        ]
   [0.18192227 0.02177856 0.67547745 0.        ]
   [0.18192227 0.02177856 0.67547745 0.        ]
   [0.18192227 0.02177856 0.67547745 0.        ]
   [0.18192227 0.02177856 0.67547745 0.        ]]

  [[0.18192227 0.02177856 0.67547745 0.        ]
   [0.18192227 0.02177856 0.67547745 0.        ]
   [0.18192227 0.02177856 0.67547745 0.        ]
   [0.18192227 0.02177856 0.67547745 0.        ]
   [0.18192227 0.02177856 0.67547745 0.        ]
   [0.18192227 0.02177856 0.67547745 0.        ]
   [0.18192227 0.02177856 0.67547745 0.        ]
   [0.18192227 0.02177856 0.67547745 0.        ]
   [0.18192227 0.02177856 0.67547745 0.        ]
   [0.18192227 0.02177856 0.67547745 0.        ]
   [0.6208947  0.5626367  0.40900296 0.        ]
   [1.9234194  2.1674778  0.         0.        ]
   [2.0097744  2.2738762  0.         0.        ]
   [2.0097744  2.2738762  0.         0.        ]
   [0.55612826 0.48283792 0.44831887 0.        ]
   [0.18192227 0.02177856 0.67547745 0.        ]
   [0.18192227 0.02177856 0.67547745 0.        ]
   [0.18192227 0.02177856 0.67547745 0.        ]
   [0.18192227 0.02177856 0.67547745 0.        ]
   [0.18192227 0.02177856 0.67547745 0.        ]
   [0.18192227 0.02177856 0.67547745 0.        ]
   [0.18192227 0.02177856 0.67547745 0.        ]
   [0.18192227 0.02177856 0.67547745 0.        ]
   [0.18192227 0.02177856 0.67547745 0.        ]
   [0.18192227 0.02177856 0.67547745 0.        ]
   [0.18192227 0.02177856 0.67547745 0.        ]
   [0.18192227 0.02177856 0.67547745 0.        ]
   [0.18192227 0.02177856 0.67547745 0.        ]]

  [[0.18192227 0.02177856 0.67547745 0.        ]
   [0.18192227 0.02177856 0.67547745 0.        ]
   [0.18192227 0.02177856 0.67547745 0.        ]
   [0.18192227 0.02177856 0.67547745 0.        ]
   [0.18192227 0.02177856 0.67547745 0.        ]
   [0.18192227 0.02177856 0.67547745 0.        ]
   [0.18192227 0.02177856 0.67547745 0.        ]
   [0.18192227 0.02177856 0.67547745 0.        ]
   [0.18192227 0.02177856 0.67547745 0.        ]
   [0.18192227 0.02177856 0.67547745 0.        ]
   [1.0526708  1.0946282  0.1468969  0.        ]
   [2.0097744  2.2738762  0.         0.        ]
   [2.0097744  2.2738762  0.         0.        ]
   [1.7579052  1.9635477  0.         0.        ]
   [0.469773   0.37643957 0.50074005 0.        ]
   [0.18192227 0.02177856 0.67547745 0.        ]
   [0.18192227 0.02177856 0.67547745 0.        ]
   [0.18192227 0.02177856 0.67547745 0.        ]
   [0.18192227 0.02177856 0.67547745 0.        ]
   [0.18192227 0.02177856 0.67547745 0.        ]
   [0.18192227 0.02177856 0.67547745 0.        ]
   [0.18192227 0.02177856 0.67547745 0.        ]
   [0.18192227 0.02177856 0.67547745 0.        ]
   [0.18192227 0.02177856 0.67547745 0.        ]
   [0.18192227 0.02177856 0.67547745 0.        ]
   [0.18192227 0.02177856 0.67547745 0.        ]
   [0.18192227 0.02177856 0.67547745 0.        ]
   [0.18192227 0.02177856 0.67547745 0.        ]]

  [[0.18192227 0.02177856 0.67547745 0.        ]
   [0.18192227 0.02177856 0.67547745 0.        ]
   [0.18192227 0.02177856 0.67547745 0.        ]
   [0.18192227 0.02177856 0.67547745 0.        ]
   [0.18192227 0.02177856 0.67547745 0.        ]
   [0.18192227 0.02177856 0.67547745 0.        ]
   [0.18192227 0.02177856 0.67547745 0.        ]
   [0.18192227 0.02177856 0.67547745 0.        ]
   [0.18192227 0.02177856 0.67547745 0.        ]
   [0.18192227 0.02177856 0.67547745 0.        ]
   [1.0526708  1.0946282  0.1468969  0.        ]
   [2.0097744  2.2738762  0.         0.        ]
   [1.67155    1.8571495  0.         0.        ]
   [0.31145513 0.18137601 0.5968456  0.        ]
   [0.18192227 0.02177856 0.67547745 0.        ]
   [0.18192227 0.02177856 0.67547745 0.        ]
   [0.18192227 0.02177856 0.67547745 0.        ]
   [0.18192227 0.02177856 0.67547745 0.        ]
   [0.18192227 0.02177856 0.67547745 0.        ]
   [0.18192227 0.02177856 0.67547745 0.        ]
   [0.18192227 0.02177856 0.67547745 0.        ]
   [0.18192227 0.02177856 0.67547745 0.        ]
   [0.18192227 0.02177856 0.67547745 0.        ]
   [0.18192227 0.02177856 0.67547745 0.        ]
   [0.18192227 0.02177856 0.67547745 0.        ]
   [0.18192227 0.02177856 0.67547745 0.        ]
   [0.18192227 0.02177856 0.67547745 0.        ]
   [0.18192227 0.02177856 0.67547745 0.        ]]

  [[0.18192227 0.02177856 0.67547745 0.        ]
   [0.18192227 0.02177856 0.67547745 0.        ]
   [0.18192227 0.02177856 0.67547745 0.        ]
   [0.18192227 0.02177856 0.67547745 0.        ]
   [0.18192227 0.02177856 0.67547745 0.        ]
   [0.18192227 0.02177856 0.67547745 0.        ]
   [0.18192227 0.02177856 0.67547745 0.        ]
   [0.18192227 0.02177856 0.67547745 0.        ]
   [0.18192227 0.02177856 0.67547745 0.        ]
   [0.18192227 0.02177856 0.67547745 0.        ]
   [0.18192227 0.02177856 0.67547745 0.        ]
   [0.18192227 0.02177856 0.67547745 0.        ]
   [0.18192227 0.02177856 0.67547745 0.        ]
   [0.18192227 0.02177856 0.67547745 0.        ]
   [0.18192227 0.02177856 0.67547745 0.        ]
   [0.18192227 0.02177856 0.67547745 0.        ]
   [0.18192227 0.02177856 0.67547745 0.        ]
   [0.18192227 0.02177856 0.67547745 0.        ]
   [0.18192227 0.02177856 0.67547745 0.        ]
   [0.18192227 0.02177856 0.67547745 0.        ]
   [0.18192227 0.02177856 0.67547745 0.        ]
   [0.18192227 0.02177856 0.67547745 0.        ]
   [0.18192227 0.02177856 0.67547745 0.        ]
   [0.18192227 0.02177856 0.67547745 0.        ]
   [0.18192227 0.02177856 0.67547745 0.        ]
   [0.18192227 0.02177856 0.67547745 0.        ]
   [0.18192227 0.02177856 0.67547745 0.        ]
   [0.18192227 0.02177856 0.67547745 0.        ]]]]