[[[[ 0.02497352  2.6089125   1.9983718   1.8295758   0.60476273
     0.          0.          1.034783  ]
   [ 0.          3.9797146   2.5829592   2.662548    0.7274857
     0.          0.          1.5790722 ]
   [ 0.          3.9797146   2.5829592   2.662548    0.7274857
     0.          0.          1.5790722 ]
   [ 0.          3.9797146   2.5829592   2.662548    0.7274857
     0.          0.          1.5790722 ]
   [ 0.          3.9797146   2.5829592   2.662548    0.7274857
     0.          0.          1.5790722 ]
   [ 0.          3.9797146   2.5829592   2.662548    0.7274857
     0.          0.          1.5790722 ]
   [ 0.          3.9797146   2.5829592   2.662548    0.7274857
     0.          0.          1.5790722 ]
   [ 0.          3.9797146   2.5829592   2.662548    0.7274857
     0.          0.          1.5790722 ]
   [ 0.          3.9797146   2.5829592   2.662548    0.7274857
     0.          0.          1.5790722 ]
   [ 0.          3.9797146   2.5829592   2.662548    0.7274857
     0.          0.          1.5790722 ]
   [ 0.          3.9797146   2.5829592   2.662548    0.7274857
     0.          0.          1.5790722 ]
   [ 0.          3.9797146   2.5829592   2.662548    0.7274857
     0.          0.          1.5790722 ]
   [ 0.          3.9797146   2.5829592   2.662548    0.7274857
     0.          0.          1.5790722 ]
   [ 0.          2.7817645   1.7112343   2.0138106   0.45765358
     0.          0.          1.1958025 ]]

  [[ 0.          3.1961384   2.645877    2.6557565   0.5619384
     0.          0.          1.4875407 ]
   [ 0.          5.1714616   3.5743442   3.770628    0.8004128
     0.          0.          2.4151053 ]
   [ 0.          5.1714616   3.5743442   3.770628    0.8004128
     0.          0.          2.4151053 ]
   [ 0.          5.1714616   3.5743442   3.770628    0.8004128
     0.          0.          2.4151053 ]
   [ 0.          5.1714616   3.5743442   3.770628    0.8004128
     0.          0.          2.4151053 ]
   [ 0.          5.1714616   3.5743442   3.770628    0.8004128
     0.          0.          2.4151053 ]
   [ 0.          5.1714616   3.5743442   3.770628    0.8004128
     0.          0.          2.4151053 ]
   [ 0.          5.1714616   3.5743442   3.770628    0.8004128
     0.          0.          2.4151053 ]
   [ 0.          5.1714616   3.5743442   3.770628    0.8004128
     0.          0.          2.4151053 ]
   [ 0.          5.1714616   3.5743442   3.770628    0.8004128
     0.          0.          2.4151053 ]
   [ 0.          5.1714616   3.5743442   3.770628    0.8004128
     0.          0.          2.4151053 ]
   [ 0.          5.1714616   3.5743442   3.770628    0.8004128
     0.          0.          2.4151053 ]
   [ 0.          5.1714616   3.5743442   3.770628    0.8004128
     0.          0.          2.4151053 ]
   [ 0.          3.6129036   2.413672    2.6982446   0.6009474
     0.          0.          1.8097131 ]]

  [[ 0.          3.1961384   2.645877    2.6557565   0.5619384
     0.          0.          1.4875407 ]
   [ 0.          5.1714616   3.5743442   3.770628    0.8004128
     0.          0.          2.4151053 ]
   [ 0.          5.1629667   3.337628    3.5740685   1.5121567
     0.          0.          3.202344  ]
   [ 0.          4.8685317   2.7875886   3.1218982   2.4042518
     0.          0.          3.622948  ]
   [ 0.          4.5800853   2.3634458   2.4743023   2.4831703
     0.          0.          2.8206742 ]
   [ 0.          4.74573     2.7633286   2.7470765   1.6888287
     0.          0.          2.2549865 ]
   [ 0.          5.069745    3.3791556   3.4992795   0.9890867
     0.          0.          2.3318458 ]
   [ 0.          5.1714616   3.5743442   3.770628    0.8004128
     0.          0.          2.4151053 ]
   [ 0.          5.1714616   3.5743442   3.770628    0.8004128
     0.          0.          2.4151053 ]
   [ 0.          5.1714616   3.5743442   3.770628    0.8004128
     0.          0.          2.4151053 ]
   [ 0.          5.1714616   3.5743442   3.770628    0.8004128
     0.          0.          2.4151053 ]
   [ 0.          5.1714616   3.5743442   3.770628    0.8004128
     0.          0.          2.4151053 ]
   [ 0.          5.1714616   3.5743442   3.770628    0.8004128
     0.          0.          2.4151053 ]
   [ 0.          3.6129036   2.413672    2.6982446   0.6009474
     0.          0.          1.8097131 ]]

  [[ 0.          3.1961384   2.645877    2.6557565   0.5619384
     0.          0.          1.4875407 ]
   [ 0.          5.1714616   3.5743442   3.770628    0.8004128
     0.          0.          2.4151053 ]
   [ 0.          5.2450657   2.371235    2.7626987   3.164723
     0.          0.          4.9889383 ]
   [ 0.          4.6285605   0.3656124   0.9891714   5.701403
     0.          0.          6.0773935 ]
   [ 0.          4.13101     0.          0.          7.5186586
     0.          0.          5.5763597 ]
   [ 0.22521603  3.9678948   0.          0.          7.5955024
     0.          0.          5.3865747 ]
   [ 0.12014923  3.8815503   0.          0.          7.5663724
     0.          0.          5.3739448 ]
   [ 0.          3.8688965   0.          0.          7.491933
     0.          0.          5.4449754 ]
   [ 0.          3.8554575   0.          0.          7.479635
     0.          0.          5.3649006 ]
   [ 0.7583011   3.771607    0.          0.          6.720296
     0.          0.          4.5647845 ]
   [ 2.7033114   3.9383116   0.837429    0.61860704  4.2919073
     0.          0.          2.4616044 ]
   [ 1.3792068   4.641994    2.385008    2.1276193   1.9994867
     0.          0.          1.9301684 ]
   [ 0.          5.1714616   3.5743442   3.770628    0.8004128
     0.          0.          2.4151053 ]
   [ 0.          3.6129036   2.413672    2.6982446   0.6009474
     0.          0.          1.8097131 ]]

  [[ 0.          3.1961384   2.645877    2.6557565   0.5619384
     0.          0.          1.4875407 ]
   [ 0.          5.1714616   3.5743442   3.770628    0.8004128
     0.          0.          2.4151053 ]
   [ 0.          5.204296    1.1627579   1.5588597   3.0775416
     0.          0.          4.8411736 ]
   [ 0.          5.2412963   0.          0.          5.272531
     0.          0.          6.288949  ]
   [ 0.          5.7883425   0.          0.          7.016426
     0.          0.          6.8556848 ]
   [ 0.          5.8322935   0.          0.          6.686788
     0.          0.          6.2643437 ]
   [ 0.          5.6196313   0.          0.          6.4494224
     0.          0.          5.5557103 ]
   [ 0.          5.413564    0.          0.          6.469569
     0.          0.          5.273345  ]
   [ 0.          5.4691453   0.          0.          7.7668357
     0.          0.          6.534548  ]
   [ 0.          4.942717    0.          0.          8.423662
     0.          0.          6.3966904 ]
   [ 5.41544     4.4234676   0.          0.          5.8557277
     0.          0.          2.683357  ]
   [ 3.3493876   4.8106933   1.1943383   1.0818213   2.7740169
     0.          0.          1.7407753 ]
   [ 0.          5.1714616   3.5743442   3.770628    0.8004128
     0.          0.          2.4151053 ]
   [ 0.          3.6129036   2.413672    2.6982446   0.6009474
     0.          0.          1.8097131 ]]

  [[ 0.          3.1961384   2.645877    2.6557565   0.5619384
     0.          0.          1.4875407 ]
   [ 0.          5.1714616   3.5743442   3.770628    0.8004128
     0.          0.          2.4151053 ]
   [ 0.          5.0211873   1.7112367   1.843326    2.556842
     0.          0.          4.469353  ]
   [ 0.          5.1289835   1.2731214   1.4024996   4.8722143
     0.          0.          6.7254825 ]
   [ 0.          5.8262787   0.          0.          7.336404
     0.          0.          9.452597  ]
   [ 0.          5.913247    0.          0.          8.23127
     0.          0.         10.322646  ]
   [ 0.          6.1260104   0.          0.          9.044528
     0.          0.         11.111088  ]
   [ 0.          6.0894713   0.          0.          9.656412
     0.          0.         11.582274  ]
   [ 0.          6.3159165   0.          0.         13.459715
     0.          0.         15.315793  ]
   [ 0.4425331   5.3281956   0.          0.         13.882786
     0.          0.         12.977732  ]
   [10.414349    5.6357546   0.          0.          9.321476
     0.          0.          6.6312003 ]
   [ 2.1092553   5.8128285   0.78546363  1.2335231   3.5345023
     0.          0.          3.9274204 ]
   [ 0.          5.1714616   3.5743442   3.770628    0.8004128
     0.          0.          2.4151053 ]
   [ 0.          3.6129036   2.413672    2.6982446   0.6009474
     0.          0.          1.8097131 ]]

  [[ 0.          3.1961384   2.645877    2.6557565   0.5619384
     0.          0.          1.4875407 ]
   [ 0.          5.1714616   3.5743442   3.770628    0.8004128
     0.          0.          2.4151053 ]
   [ 0.          5.1714616   3.5743442   3.770628    0.8004128
     0.          0.          2.4151053 ]
   [ 0.          5.1714616   3.5743442   3.770628    0.8004128
     0.          0.          2.4151053 ]
   [ 0.          5.16518     3.5237794   3.7175088   0.84711355
     0.          0.          2.4677477 ]
   [ 0.          5.143306    3.3250852   3.508851    1.0783769
     0.          0.          2.7174368 ]
   [ 0.          5.1436553   3.0835886   3.2645617   1.4888309
     0.          0.          3.1361384 ]
   [ 0.          5.278118    1.9993092   2.3633926   4.009924
     0.          0.          5.8677254 ]
   [ 0.          4.862372    0.          0.          9.099779
     0.          0.          9.805743  ]
   [ 3.887988    4.3498774   0.          0.          9.625309
     0.          0.          7.4183087 ]
   [ 7.7049274   5.8519034   0.          0.          6.9448504
     0.          0.          5.4911075 ]
   [ 0.          5.8135448   2.0498261   2.49162     2.5773015
     0.          0.          4.113259  ]
   [ 0.          5.1714616   3.5743442   3.770628    0.8004128
     0.          0.          2.4151053 ]
   [ 0.          3.6129036   2.413672    2.6982446   0.6009474
     0.          0.          1.8097131 ]]

  [[ 0.          3.1961384   2.645877    2.6557565   0.5619384
     0.          0.          1.4875407 ]
   [ 0.          5.1714616   3.5743442   3.770628    0.8004128
     0.          0.          2.4151053 ]
   [ 0.          5.1714616   3.5743442   3.770628    0.8004128
     0.          0.          2.4151053 ]
   [ 0.          5.1714616   3.5743442   3.770628    0.8004128
     0.          0.          2.4151053 ]
   [ 0.          5.1714616   3.5743442   3.770628    0.8004128
     0.          0.          2.4151053 ]
   [ 0.          5.1714616   3.5743442   3.770628    0.8004128
     0.          0.          2.4151053 ]
   [ 0.          5.153921    3.4443283   3.662109    1.1581917
     0.          0.          2.8092995 ]
   [ 0.          5.2297845   0.500477    1.0800145   5.5923176
     0.          0.          7.32831   ]
   [ 0.          4.212053    0.          0.          9.230615
     0.          0.          8.663948  ]
   [ 9.514978    4.915086    0.          0.          8.523113
     0.          0.          5.9086566 ]
   [ 2.6263201   6.399891    0.3185673   0.9207534   4.7248244
     0.          0.          5.568646  ]
   [ 0.          5.284274    3.2831945   3.5330005   1.1473776
     0.          0.          2.7821708 ]
   [ 0.          5.1714616   3.5743442   3.770628    0.8004128
     0.          0.          2.4151053 ]
   [ 0.          3.6129036   2.413672    2.6982446   0.6009474
     0.          0.          1.8097131 ]]

  [[ 0.          3.1961384   2.645877    2.6557565   0.5619384
     0.          0.          1.4875407 ]
   [ 0.          5.1714616   3.5743442   3.770628    0.8004128
     0.          0.          2.4151053 ]
   [ 0.          5.1714616   3.5743442   3.770628    0.8004128
     0.          0.          2.4151053 ]
   [ 0.          5.1714616   3.5743442   3.770628    0.8004128
     0.          0.          2.4151053 ]
   [ 0.          5.1714616   3.5743442   3.770628    0.8004128
     0.          0.          2.4151053 ]
   [ 0.          5.168993    3.5560455   3.755355    0.8507669
     0.          0.          2.4705844 ]
   [ 0.          5.2689323   2.6010923   2.9647985   3.2828918
     0.          0.          5.11242   ]
   [ 0.          4.5155644   0.          0.          8.556948
     0.          0.          9.069177  ]
   [ 4.8794327   4.210066    0.          0.          9.1611
     0.          0.          6.7922416 ]
   [ 7.0487742   5.8739552   0.          0.          6.629882
     0.          0.          5.528762  ]
   [ 0.          5.7276206   2.3660762   2.7667565   2.2684755
     0.          0.          3.907711  ]
   [ 0.          5.1714616   3.5743442   3.770628    0.8004128
     0.          0.          2.4151053 ]
   [ 0.          5.1714616   3.5743442   3.770628    0.8004128
     0.          0.          2.4151053 ]
   [ 0.          3.6129036   2.413672    2.6982446   0.6009474
     0.          0.          1.8097131 ]]

  [[ 0.          3.1961384   2.645877    2.6557565   0.5619384
     0.          0.          1.4875407 ]
   [ 0.          5.1714616   3.5743442   3.770628    0.8004128
     0.          0.          2.4151053 ]
   [ 0.          5.1714616   3.5743442   3.770628    0.8004128
     0.          0.          2.4151053 ]
   [ 0.          5.1714616   3.5743442   3.770628    0.8004128
     0.          0.          2.4151053 ]
   [ 0.          5.1714616   3.5743442   3.770628    0.8004128
     0.          0.          2.4151053 ]
   [ 0.          5.234523    3.1530075   3.4235358   2.1588023
     0.          0.          3.923172  ]
   [ 0.          5.0006795   0.          0.46418673  6.6605864
     0.          0.          7.719633  ]
   [ 0.          4.0571895   0.          0.          9.430706
     0.          0.          7.856797  ]
   [ 9.232357    5.0466223   0.          0.          7.8343244
     0.          0.          5.3346157 ]
   [ 1.9331033   6.2304993   0.6433732   1.229742    4.1301093
     0.          0.          5.074879  ]
   [ 0.          5.2229824   3.441378    3.662105    0.95886916
     0.          0.          2.5827417 ]
   [ 0.          5.1714616   3.5743442   3.770628    0.8004128
     0.          0.          2.4151053 ]
   [ 0.          5.1714616   3.5743442   3.770628    0.8004128
     0.          0.          2.4151053 ]
   [ 0.          3.6129036   2.413672    2.6982446   0.6009474
     0.          0.          1.8097131 ]]

  [[ 0.          3.1961384   2.645877    2.6557565   0.5619384
     0.          0.          1.4875407 ]
   [ 0.          5.1714616   3.5743442   3.770628    0.8004128
     0.          0.          2.4151053 ]
   [ 0.          5.1714616   3.5743442   3.770628    0.8004128
     0.          0.          2.4151053 ]
   [ 0.          5.1714616   3.5743442   3.770628    0.8004128
     0.          0.          2.4151053 ]
   [ 0.          5.150153    3.416399    3.6387973   1.2350479
     0.          0.          2.8939784 ]
   [ 0.          5.2885823   1.3067086   1.8515106   5.104068
     0.          0.          6.7646604 ]
   [ 0.          4.2274776   0.          0.          9.325617
     0.          0.          8.703644  ]
   [ 7.4488      4.568634    0.          0.          9.254785
     0.          0.          6.4019685 ]
   [ 5.210003    6.2169285   0.          0.115253    6.0498385
     0.          0.          5.949889  ]
   [ 0.          5.6600037   2.4972038   2.8802867   2.11404
     0.          0.          3.7746181 ]
   [ 0.          5.1714616   3.5743442   3.770628    0.8004128
     0.          0.          2.4151053 ]
   [ 0.          5.1714616   3.5743442   3.770628    0.8004128
     0.          0.          2.4151053 ]
   [ 0.          5.1714616   3.5743442   3.770628    0.8004128
     0.          0.          2.4151053 ]
   [ 0.          3.6129036   2.413672    2.6982446   0.6009474
     0.          0.          1.8097131 ]]

  [[ 0.          3.1961384   2.645877    2.6557565   0.5619384
     0.          0.          1.4875407 ]
   [ 0.          5.1714616   3.5743442   3.770628    0.8004128
     0.          0.          2.4151053 ]
   [ 0.          5.1714616   3.5743442   3.770628    0.8004128
     0.          0.          2.4151053 ]
   [ 0.          5.1714616   3.5743442   3.770628    0.8004128
     0.          0.          2.4151053 ]
   [ 0.          5.2380247   2.6233187   2.9799051   2.971996
     0.          0.          4.796896  ]
   [ 0.          4.9063616   0.          0.          9.281967
     0.          0.         10.112015  ]
   [ 1.9649894   3.8443491   0.          0.         11.228749
     0.          0.          8.354673  ]
   [10.582141    5.4271307   0.          0.          8.756508
     0.          0.          5.8381777 ]
   [ 0.9782903   5.9990206   1.3211714   1.7712213   3.5277603
     0.          0.          4.796522  ]
   [ 0.          5.202552    3.4941058   3.70514     0.8960331
     0.          0.          2.5162652 ]
   [ 0.          5.1714616   3.5743442   3.770628    0.8004128
     0.          0.          2.4151053 ]
   [ 0.          5.1714616   3.5743442   3.770628    0.8004128
     0.          0.          2.4151053 ]
   [ 0.          5.1714616   3.5743442   3.770628    0.8004128
     0.          0.          2.4151053 ]
   [ 0.          3.6129036   2.413672    2.6982446   0.6009474
     0.          0.          1.8097131 ]]

  [[ 0.          3.1961384   2.645877    2.6557565   0.5619384
     0.          0.          1.4875407 ]
   [ 0.          5.1714616   3.5743442   3.770628    0.8004128
     0.          0.          2.4151053 ]
   [ 0.          5.1714616   3.5743442   3.770628    0.8004128
     0.          0.          2.4151053 ]
   [ 0.          5.1714616   3.5743442   3.770628    0.8004128
     0.          0.          2.4151053 ]
   [ 0.          5.2807446   1.1286721   1.5890245   3.8388872
     0.          0.          5.6659756 ]
   [ 0.          4.9975157   0.          0.          9.071326
     0.          0.          9.892878  ]
   [ 7.1877003   5.2021194   0.          0.          9.139374
     0.          0.          7.1760287 ]
   [ 5.37927     6.4939914   0.          0.          6.007543
     0.          0.          5.522648  ]
   [ 0.          5.3179493   2.9909015   3.2726264   1.3828601
     0.          0.          2.8590276 ]
   [ 0.          5.1714616   3.5743442   3.770628    0.8004128
     0.          0.          2.4151053 ]
   [ 0.          5.1714616   3.5743442   3.770628    0.8004128
     0.          0.          2.4151053 ]
   [ 0.          5.1714616   3.5743442   3.770628    0.8004128
     0.          0.          2.4151053 ]
   [ 0.          5.1714616   3.5743442   3.770628    0.8004128
     0.          0.          2.4151053 ]
   [ 0.          3.6129036   2.413672    2.6982446   0.6009474
     0.          0.          1.8097131 ]]

  [[ 0.          2.214392    1.7427708   1.7937218   0.35393447
     0.          0.          1.1779566 ]
   [ 0.          3.5125744   2.359353    2.420898    0.5703398
     0.          0.          1.8381453 ]
   [ 0.          3.5125744   2.359353    2.420898    0.5703398
     0.          0.          1.8381453 ]
   [ 0.          3.5125744   2.359353    2.420898    0.5703398
     0.          0.          1.8381453 ]
   [ 0.          3.4352033   0.          0.          3.2620578
     0.          0.          4.867592  ]
   [ 0.          3.505814    0.          0.          6.5912375
     0.          0.          7.879234  ]
   [ 5.394062    4.5082717   0.          0.          6.8574877
     0.          0.          7.3591537 ]
   [ 2.1528645   4.7305264   0.          0.2753743   3.8778405
     0.          0.          5.0280685 ]
   [ 0.          3.594297    2.1484418   2.2487586   0.8216844
     0.          0.          2.1040514 ]
   [ 0.          3.5125744   2.359353    2.420898    0.5703398
     0.          0.          1.8381453 ]
   [ 0.          3.5125744   2.359353    2.420898    0.5703398
     0.          0.          1.8381453 ]
   [ 0.          3.5125744   2.359353    2.420898    0.5703398
     0.          0.          1.8381453 ]
   [ 0.          3.5125744   2.359353    2.420898    0.5703398
     0.          0.          1.8381453 ]
   [ 0.          2.5441182   1.6829783   1.7696558   0.47666594
     0.          0.          1.4084165 ]]]]