[[[[-3.55840349e+00 -5.20939903e+01 -9.35455382e-01 -3.26033521e+00
     1.09054890e+01 -2.61851788e+01  1.08754301e+01 -7.86431408e+00
    -4.21124840e+00 -4.93359327e+00 -5.24892139e+00 -7.73839760e+00]
   [-3.07512736e+00 -6.72988205e+01 -1.18910563e+00 -3.95605707e+00
     8.36055756e+00 -2.05041885e+01  8.66658688e+00 -8.18517494e+00
    -4.36494493e+00 -5.13915062e+00 -3.79656941e-01 -7.85022402e+00]
   [-2.34544778e+00 -5.20533714e+01 -1.20826972e+00 -3.93706465e+00
     1.02865591e+01 -2.11268730e+01  9.00375080e+00 -8.09258270e+00
    -4.11558247e+00 -5.20565891e+00 -2.20758629e+00 -7.87355661e+00]
   [-2.35053563e+00 -6.06300049e+01 -8.55112851e-01 -3.94814563e+00
     1.26215582e+01 -2.88547478e+01  1.18689079e+01 -8.22697544e+00
    -4.33519173e+00 -5.38170195e+00 -5.39418840e+00 -7.91612673e+00]
   [-2.27654076e+00 -6.26957283e+01 -8.06766391e-01 -3.97863841e+00
     1.28003139e+01 -2.95746269e+01  1.21169500e+01 -8.24543285e+00
    -4.34357500e+00 -5.36248636e+00 -5.57584047e+00 -7.88483953e+00]
   [-2.27654076e+00 -6.26957283e+01 -8.06766391e-01 -3.97863841e+00
     1.28003139e+01 -2.95746269e+01  1.21169500e+01 -8.24543285e+00
    -4.34357500e+00 -5.36248636e+00 -5.57584047e+00 -7.88483953e+00]
   [ 7.76539028e-01 -5.43753014e+01 -3.84400249e-01 -2.66761804e+00
     3.88882589e+00 -1.67752876e+01  4.20192146e+00 -3.58340263e+00
    -2.01044345e+00 -2.65674424e+00 -2.23432827e+00 -2.82143998e+00]]

  [[-7.41603470e+00 -5.43313446e+01 -1.26023865e+00 -3.13306999e+00
     2.86742663e+00 -1.99540443e+01  6.35328722e+00 -8.40528679e+00
    -4.55621290e+00 -4.82352448e+00  2.28975868e+00 -9.14298248e+00]
   [-2.99840212e+00 -5.28302460e+01 -1.11089194e+00 -4.33210802e+00
    -2.07858562e+01  1.03831758e+01 -1.85804234e+01 -8.53420734e+00
    -5.31354475e+00 -5.20921850e+00  3.69064293e+01 -9.44459534e+00]
   [ 1.56249046e+00 -3.27509499e+01 -1.20327580e+00 -5.04130220e+00
    -2.10540409e+01  1.54746904e+01 -2.50684242e+01 -8.02980614e+00
    -4.47526503e+00 -6.27312708e+00  4.39315491e+01 -9.93720818e+00]
   [-1.34146512e+00 -3.45388908e+01 -8.14408958e-01 -5.19903469e+00
    -2.08253803e+01  1.22790661e+01 -2.23122559e+01 -8.44470310e+00
    -4.15718937e+00 -6.12430000e+00  4.18164062e+01 -1.02946386e+01]
   [ 1.00457354e+01 -2.08072205e+01 -7.44484365e-01 -6.18091249e+00
    -7.76247263e+00  2.64504290e+00  1.04653335e+00 -8.01381493e+00
    -3.78151059e+00 -5.74694109e+00  2.38430958e+01 -1.03256264e+01]
   [ 2.24504585e+01 -5.75647545e+00 -1.64956903e+00 -5.43822765e+00
     8.16597748e+00 -2.59518871e+01 -5.15740633e-01 -1.04197283e+01
    -3.73004937e+00 -6.27234554e+00 -1.38340588e+01 -9.06103420e+00]
   [ 1.67289265e-02 -5.35829468e+01 -2.63828635e-01 -3.13465667e+00
     3.41133952e+00 -1.73703537e+01  4.63082314e+00 -3.97179770e+00
    -2.31685400e+00 -2.75077796e+00 -2.24867249e+00 -3.35204959e+00]]

  [[-3.70085526e+00 -4.45431328e+01 -9.25147474e-01 -3.72896600e+00
     5.22132874e+00 -2.51925335e+01  5.39871216e+00 -8.67795658e+00
    -4.50176287e+00 -5.05747890e+00  8.94782767e-02 -8.22967243e+00]
   [ 3.05424356e+00 -3.65398254e+01 -9.08521414e-01 -3.83936214e+00
    -1.58668575e+01 -1.12874346e+01 -1.72392540e+01 -9.28211403e+00
    -5.89377022e+00 -6.01737070e+00  2.67260475e+01 -9.45965862e+00]
   [ 5.80218554e+00 -2.39201088e+01 -1.00468206e+00 -4.00581789e+00
    -2.58055325e+01 -2.08535504e+00 -2.80339241e+01 -9.46221828e+00
    -6.60698318e+00 -6.97903728e+00  4.38351173e+01 -1.02269049e+01]
   [ 1.13752377e+00 -4.81850243e+01 -1.68783152e+00 -3.69950747e+00
    -4.55840569e+01  1.93668404e+01 -4.12751923e+01 -1.00292835e+01
    -7.29203415e+00 -7.07003880e+00  6.57832108e+01 -1.22504978e+01]
   [ 5.28822937e+01  1.10715179e+01 -6.67970419e-01 -6.07173204e+00
    -3.43494530e+01  1.16895065e+01 -1.70937366e+01 -7.65182590e+00
    -6.37815905e+00 -8.33399391e+00  3.83324585e+01 -1.23838530e+01]
   [ 5.89216232e+01  1.24818068e+01 -4.48205662e+00 -6.08270693e+00
     2.97925873e+01 -4.06038055e+01  1.00501661e+01 -1.19478159e+01
    -5.50536156e+00 -7.58095264e+00 -1.76958733e+01 -1.12655602e+01]
   [ 1.67289265e-02 -5.35829468e+01 -2.63828635e-01 -3.13465667e+00
     3.41133952e+00 -1.73703537e+01  4.63082314e+00 -3.97179770e+00
    -2.31685400e+00 -2.75077796e+00 -2.24867249e+00 -3.35204959e+00]]

  [[-4.95488834e+00 -4.79640846e+01 -9.99351442e-01 -3.77486563e+00
     1.21276693e+01 -2.84269619e+01  1.24334774e+01 -8.77908134e+00
    -4.48941517e+00 -5.31428957e+00 -6.43846130e+00 -8.64210320e+00]
   [-4.04214525e+00 -6.08122215e+01 -8.35859120e-01 -4.59053040e+00
     1.26926212e+01 -3.06811237e+01  1.33666325e+01 -9.21141434e+00
    -4.78207445e+00 -5.66744518e+00 -5.62393522e+00 -8.92357635e+00]
   [-4.77172136e+00 -6.93216858e+01 -9.25068378e-01 -4.49394989e+00
     6.75888586e+00 -2.49981155e+01  1.01376524e+01 -9.22706223e+00
    -5.27356815e+00 -5.44784355e+00 -6.43783689e-01 -9.13643646e+00]
   [ 4.08264071e-01 -6.84955826e+01 -1.92622781e+00 -5.97686768e+00
    -3.02553692e+01  1.46237192e+01 -1.39533653e+01 -1.03040466e+01
    -6.65864992e+00 -4.79111099e+00  3.97048569e+01 -1.17898626e+01]
   [ 8.24003448e+01  3.16171265e+01 -2.27684879e+00 -5.22269964e+00
    -1.99841480e+01 -1.33928480e+01 -3.45200005e+01 -1.26968775e+01
    -5.96077108e+00 -8.97957993e+00 -5.19650459e+00 -1.10965500e+01]
   [ 2.08051758e+01 -2.31165123e+01 -3.24268985e+00 -5.21008301e+00
     1.98269463e+01 -3.24275322e+01  1.37631645e+01 -9.19101238e+00
    -6.68530369e+00 -6.77808428e+00 -2.13963175e+00 -1.04573584e+01]
   [ 1.67289265e-02 -5.35829468e+01 -2.63828635e-01 -3.13465667e+00
     3.41133952e+00 -1.73703537e+01  4.63082314e+00 -3.97179770e+00
    -2.31685400e+00 -2.75077796e+00 -2.24867249e+00 -3.35204959e+00]]

  [[-4.95488834e+00 -4.79640846e+01 -9.99351442e-01 -3.77486563e+00
     1.21276693e+01 -2.84269619e+01  1.24334774e+01 -8.77908134e+00
    -4.48941517e+00 -5.31428957e+00 -6.43846130e+00 -8.64210320e+00]
   [-4.26786280e+00 -6.24434204e+01 -8.36602867e-01 -4.56480503e+00
     1.20481110e+01 -3.00834999e+01  1.32201700e+01 -9.20046520e+00
    -4.82848310e+00 -5.63793516e+00 -5.10635900e+00 -8.95663071e+00]
   [-8.68301582e+00 -8.62784500e+01 -1.50724435e+00 -3.94281316e+00
    -1.60915604e+01 -2.98326945e+00 -7.73738241e+00 -9.46149063e+00
    -5.52805567e+00 -5.07611609e+00  2.49500179e+01 -1.00840607e+01]
   [ 5.14206047e+01  4.64053488e+00 -1.05550337e+00 -6.46561003e+00
    -3.94395027e+01  6.23489523e+00 -2.54307632e+01 -7.77372074e+00
    -6.29418755e+00 -7.04629183e+00  2.09640808e+01 -1.20954933e+01]
   [ 6.14814644e+01  1.76807423e+01 -4.98726797e+00 -5.82002831e+00
     1.86229458e+01 -3.26050415e+01  3.53781414e+00 -1.15883512e+01
    -7.41909981e+00 -8.05370045e+00 -1.23498812e+01 -1.20184164e+01]
   [-3.53552938e+00 -5.84726181e+01 -1.16633368e+00 -4.52763844e+00
     1.15334644e+01 -2.84439468e+01  1.21147709e+01 -9.03100109e+00
    -5.04905176e+00 -5.53635502e+00 -3.70842004e+00 -8.85581779e+00]
   [ 1.67289265e-02 -5.35829468e+01 -2.63828635e-01 -3.13465667e+00
     3.41133952e+00 -1.73703537e+01  4.63082314e+00 -3.97179770e+00
    -2.31685400e+00 -2.75077796e+00 -2.24867249e+00 -3.35204959e+00]]

  [[-4.95488834e+00 -4.79640846e+01 -9.99351442e-01 -3.77486563e+00
     1.21276693e+01 -2.84269619e+01  1.24334774e+01 -8.77908134e+00
    -4.48941517e+00 -5.31428957e+00 -6.43846130e+00 -8.64210320e+00]
   [-6.73814392e+00 -7.03927155e+01 -1.05298126e+00 -3.97192526e+00
     3.25939298e+00 -2.20951653e+01  7.82960558e+00 -8.84743500e+00
    -4.99898767e+00 -5.20631218e+00  3.14987588e+00 -9.50545883e+00]
   [ 7.33224869e+00 -4.91961632e+01 -1.42527473e+00 -6.24600601e+00
    -3.34390297e+01  1.56928949e+01 -1.30791073e+01 -9.99092770e+00
    -6.87744379e+00 -5.40648079e+00  4.34746246e+01 -1.28143578e+01]
   [ 9.00815582e+01  3.42642479e+01 -3.12482691e+00 -5.62464619e+00
    -9.67834282e+00 -2.28066597e+01 -2.97826672e+01 -1.44035349e+01
    -5.74723482e+00 -9.52698421e+00 -1.48429136e+01 -1.13614998e+01]
   [ 1.14938087e+01 -3.50168304e+01 -2.66978240e+00 -4.72073507e+00
     1.55085249e+01 -2.93643990e+01  1.22942896e+01 -9.08872128e+00
    -6.32442474e+00 -6.23147488e+00 -1.34657967e+00 -9.73059464e+00]
   [-4.07370186e+00 -6.08421364e+01 -8.34349334e-01 -4.58260918e+00
     1.27769775e+01 -3.07719440e+01  1.34554262e+01 -9.20617676e+00
    -4.77585459e+00 -5.67282438e+00 -5.68633509e+00 -8.93080807e+00]
   [ 1.67289265e-02 -5.35829468e+01 -2.63828635e-01 -3.13465667e+00
     3.41133952e+00 -1.73703537e+01  4.63082314e+00 -3.97179770e+00
    -2.31685400e+00 -2.75077796e+00 -2.24867249e+00 -3.35204959e+00]]

  [[-8.99399662e+00  1.22098759e-01 -1.38495612e+00 -1.72272241e+00
     2.16818428e+00 -9.78967488e-01  6.79331303e+00 -5.60246944e+00
    -1.86166143e+00 -2.62390971e+00 -4.88837004e-01 -5.31917477e+00]
   [-8.39959240e+00  4.05002546e+00 -1.40563750e+00 -2.02065110e+00
    -6.94366217e+00  2.81855869e+00 -1.40824604e+00 -5.81453848e+00
    -2.19592094e+00 -2.41621709e+00  8.52749157e+00 -5.52991581e+00]
   [ 2.16720543e+01  4.41658974e+01 -6.74672544e-01 -1.95503533e+00
    -2.33800774e+01  1.51419878e+01 -1.51721058e+01 -6.53108788e+00
    -3.94354486e+00 -3.89685678e+00  2.33295307e+01 -8.75767422e+00]
   [ 3.86921768e+01  4.64567070e+01 -4.51353359e+00 -2.21482396e+00
     8.81976891e+00 -1.26168127e+01  6.21509886e+00 -7.46124649e+00
    -5.02432251e+00 -4.74342489e+00 -4.02545786e+00 -8.11849117e+00]
   [-8.96291828e+00  9.86928046e-01 -1.56821513e+00 -2.02302527e+00
     1.51035035e+00  1.74157560e-01  6.78331327e+00 -5.74717569e+00
    -2.30202556e+00 -2.65479183e+00  1.18663633e+00 -5.58187485e+00]
   [-9.33975792e+00 -5.37938476e-01 -1.41532552e+00 -2.07145572e+00
     2.02960396e+00 -8.39880109e-01  7.48529482e+00 -5.83703756e+00
    -2.19959521e+00 -2.69044161e+00  1.28265306e-01 -5.63049936e+00]
   [-3.66313529e+00 -4.00401449e+00 -4.97419298e-01 -1.58962214e+00
    -1.19111693e+00 -9.16795135e-01  2.53615308e+00 -2.28232455e+00
    -1.58825707e+00 -1.06187987e+00  3.45606714e-01 -2.28045082e+00]]]]