[[[[1.3025272  1.3992317  0.         0.         1.0328919  0.
    0.         0.32478642]
   [1.3025272  1.3992317  0.         0.         1.0328919  0.
    0.         0.32478642]
   [1.3025272  1.3992317  0.         0.         1.0328919  0.
    0.         0.32478642]
   [1.3025272  1.3992317  0.         0.         1.0328919  0.
    0.         0.32478642]
   [1.3025272  1.3992317  0.         0.         1.0328919  0.
    0.         0.32478642]
   [1.3025272  1.3992317  0.         0.         1.0328919  0.
    0.         0.32478642]
   [1.3025272  1.3992317  0.         0.         1.0328919  0.
    0.         0.32478642]
   [1.3025272  1.3992317  0.         0.         1.0328919  0.
    0.         0.32478642]
   [1.3025272  1.3992317  0.         0.         1.0328919  0.
    0.         0.32478642]
   [1.3025272  1.3992317  0.         0.         1.0328919  0.
    0.         0.32478642]
   [1.3025272  1.3992317  0.         0.         1.0328919  0.
    0.         0.32478642]
   [1.3025272  1.3992317  0.         0.         1.0328919  0.
    0.         0.32478642]
   [1.3025272  1.3992317  0.         0.         1.0328919  0.
    0.         0.32478642]
   [1.3025272  1.3992317  0.         0.         1.0328919  0.
    0.         0.32478642]]

  [[1.3025272  1.3992317  0.         0.         1.0328919  0.
    0.         0.32478642]
   [1.3025272  1.3992317  0.         0.         1.0328919  0.
    0.         0.32478642]
   [1.3025272  1.3992317  0.         0.         1.0328919  0.
    0.         0.32478642]
   [1.3025272  1.3992317  0.         0.         1.0328919  0.
    0.         0.32478642]
   [1.3025272  1.3992317  0.         0.         1.0328919  0.
    0.         0.32478642]
   [1.3025272  1.3992317  0.         0.         1.0328919  0.
    0.         0.32478642]
   [1.3025272  1.3992317  0.         0.         1.0328919  0.
    0.         0.32478642]
   [1.3025272  1.3992317  0.         0.         1.0328919  0.
    0.         0.32478642]
   [1.3025272  1.3992317  0.         0.         1.0328919  0.
    0.         0.32478642]
   [1.3025272  1.3992317  0.         0.         1.0328919  0.
    0.         0.32478642]
   [1.3025272  1.3992317  0.         0.         1.0328919  0.
    0.         0.32478642]
   [1.3025272  1.3992317  0.         0.         1.0328919  0.
    0.         0.32478642]
   [1.3025272  1.3992317  0.         0.         1.0328919  0.
    0.         0.32478642]
   [1.3025272  1.3992317  0.         0.         1.0328919  0.
    0.         0.32478642]]

  [[1.3025272  1.3992317  0.         0.         1.0328919  0.
    0.         0.32478642]
   [1.3025272  1.3992317  0.         0.         1.0328919  0.
    0.         0.32478642]
   [1.3025272  1.3992317  0.         0.         1.0328919  0.
    0.         0.32478642]
   [1.3025272  1.3992317  0.         0.         1.0328919  0.
    0.         0.32478642]
   [1.3025272  1.3992317  0.         0.         1.0328919  0.
    0.         0.32478642]
   [1.3025272  1.3992317  0.         0.         1.0328919  0.
    0.         0.32478642]
   [1.3025272  1.3992317  0.         0.         1.0328919  0.
    0.         0.32478642]
   [1.3025272  1.3992317  0.         0.         1.0328919  0.
    0.         0.32478642]
   [1.3025272  1.3992317  0.         0.         1.0328919  0.
    0.         0.32478642]
   [1.3025272  1.3992317  0.         0.         1.0328919  0.
    0.         0.32478642]
   [1.3025272  1.3992317  0.         0.         1.0328919  0.
    0.         0.32478642]
   [1.3025272  1.3992317  0.         0.         1.0328919  0.
    0.         0.32478642]
   [1.3025272  1.3992317  0.         0.         1.0328919  0.
    0.         0.32478642]
   [1.3025272  1.3992317  0.         0.         1.0328919  0.
    0.         0.32478642]]

  [[1.3025272  1.3992317  0.         0.         1.0328919  0.
    0.         0.32478642]
   [1.3025272  1.3992317  0.         0.         1.0328919  0.
    0.         0.32478642]
   [1.3025272  1.3992317  0.         0.         1.0328919  0.
    0.         0.32478642]
   [0.89801097 0.9548241  0.         0.         0.7155948  1.3364272
    0.         1.4776745 ]
   [0.8044383  0.8493791  0.         0.         0.639423   1.5929153
    0.         1.6618072 ]
   [1.1468692  1.2272874  0.         0.         0.9098138  0.36270604
    0.         0.7392036 ]
   [1.3025272  1.3992317  0.         0.         1.0328919  0.
    0.         0.32478642]
   [1.3025272  1.3992317  0.         0.         1.0328919  0.
    0.         0.32478642]
   [1.3025272  1.3992317  0.         0.         1.0328919  0.
    0.         0.32478642]
   [1.3025272  1.3992317  0.         0.         1.0328919  0.
    0.         0.32478642]
   [1.3025272  1.3992317  0.         0.         1.0328919  0.
    0.         0.32478642]
   [1.3025272  1.3992317  0.         0.         1.0328919  0.
    0.         0.32478642]
   [1.3025272  1.3992317  0.         0.         1.0328919  0.
    0.         0.32478642]
   [1.3025272  1.3992317  0.         0.         1.0328919  0.
    0.         0.32478642]]

  [[1.3025272  1.3992317  0.         0.         1.0328919  0.
    0.         0.32478642]
   [1.3025272  1.3992317  0.         0.         1.0328919  0.
    0.         0.32478642]
   [1.3025272  1.3992317  0.         0.         1.0328919  0.
    0.         0.32478642]
   [0.41100243 0.42778152 0.         0.         0.34197712 3.467383
    0.         3.1151495 ]
   [0.38435537 0.4009089  0.         0.         0.32359588 3.6558747
    0.         3.2660828 ]
   [0.14525652 0.14221877 0.         0.         0.14023343 4.7044
    0.         4.0719905 ]
   [0.15105027 0.14781788 0.         0.         0.14397433 4.654504
    0.         4.0315695 ]
   [0.13424844 0.13158035 0.         0.         0.13312566 4.7992043
    0.         4.148792  ]
   [0.13656592 0.13382003 0.         0.         0.13462201 4.779246
    0.         4.132623  ]
   [0.14873278 0.1455782  0.         0.         0.14247796 4.6744623
    0.         4.0477376 ]
   [0.42329404 0.43719512 0.         0.         0.34732723 3.2713284
    0.         2.9524431 ]
   [1.3025272  1.3992317  0.         0.         1.0328919  0.
    0.         0.32478642]
   [1.3025272  1.3992317  0.         0.         1.0328919  0.
    0.         0.32478642]
   [1.3025272  1.3992317  0.         0.         1.0328919  0.
    0.         0.32478642]]

  [[1.3025272  1.3992317  0.         0.         1.0328919  0.
    0.         0.32478642]
   [1.3025272  1.3992317  0.         0.         1.0328919  0.
    0.         0.32478642]
   [1.3025272  1.3992317  0.         0.         1.0328919  0.
    0.         0.32478642]
   [1.3025272  1.3992317  0.         0.         1.0328919  0.
    0.         0.32478642]
   [1.3025272  1.3992317  0.         0.         1.0328919  0.
    0.         0.32478642]
   [1.2749628  1.3687832  0.         0.         1.0110968  0.
    0.         0.3981728 ]
   [1.1728122  1.2559447  0.         0.         0.9303268  0.27047443
    0.         0.670134  ]
   [1.0852544  1.1592262  0.         0.         0.8610954  0.581756
    0.         0.9032437 ]
   [1.0982258  1.1735548  0.         0.         0.8713519  0.5356403
    0.         0.86870897]
   [0.52832144 0.55841637 0.         0.         0.43583283 3.0883842
    0.         2.8353004 ]
   [0.5109563  0.5371523  0.         0.         0.41991794 3.0739417
    0.         2.8165412 ]
   [1.3025272  1.3992317  0.         0.         1.0328919  0.
    0.         0.32478642]
   [1.3025272  1.3992317  0.         0.         1.0328919  0.
    0.         0.32478642]
   [1.3025272  1.3992317  0.         0.         1.0328919  0.
    0.         0.32478642]]

  [[1.3025272  1.3992317  0.         0.         1.0328919  0.
    0.         0.32478642]
   [1.3025272  1.3992317  0.         0.         1.0328919  0.
    0.         0.32478642]
   [1.3025272  1.3992317  0.         0.         1.0328919  0.
    0.         0.32478642]
   [1.3025272  1.3992317  0.         0.         1.0328919  0.
    0.         0.32478642]
   [1.3025272  1.3992317  0.         0.         1.0328919  0.
    0.         0.32478642]
   [1.3025272  1.3992317  0.         0.         1.0328919  0.
    0.         0.32478642]
   [1.3025272  1.3992317  0.         0.         1.0328919  0.
    0.         0.32478642]
   [1.3025272  1.3992317  0.         0.         1.0328919  0.
    0.         0.32478642]
   [1.05769    1.1287777  0.         0.         0.8393004  0.679752
    0.         0.97663003]
   [0.09021616 0.08902699 0.         0.         0.10469469 5.17842
    0.         4.455995  ]
   [1.0966045  1.1717638  0.         0.         0.87006986 0.5414047
    0.         0.8730257 ]
   [1.3025272  1.3992317  0.         0.         1.0328919  0.
    0.         0.32478642]
   [1.3025272  1.3992317  0.         0.         1.0328919  0.
    0.         0.32478642]
   [1.3025272  1.3992317  0.         0.         1.0328919  0.
    0.         0.32478642]]

  [[1.3025272  1.3992317  0.         0.         1.0328919  0.
    0.         0.32478642]
   [1.3025272  1.3992317  0.         0.         1.0328919  0.
    0.         0.32478642]
   [1.3025272  1.3992317  0.         0.         1.0328919  0.
    0.         0.32478642]
   [1.3025272  1.3992317  0.         0.         1.0328919  0.
    0.         0.32478642]
   [1.3025272  1.3992317  0.         0.         1.0328919  0.
    0.         0.32478642]
   [1.3025272  1.3992317  0.         0.         1.0328919  0.
    0.         0.32478642]
   [1.3025272  1.3992317  0.         0.         1.0328919  0.
    0.         0.32478642]
   [1.3025272  1.3992317  0.         0.         1.0328919  0.
    0.         0.32478642]
   [0.3775236  0.39296198 0.         0.         0.317774   3.6655133
    0.         3.2717729 ]
   [0.6161245  0.6515623  0.         0.         0.50122553 2.6355937
    0.         2.4815536 ]
   [1.3025272  1.3992317  0.         0.         1.0328919  0.
    0.         0.32478642]
   [1.3025272  1.3992317  0.         0.         1.0328919  0.
    0.         0.32478642]
   [1.3025272  1.3992317  0.         0.         1.0328919  0.
    0.         0.32478642]
   [1.3025272  1.3992317  0.         0.         1.0328919  0.
    0.         0.32478642]]

  [[1.3025272  1.3992317  0.         0.         1.0328919  0.
    0.         0.32478642]
   [1.3025272  1.3992317  0.         0.         1.0328919  0.
    0.         0.32478642]
   [1.3025272  1.3992317  0.         0.         1.0328919  0.
    0.         0.32478642]
   [1.3025272  1.3992317  0.         0.         1.0328919  0.
    0.         0.32478642]
   [1.3025272  1.3992317  0.         0.         1.0328919  0.
    0.         0.32478642]
   [1.3025272  1.3992317  0.         0.         1.0328919  0.
    0.         0.32478642]
   [1.3025272  1.3992317  0.         0.         1.0328919  0.
    0.         0.32478642]
   [1.083633   1.157435   0.         0.         0.85981333 0.5875205
    0.         0.9075605 ]
   [0.14293903 0.1399791  0.         0.         0.13873705 4.724359
    0.         4.088159  ]
   [1.2084838  1.2953486  0.         0.         0.9585322  0.14365599
    0.         0.5751635 ]
   [1.3025272  1.3992317  0.         0.         1.0328919  0.
    0.         0.32478642]
   [1.3025272  1.3992317  0.         0.         1.0328919  0.
    0.         0.32478642]
   [1.3025272  1.3992317  0.         0.         1.0328919  0.
    0.         0.32478642]
   [1.3025272  1.3992317  0.         0.         1.0328919  0.
    0.         0.32478642]]

  [[1.3025272  1.3992317  0.         0.         1.0328919  0.
    0.         0.32478642]
   [1.3025272  1.3992317  0.         0.         1.0328919  0.
    0.         0.32478642]
   [1.3025272  1.3992317  0.         0.         1.0328919  0.
    0.         0.32478642]
   [1.3025272  1.3992317  0.         0.         1.0328919  0.
    0.         0.32478642]
   [1.3025272  1.3992317  0.         0.         1.0328919  0.
    0.         0.32478642]
   [1.3025272  1.3992317  0.         0.         1.0328919  0.
    0.         0.32478642]
   [1.2717199  1.365201   0.         0.         1.0085326  0.
    0.         0.4068065 ]
   [0.27690035 0.28728595 0.         0.         0.24395609 4.2235727
    0.         3.710577  ]
   [0.65261704 0.68907017 0.         0.         0.5271394  2.40331
    0.         2.2969103 ]
   [1.3025272  1.3992317  0.         0.         1.0328919  0.
    0.         0.32478642]
   [1.3025272  1.3992317  0.         0.         1.0328919  0.
    0.         0.32478642]
   [1.3025272  1.3992317  0.         0.         1.0328919  0.
    0.         0.32478642]
   [1.3025272  1.3992317  0.         0.         1.0328919  0.
    0.         0.32478642]
   [1.3025272  1.3992317  0.         0.         1.0328919  0.
    0.         0.32478642]]

  [[1.3025272  1.3992317  0.         0.         1.0328919  0.
    0.         0.32478642]
   [1.3025272  1.3992317  0.         0.         1.0328919  0.
    0.         0.32478642]
   [1.3025272  1.3992317  0.         0.         1.0328919  0.
    0.         0.32478642]
   [1.3025272  1.3992317  0.         0.         1.0328919  0.
    0.         0.32478642]
   [1.3025272  1.3992317  0.         0.         1.0328919  0.
    0.         0.32478642]
   [1.3025272  1.3992317  0.         0.         1.0328919  0.
    0.         0.32478642]
   [0.64901197 0.6891719  0.         0.         0.5285737  2.5655522
    0.         2.4339905 ]
   [0.27307808 0.28314382 0.         0.         0.24101785 4.2400913
    0.         3.7232528 ]
   [1.2457769  1.3365437  0.         0.         0.9880197  0.01107306
    0.         0.47587597]
   [1.3025272  1.3992317  0.         0.         1.0328919  0.
    0.         0.32478642]
   [1.3025272  1.3992317  0.         0.         1.0328919  0.
    0.         0.32478642]
   [1.3025272  1.3992317  0.         0.         1.0328919  0.
    0.         0.32478642]
   [1.3025272  1.3992317  0.         0.         1.0328919  0.
    0.         0.32478642]
   [1.3025272  1.3992317  0.         0.         1.0328919  0.
    0.         0.32478642]]

  [[1.3025272  1.3992317  0.         0.         1.0328919  0.
    0.         0.32478642]
   [1.3025272  1.3992317  0.         0.         1.0328919  0.
    0.         0.32478642]
   [1.3025272  1.3992317  0.         0.         1.0328919  0.
    0.         0.32478642]
   [1.3025272  1.3992317  0.         0.         1.0328919  0.
    0.         0.32478642]
   [1.3025272  1.3992317  0.         0.         1.0328919  0.
    0.         0.32478642]
   [1.0366113  1.1054935  0.         0.         0.8226335  0.7546902
    0.         1.0327489 ]
   [0.0867399  0.08566749 0.         0.         0.10245013 5.2083583
    0.         4.480248  ]
   [1.0301255  1.0983293  0.         0.         0.81750524 0.7777482
    0.         1.0500164 ]
   [1.3025272  1.3992317  0.         0.         1.0328919  0.
    0.         0.32478642]
   [1.3025272  1.3992317  0.         0.         1.0328919  0.
    0.         0.32478642]
   [1.3025272  1.3992317  0.         0.         1.0328919  0.
    0.         0.32478642]
   [1.3025272  1.3992317  0.         0.         1.0328919  0.
    0.         0.32478642]
   [1.3025272  1.3992317  0.         0.         1.0328919  0.
    0.         0.32478642]
   [1.3025272  1.3992317  0.         0.         1.0328919  0.
    0.         0.32478642]]

  [[1.3025272  1.3992317  0.         0.         1.0328919  0.
    0.         0.32478642]
   [1.3025272  1.3992317  0.         0.         1.0328919  0.
    0.         0.32478642]
   [1.3025272  1.3992317  0.         0.         1.0328919  0.
    0.         0.32478642]
   [1.3025272  1.3992317  0.         0.         1.0328919  0.
    0.         0.32478642]
   [1.3025272  1.3992317  0.         0.         1.0328919  0.
    0.         0.32478642]
   [0.3977936  0.4147922  0.         0.         0.33321327 3.5729406
    0.         3.2003093 ]
   [0.08963674 0.08846706 0.         0.         0.10432059 5.1834097
    0.         4.460037  ]
   [1.1533549  1.2344518  0.         0.         0.9149421  0.33964807
    0.         0.7219362 ]
   [1.3025272  1.3992317  0.         0.         1.0328919  0.
    0.         0.32478642]
   [1.3025272  1.3992317  0.         0.         1.0328919  0.
    0.         0.32478642]
   [1.3025272  1.3992317  0.         0.         1.0328919  0.
    0.         0.32478642]
   [1.3025272  1.3992317  0.         0.         1.0328919  0.
    0.         0.32478642]
   [1.3025272  1.3992317  0.         0.         1.0328919  0.
    0.         0.32478642]
   [1.3025272  1.3992317  0.         0.         1.0328919  0.
    0.         0.32478642]]

  [[1.3025272  1.3992317  0.         0.         1.0328919  0.
    0.         0.32478642]
   [1.3025272  1.3992317  0.         0.         1.0328919  0.
    0.         0.32478642]
   [1.3025272  1.3992317  0.         0.         1.0328919  0.
    0.         0.32478642]
   [1.3025272  1.3992317  0.         0.         1.0328919  0.
    0.         0.32478642]
   [1.3025272  1.3992317  0.         0.         1.0328919  0.
    0.         0.32478642]
   [0.798041   0.8499199  0.         0.         0.64234614 1.8940008
    0.         1.9163061 ]
   [0.99227977 1.0607177  0.         0.         0.791981   1.065745
    0.         1.2816901 ]
   [1.3025272  1.3992317  0.         0.         1.0328919  0.
    0.         0.32478642]
   [1.3025272  1.3992317  0.         0.         1.0328919  0.
    0.         0.32478642]
   [1.3025272  1.3992317  0.         0.         1.0328919  0.
    0.         0.32478642]
   [1.3025272  1.3992317  0.         0.         1.0328919  0.
    0.         0.32478642]
   [1.3025272  1.3992317  0.         0.         1.0328919  0.
    0.         0.32478642]
   [1.3025272  1.3992317  0.         0.         1.0328919  0.
    0.         0.32478642]
   [1.3025272  1.3992317  0.         0.         1.0328919  0.
    0.         0.32478642]]]]