[[[[0.         0.         2.9222023  0.         0.         0.
    0.         0.         0.         0.         0.         0.        ]
   [0.         0.         2.9222023  0.         0.         0.
    0.         0.         0.         0.         0.         0.        ]
   [0.         0.         2.9222023  0.         0.         0.
    0.         0.         0.         0.         0.         0.        ]
   [0.         0.         2.9222023  0.         0.         0.
    0.         0.         0.         0.         0.         0.        ]
   [0.         0.         2.9222023  0.         0.         0.
    0.         0.         0.         0.         0.         0.        ]
   [0.         0.         2.9222023  0.         0.         0.
    0.         0.         0.         0.         0.         0.        ]
   [0.         0.         2.9222023  0.         0.         0.
    0.         0.         0.         0.         0.         0.        ]]

  [[0.         0.         2.9222023  0.         0.         0.
    0.         0.         0.         0.         0.         0.        ]
   [0.         0.         2.9222023  0.         0.         0.
    0.         0.         0.         0.         0.         0.        ]
   [0.         0.         2.9222023  0.         0.         0.
    0.         0.         0.         0.         0.         0.        ]
   [0.         0.         2.9222023  0.         0.         0.
    0.         0.         0.         0.         0.         0.        ]
   [0.         0.         2.9222023  0.         0.         0.
    0.         0.         0.         0.         0.         0.        ]
   [0.         0.         2.9222023  0.         0.         0.
    0.         0.         0.         0.         0.         0.        ]
   [0.         0.         2.9222023  0.         0.         0.
    0.         0.         0.         0.         0.         0.        ]]

  [[0.         0.         2.9222023  0.         0.         0.
    0.         0.         0.         0.         0.         0.        ]
   [0.         0.         2.9222023  0.         0.         0.
    0.         0.         0.         0.         0.         0.        ]
   [0.         0.         0.         2.8717577  0.         0.
    0.         0.         0.         0.         0.         4.325992  ]
   [0.         0.         0.         4.945091   0.         0.
    0.         0.         0.         0.         0.         7.4755216 ]
   [0.         0.         0.         5.1450324  0.         0.
    0.         0.         0.         0.         0.         7.7785807 ]
   [0.         0.         0.         2.2784019  0.         0.
    0.         0.         0.         0.         0.         3.426955  ]
   [0.         0.         2.9222023  0.         0.         0.
    0.         0.         0.         0.         0.         0.        ]]

  [[0.         0.         2.9222023  0.         0.         0.
    0.         0.         0.         0.         0.         0.        ]
   [0.         0.         2.9222023  0.         0.         0.
    0.         0.         0.         0.         0.         0.        ]
   [0.         0.         2.9222023  0.         0.         0.
    0.         0.         0.         0.         0.         0.        ]
   [0.         0.         2.9222023  0.         0.         0.
    0.         0.         0.         0.         0.         0.        ]
   [0.         0.         2.1689937  0.         0.         0.
    0.         0.         0.         0.         0.         0.        ]
   [0.         0.         2.3072774  0.         0.         0.
    0.         0.         0.         0.         0.         0.        ]
   [0.         0.         2.9222023  0.         0.         0.
    0.         0.         0.         0.         0.         0.        ]]

  [[0.         0.         2.9222023  0.         0.         0.
    0.         0.         0.         0.         0.         0.        ]
   [0.         0.         2.9222023  0.         0.         0.
    0.         0.         0.         0.         0.         0.        ]
   [0.         0.         2.9222023  0.         0.         0.
    0.         0.         0.         0.         0.         0.        ]
   [0.         0.         2.9222023  0.         0.         0.
    0.         0.         0.         0.         0.         0.        ]
   [0.         0.         0.         5.0570574  0.         0.
    0.         0.         0.         0.         0.         7.6452336 ]
   [0.         0.         2.9222023  0.         0.         0.
    0.         0.         0.         0.         0.         0.        ]
   [0.         0.         2.9222023  0.         0.         0.
    0.         0.         0.         0.         0.         0.        ]]

  [[0.         0.         2.9222023  0.         0.         0.
    0.         0.         0.         0.         0.         0.        ]
   [0.         0.         2.9222023  0.         0.         0.
    0.         0.         0.         0.         0.         0.        ]
   [0.         0.         2.9222023  0.         0.         0.
    0.         0.         0.         0.         0.         0.        ]
   [0.         0.         0.54443824 0.5680557  0.         0.
    0.         0.         0.         0.         0.         0.8260667 ]
   [0.         0.         2.8373659  0.         0.         0.
    0.         0.         0.         0.         0.         0.        ]
   [0.         0.         2.9222023  0.         0.         0.
    0.         0.         0.         0.         0.         0.        ]
   [0.         0.         2.9222023  0.         0.         0.
    0.         0.         0.         0.         0.         0.        ]]

  [[0.         0.         2.9222023  0.         0.         0.
    0.         0.         0.         0.         0.         0.        ]
   [0.         0.         2.9222023  0.         0.         0.
    0.         0.         0.         0.         0.         0.        ]
   [0.         0.         2.9222023  0.         0.         0.
    0.         0.         0.         0.         0.         0.        ]
   [0.         0.         0.         5.7928424  0.         0.
    0.         0.         0.         0.         0.         8.760492  ]
   [0.         0.         2.9222023  0.         0.         0.
    0.         0.         0.         0.         0.         0.        ]
   [0.         0.         2.9222023  0.         0.         0.
    0.         0.         0.         0.         0.         0.        ]
   [0.         0.         2.9222023  0.         0.         0.
    0.         0.         0.         0.         0.         0.        ]]]]