[[[[ 0.          0.          0.          0.         10.761513
     0.         10.940599    0.          0.          0.
     0.          0.        ]
   [ 0.          0.          0.          0.          8.216581
     0.          8.731756    0.          0.          0.
     0.          0.        ]
   [ 0.          0.          0.          0.         10.142583
     0.          9.06892     0.          0.          0.
     0.          0.        ]
   [ 0.          0.          0.          0.         12.477582
     0.         11.934077    0.          0.          0.
     0.          0.        ]
   [ 0.          0.          0.          0.         12.656338
     0.         12.182119    0.          0.          0.
     0.          0.        ]
   [ 0.          0.          0.          0.         12.656338
     0.         12.182119    0.          0.          0.
     0.          0.        ]
   [ 0.6328787   0.          0.          0.          3.7448494
     0.          4.2670913   0.          0.          0.
     0.          0.        ]]

  [[ 0.          0.          0.          0.          2.7234502
     0.          6.418457    0.          0.          0.
     2.3210545   0.        ]
   [ 0.          0.          0.          0.          0.
    10.6790905   0.          0.          0.          0.
    36.937725    0.        ]
   [ 1.4188302   0.          0.          0.          0.
    15.770605    0.          0.          0.          0.
    43.962845    0.        ]
   [ 0.          0.          0.          0.          0.
    12.574981    0.          0.          0.          0.
    41.847702    0.        ]
   [ 9.902075    0.          0.          0.          0.
     2.9409578   1.111703    0.          0.          0.
    23.874392    0.        ]
   [22.306799    0.          0.          0.          8.022001
     0.          0.          0.          0.          0.
     0.          0.        ]
   [ 0.          0.          0.          0.          3.267363
     0.          4.695993    0.          0.          0.
     0.          0.        ]]

  [[ 0.          0.          0.          0.          5.077352
     0.          5.463882    0.          0.          0.
     0.12077404  0.        ]
   [ 2.9105833   0.          0.          0.          0.
     0.          0.          0.          0.          0.
    26.757343    0.        ]
   [ 5.658525    0.          0.          0.          0.
     0.          0.          0.          0.          0.
    43.866413    0.        ]
   [ 0.99386346  0.          0.          0.          0.
    19.662756    0.          0.          0.          0.
    65.81451     0.        ]
   [52.738632   11.542689    0.          0.          0.
    11.985421    0.          0.          0.          0.
    38.363754    0.        ]
   [58.77796    12.952978    0.          0.         29.648611
     0.         10.115335    0.          0.          0.
     0.          0.        ]
   [ 0.          0.          0.          0.          3.267363
     0.          4.695993    0.          0.          0.
     0.          0.        ]]

  [[ 0.          0.          0.          0.         11.983693
     0.         12.498647    0.          0.          0.
     0.          0.        ]
   [ 0.          0.          0.          0.         12.548645
     0.         13.431802    0.          0.          0.
     0.          0.        ]
   [ 0.          0.          0.          0.          6.614909
     0.         10.202822    0.          0.          0.
     0.          0.        ]
   [ 0.26460373  0.          0.          0.          0.
    14.919634    0.          0.          0.          0.
    39.736153    0.        ]
   [82.25668    32.0883      0.          0.          0.
     0.          0.          0.          0.          0.
     0.          0.        ]
   [20.661516    0.          0.          0.         19.68297
     0.         13.828334    0.          0.          0.
     0.          0.        ]
   [ 0.          0.          0.          0.          3.267363
     0.          4.695993    0.          0.          0.
     0.          0.        ]]

  [[ 0.          0.          0.          0.         11.983693
     0.         12.498647    0.          0.          0.
     0.          0.        ]
   [ 0.          0.          0.          0.         11.904135
     0.         13.285339    0.          0.          0.
     0.          0.        ]
   [ 0.          0.          0.          0.          0.
     0.          0.          0.          0.          0.
    24.981314    0.        ]
   [51.276943    5.1117063   0.          0.          0.
     6.53081     0.          0.          0.          0.
    20.995377    0.        ]
   [61.337803   18.151915    0.          0.         18.47897
     0.          3.602984    0.          0.          0.
     0.          0.        ]
   [ 0.          0.          0.          0.         11.389488
     0.         12.17994     0.          0.          0.
     0.          0.        ]
   [ 0.          0.          0.          0.          3.267363
     0.          4.695993    0.          0.          0.
     0.          0.        ]]

  [[ 0.          0.          0.          0.         11.983693
     0.         12.498647    0.          0.          0.
     0.          0.        ]
   [ 0.          0.          0.          0.          3.1154165
     0.          7.8947754   0.          0.          0.
     3.1811717   0.        ]
   [ 7.188588    0.          0.          0.          0.
    15.98881     0.          0.          0.          0.
    43.50592     0.        ]
   [89.9379     34.73542     0.          0.          0.
     0.          0.          0.          0.          0.
     0.          0.        ]
   [11.350148    0.          0.          0.         15.364549
     0.         12.359459    0.          0.          0.
     0.          0.        ]
   [ 0.          0.          0.          0.         12.633001
     0.         13.520596    0.          0.          0.
     0.          0.        ]
   [ 0.          0.          0.          0.          3.267363
     0.          4.695993    0.          0.          0.
     0.          0.        ]]

  [[ 0.          0.59327024  0.          0.          2.0242078
     0.          6.858483    0.          0.          0.
     0.          0.        ]
   [ 0.          4.521197    0.          0.          0.
     3.1144736   0.          0.          0.          0.
     8.558787    0.        ]
   [21.528395   44.63707     0.          0.          0.
    15.437902    0.          0.          0.          0.
    23.360826    0.        ]
   [38.548515   46.92788     0.          0.          8.675793
     0.          6.2802687   0.          0.          0.
     0.          0.        ]
   [ 0.          1.4580996   0.          0.          1.3663739
     0.4700724   6.848483    0.          0.          0.
     1.2179321   0.        ]
   [ 0.          0.          0.          0.          1.8856275
     0.          7.5504646   0.          0.          0.
     0.15956107  0.        ]
   [ 0.          0.          0.          0.          0.
     0.          2.601323    0.          0.          0.
     0.37690246  0.        ]]]]