[[[[1.32785030e-02 5.07292487e-02 1.68704744e-02]
   [1.32785030e-02 5.07292487e-02 1.68704744e-02]
   [1.32785030e-02 5.07292487e-02 1.68704744e-02]
   [1.32785030e-02 5.07292487e-02 1.68704744e-02]
   [1.32785030e-02 5.07292487e-02 1.68704744e-02]
   [1.32785030e-02 5.07292487e-02 1.68704744e-02]
   [1.32785030e-02 5.07292487e-02 1.68704744e-02]
   [1.32785030e-02 5.07292487e-02 1.68704744e-02]
   [1.32785030e-02 5.07292487e-02 1.68704744e-02]
   [1.32785030e-02 5.07292487e-02 1.68704744e-02]
   [1.32785030e-02 5.07292487e-02 1.68704744e-02]
   [1.32785030e-02 5.07292487e-02 1.68704744e-02]
   [1.32785030e-02 5.07292487e-02 1.68704744e-02]
   [1.32785030e-02 5.07292487e-02 1.68704744e-02]]

  [[1.32785030e-02 5.07292487e-02 1.68704744e-02]
   [1.32785030e-02 5.07292487e-02 1.68704744e-02]
   [1.32785030e-02 5.07292487e-02 1.68704744e-02]
   [1.32785030e-02 5.07292487e-02 1.68704744e-02]
   [1.32785030e-02 5.07292487e-02 1.68704744e-02]
   [1.32785030e-02 5.07292487e-02 1.68704744e-02]
   [1.32785030e-02 5.07292487e-02 1.68704744e-02]
   [1.32785030e-02 5.07292487e-02 1.68704744e-02]
   [1.32785030e-02 5.07292487e-02 1.68704744e-02]
   [1.32785030e-02 5.07292487e-02 1.68704744e-02]
   [1.32785030e-02 5.07292487e-02 1.68704744e-02]
   [1.32785030e-02 5.07292487e-02 1.68704744e-02]
   [1.32785030e-02 5.07292487e-02 1.68704744e-02]
   [1.32785030e-02 5.07292487e-02 1.68704744e-02]]

  [[1.32785030e-02 5.07292487e-02 1.68704744e-02]
   [0.00000000e+00 0.00000000e+00 3.85867447e-01]
   [1.81421995e-01 0.00000000e+00 7.38281071e-01]
   [1.72207379e+00 0.00000000e+00 1.59667686e-01]
   [1.51376337e-01 0.00000000e+00 0.00000000e+00]
   [0.00000000e+00 0.00000000e+00 0.00000000e+00]
   [0.00000000e+00 0.00000000e+00 0.00000000e+00]
   [2.04307705e-01 0.00000000e+00 0.00000000e+00]
   [2.32440233e-01 0.00000000e+00 0.00000000e+00]
   [3.78656507e-01 0.00000000e+00 0.00000000e+00]
   [0.00000000e+00 0.00000000e+00 0.00000000e+00]
   [0.00000000e+00 0.00000000e+00 0.00000000e+00]
   [1.32785030e-02 5.07292487e-02 1.68704744e-02]
   [1.32785030e-02 5.07292487e-02 1.68704744e-02]]

  [[1.32785030e-02 5.07292487e-02 1.68704744e-02]
   [6.77727163e-02 0.00000000e+00 2.08761111e-01]
   [1.41762757e+00 0.00000000e+00 1.30826533e+00]
   [1.72391152e+00 0.00000000e+00 3.42435718e+00]
   [0.00000000e+00 0.00000000e+00 4.92276716e+00]
   [0.00000000e+00 0.00000000e+00 4.36804438e+00]
   [0.00000000e+00 0.00000000e+00 3.21103811e+00]
   [0.00000000e+00 0.00000000e+00 2.42441821e+00]
   [0.00000000e+00 0.00000000e+00 2.58788085e+00]
   [0.00000000e+00 0.00000000e+00 1.49399567e+00]
   [0.00000000e+00 0.00000000e+00 0.00000000e+00]
   [0.00000000e+00 0.00000000e+00 0.00000000e+00]
   [1.32785030e-02 5.07292487e-02 1.68704744e-02]
   [1.32785030e-02 5.07292487e-02 1.68704744e-02]]

  [[1.32785030e-02 5.07292487e-02 1.68704744e-02]
   [6.61735535e-01 6.30911469e-01 0.00000000e+00]
   [1.52694702e+00 1.99051106e+00 0.00000000e+00]
   [0.00000000e+00 2.86656117e+00 0.00000000e+00]
   [0.00000000e+00 3.52585316e+00 1.04643023e+00]
   [0.00000000e+00 3.69459343e+00 2.57551837e+00]
   [0.00000000e+00 3.62408400e+00 3.76817322e+00]
   [0.00000000e+00 3.66187215e+00 4.44666290e+00]
   [0.00000000e+00 0.00000000e+00 4.98459387e+00]
   [0.00000000e+00 0.00000000e+00 4.37252283e+00]
   [0.00000000e+00 0.00000000e+00 1.61873424e+00]
   [0.00000000e+00 6.82368815e-01 8.22804332e-01]
   [1.32785030e-02 5.07292487e-02 1.68704744e-02]
   [1.32785030e-02 5.07292487e-02 1.68704744e-02]]

  [[1.32785030e-02 5.07292487e-02 1.68704744e-02]
   [4.53717113e-01 4.01898891e-01 0.00000000e+00]
   [1.37853594e-02 7.26544976e-01 0.00000000e+00]
   [0.00000000e+00 1.22425139e+00 0.00000000e+00]
   [0.00000000e+00 1.94232011e+00 0.00000000e+00]
   [0.00000000e+00 2.23790479e+00 0.00000000e+00]
   [0.00000000e+00 2.64281344e+00 0.00000000e+00]
   [0.00000000e+00 1.21310309e-01 0.00000000e+00]
   [1.52698946e+00 0.00000000e+00 0.00000000e+00]
   [0.00000000e+00 2.26751581e-01 0.00000000e+00]
   [0.00000000e+00 1.03536999e+00 0.00000000e+00]
   [0.00000000e+00 1.27193022e+00 2.20834687e-01]
   [1.32785030e-02 5.07292487e-02 1.68704744e-02]
   [1.32785030e-02 5.07292487e-02 1.68704744e-02]]

  [[1.32785030e-02 5.07292487e-02 1.68704744e-02]
   [1.32785030e-02 5.07292487e-02 1.68704744e-02]
   [1.32785030e-02 5.07292487e-02 1.68704744e-02]
   [1.32785030e-02 5.07292487e-02 1.68704744e-02]
   [1.09839335e-01 1.16013840e-01 0.00000000e+00]
   [0.00000000e+00 1.40287012e-01 0.00000000e+00]
   [0.00000000e+00 0.00000000e+00 0.00000000e+00]
   [1.62864494e+00 0.00000000e+00 0.00000000e+00]
   [4.42496395e+00 0.00000000e+00 0.00000000e+00]
   [0.00000000e+00 2.34286264e-01 0.00000000e+00]
   [0.00000000e+00 2.03959823e+00 0.00000000e+00]
   [4.34107244e-01 4.64434654e-01 0.00000000e+00]
   [1.32785030e-02 5.07292487e-02 1.68704744e-02]
   [1.32785030e-02 5.07292487e-02 1.68704744e-02]]

  [[1.32785030e-02 5.07292487e-02 1.68704744e-02]
   [1.32785030e-02 5.07292487e-02 1.68704744e-02]
   [1.32785030e-02 5.07292487e-02 1.68704744e-02]
   [1.32785030e-02 5.07292487e-02 1.68704744e-02]
   [1.32785030e-02 5.07292487e-02 1.68704744e-02]
   [0.00000000e+00 9.99753475e-02 1.13974832e-01]
   [1.27812549e-01 0.00000000e+00 7.22412586e-01]
   [4.91444302e+00 0.00000000e+00 0.00000000e+00]
   [0.00000000e+00 0.00000000e+00 0.00000000e+00]
   [0.00000000e+00 1.10928035e+00 0.00000000e+00]
   [0.00000000e+00 1.41602194e+00 0.00000000e+00]
   [2.68329412e-01 7.31083453e-02 0.00000000e+00]
   [1.32785030e-02 5.07292487e-02 1.68704744e-02]
   [1.32785030e-02 5.07292487e-02 1.68704744e-02]]

  [[1.32785030e-02 5.07292487e-02 1.68704744e-02]
   [1.32785030e-02 5.07292487e-02 1.68704744e-02]
   [1.32785030e-02 5.07292487e-02 1.68704744e-02]
   [1.32785030e-02 5.07292487e-02 1.68704744e-02]
   [1.02643054e-02 5.26990928e-02 2.07546484e-02]
   [0.00000000e+00 0.00000000e+00 6.83085024e-01]
   [2.77756262e+00 0.00000000e+00 7.12878928e-02]
   [4.15267324e+00 0.00000000e+00 0.00000000e+00]
   [0.00000000e+00 4.96907160e-02 0.00000000e+00]
   [0.00000000e+00 1.92294848e+00 0.00000000e+00]
   [6.91527665e-01 3.06515574e-01 0.00000000e+00]
   [1.32785030e-02 5.07292487e-02 1.68704744e-02]
   [1.32785030e-02 5.07292487e-02 1.68704744e-02]
   [1.32785030e-02 5.07292487e-02 1.68704744e-02]]

  [[1.32785030e-02 5.07292487e-02 1.68704744e-02]
   [1.32785030e-02 5.07292487e-02 1.68704744e-02]
   [1.32785030e-02 5.07292487e-02 1.68704744e-02]
   [1.32785030e-02 5.07292487e-02 1.68704744e-02]
   [0.00000000e+00 9.52776521e-03 3.55374128e-01]
   [9.62094605e-01 0.00000000e+00 7.56235242e-01]
   [5.67958498e+00 0.00000000e+00 0.00000000e+00]
   [0.00000000e+00 6.42255917e-02 0.00000000e+00]
   [0.00000000e+00 1.67586052e+00 0.00000000e+00]
   [0.00000000e+00 1.26569808e+00 0.00000000e+00]
   [1.15849108e-01 3.23940814e-02 0.00000000e+00]
   [1.32785030e-02 5.07292487e-02 1.68704744e-02]
   [1.32785030e-02 5.07292487e-02 1.68704744e-02]
   [1.32785030e-02 5.07292487e-02 1.68704744e-02]]

  [[1.32785030e-02 5.07292487e-02 1.68704744e-02]
   [1.32785030e-02 5.07292487e-02 1.68704744e-02]
   [1.32785030e-02 5.07292487e-02 1.68704744e-02]
   [0.00000000e+00 9.07827392e-02 9.58486870e-02]
   [0.00000000e+00 0.00000000e+00 8.97715926e-01]
   [4.39533949e+00 0.00000000e+00 1.04818873e-01]
   [2.25588536e+00 0.00000000e+00 0.00000000e+00]
   [0.00000000e+00 4.99632448e-01 0.00000000e+00]
   [0.00000000e+00 1.91428018e+00 0.00000000e+00]
   [6.74228609e-01 2.46475860e-01 0.00000000e+00]
   [1.32785030e-02 5.07292487e-02 1.68704744e-02]
   [1.32785030e-02 5.07292487e-02 1.68704744e-02]
   [1.32785030e-02 5.07292487e-02 1.68704744e-02]
   [1.32785030e-02 5.07292487e-02 1.68704744e-02]]

  [[1.32785030e-02 5.07292487e-02 1.68704744e-02]
   [1.32785030e-02 5.07292487e-02 1.68704744e-02]
   [1.32785030e-02 5.07292487e-02 1.68704744e-02]
   [0.00000000e+00 0.00000000e+00 3.24554205e-01]
   [1.61173511e+00 0.00000000e+00 8.93237829e-01]
   [5.35114098e+00 0.00000000e+00 3.23329419e-01]
   [0.00000000e+00 0.00000000e+00 0.00000000e+00]
   [0.00000000e+00 1.12064731e+00 0.00000000e+00]
   [0.00000000e+00 7.19052553e-01 0.00000000e+00]
   [7.51745552e-02 3.96649241e-02 0.00000000e+00]
   [1.32785030e-02 5.07292487e-02 1.68704744e-02]
   [1.32785030e-02 5.07292487e-02 1.68704744e-02]
   [1.32785030e-02 5.07292487e-02 1.68704744e-02]
   [1.32785030e-02 5.07292487e-02 1.68704744e-02]]

  [[1.32785030e-02 5.07292487e-02 1.68704744e-02]
   [1.32785030e-02 5.07292487e-02 1.68704744e-02]
   [1.32785030e-02 5.07292487e-02 1.68704744e-02]
   [2.51883507e-01 0.00000000e+00 0.00000000e+00]
   [3.02847528e+00 1.27257538e+00 0.00000000e+00]
   [5.40140212e-01 3.60506225e+00 0.00000000e+00]
   [0.00000000e+00 2.96469665e+00 1.00851104e-01]
   [0.00000000e+00 2.18383384e+00 2.17553943e-01]
   [1.34384885e-01 2.04080731e-01 3.69133987e-03]
   [1.32785030e-02 5.07292487e-02 1.68704744e-02]
   [1.32785030e-02 5.07292487e-02 1.68704744e-02]
   [1.32785030e-02 5.07292487e-02 1.68704744e-02]
   [1.32785030e-02 5.07292487e-02 1.68704744e-02]
   [1.32785030e-02 5.07292487e-02 1.68704744e-02]]

  [[1.32785030e-02 5.07292487e-02 1.68704744e-02]
   [1.32785030e-02 5.07292487e-02 1.68704744e-02]
   [1.32785030e-02 5.07292487e-02 1.68704744e-02]
   [5.22619665e-01 6.23475373e-01 0.00000000e+00]
   [1.42223299e+00 2.13856983e+00 0.00000000e+00]
   [0.00000000e+00 1.95859981e+00 0.00000000e+00]
   [0.00000000e+00 1.79597068e+00 0.00000000e+00]
   [0.00000000e+00 9.44939315e-01 0.00000000e+00]
   [2.03664556e-01 7.84884095e-02 0.00000000e+00]
   [1.32785030e-02 5.07292487e-02 1.68704744e-02]
   [1.32785030e-02 5.07292487e-02 1.68704744e-02]
   [1.32785030e-02 5.07292487e-02 1.68704744e-02]
   [1.32785030e-02 5.07292487e-02 1.68704744e-02]
   [1.32785030e-02 5.07292487e-02 1.68704744e-02]]]]