[[[[0.0132785  0.05072925 0.01687047]
   [0.0132785  0.05072925 0.01687047]
   [0.0132785  0.05072925 0.01687047]
   [0.0132785  0.05072925 0.01687047]
   [0.0132785  0.05072925 0.01687047]
   [0.0132785  0.05072925 0.01687047]
   [0.0132785  0.05072925 0.01687047]]

  [[0.06777272 0.05072925 0.38586745]
   [1.7239115  0.         3.4243572 ]
   [0.15137634 0.         4.922767  ]
   [0.2043077  0.         3.211038  ]
   [0.3786565  0.         2.5878808 ]
   [0.         0.         0.        ]
   [0.0132785  0.05072925 0.01687047]]

  [[0.66173553 0.63091147 0.01687047]
   [1.526947   2.8665612  0.        ]
   [0.         3.6945934  2.5755184 ]
   [0.         3.6618721  4.446663  ]
   [1.5269895  0.22675158 4.984594  ]
   [0.         1.2719302  1.6187342 ]
   [0.0132785  0.05072925 0.01687047]]

  [[0.0132785  0.05072925 0.01687047]
   [0.0132785  0.05072925 0.01687047]
   [0.10983934 0.14028701 0.11397483]
   [4.914443   0.         0.7224126 ]
   [4.424964   1.1092803  0.        ]
   [0.43410724 2.0395982  0.        ]
   [0.0132785  0.05072925 0.01687047]]

  [[0.0132785  0.05072925 0.01687047]
   [0.0132785  0.05072925 0.01687047]
   [0.9620946  0.05269909 0.75623524]
   [5.679585   0.06422559 0.07128789]
   [0.         1.9229485  0.        ]
   [0.69152766 0.30651557 0.01687047]
   [0.0132785  0.05072925 0.01687047]]

  [[0.0132785  0.05072925 0.01687047]
   [0.0132785  0.09078274 0.3245542 ]
   [5.351141   0.         0.8977159 ]
   [2.2558854  1.1206473  0.        ]
   [0.6742286  1.9142802  0.        ]
   [0.0132785  0.05072925 0.01687047]
   [0.0132785  0.05072925 0.01687047]]

  [[0.0132785  0.05072925 0.01687047]
   [0.52261966 0.6234754  0.01687047]
   [3.0284753  3.6050622  0.        ]
   [0.         2.9646966  0.21755394]
   [0.20366456 0.20408073 0.01687047]
   [0.0132785  0.05072925 0.01687047]
   [0.0132785  0.05072925 0.01687047]]]]