[[[[ 1.32785030e-02  5.07292487e-02  1.68704744e-02]
   [ 1.32785030e-02  5.07292487e-02  1.68704744e-02]
   [ 1.32785030e-02  5.07292487e-02  1.68704744e-02]
   [ 1.32785030e-02  5.07292487e-02  1.68704744e-02]
   [ 1.32785030e-02  5.07292487e-02  1.68704744e-02]
   [ 1.32785030e-02  5.07292487e-02  1.68704744e-02]
   [ 1.32785030e-02  5.07292487e-02  1.68704744e-02]
   [ 1.32785030e-02  5.07292487e-02  1.68704744e-02]
   [ 1.32785030e-02  5.07292487e-02  1.68704744e-02]
   [ 1.32785030e-02  5.07292487e-02  1.68704744e-02]
   [ 1.32785030e-02  5.07292487e-02  1.68704744e-02]
   [ 1.32785030e-02  5.07292487e-02  1.68704744e-02]
   [ 1.32785030e-02  5.07292487e-02  1.68704744e-02]
   [ 1.32785030e-02  5.07292487e-02  1.68704744e-02]]

  [[ 1.32785030e-02  5.07292487e-02  1.68704744e-02]
   [ 1.32785030e-02  5.07292487e-02  1.68704744e-02]
   [ 1.32785030e-02  5.07292487e-02  1.68704744e-02]
   [ 1.32785030e-02  5.07292487e-02  1.68704744e-02]
   [ 1.32785030e-02  5.07292487e-02  1.68704744e-02]
   [ 1.32785030e-02  5.07292487e-02  1.68704744e-02]
   [ 1.32785030e-02  5.07292487e-02  1.68704744e-02]
   [ 1.32785030e-02  5.07292487e-02  1.68704744e-02]
   [ 1.32785030e-02  5.07292487e-02  1.68704744e-02]
   [ 1.32785030e-02  5.07292487e-02  1.68704744e-02]
   [ 1.32785030e-02  5.07292487e-02  1.68704744e-02]
   [ 1.32785030e-02  5.07292487e-02  1.68704744e-02]
   [ 1.32785030e-02  5.07292487e-02  1.68704744e-02]
   [ 1.32785030e-02  5.07292487e-02  1.68704744e-02]]

  [[ 1.32785030e-02  5.07292487e-02  1.68704744e-02]
   [-2.01157331e-01 -1.23729721e-01  3.85867447e-01]
   [ 1.81421995e-01 -2.30909610e+00  7.38281071e-01]
   [ 1.72207379e+00 -4.74872684e+00  1.59667686e-01]
   [ 1.51376337e-01 -5.19737768e+00 -2.17054629e+00]
   [-5.27219892e-01 -4.01200056e+00 -2.64320445e+00]
   [-2.34259516e-01 -3.03665924e+00 -2.37853003e+00]
   [ 2.04307705e-01 -2.75401521e+00 -1.93664312e+00]
   [ 2.32440233e-01 -2.77240038e+00 -1.97289538e+00]
   [ 3.78656507e-01 -2.63960934e+00 -2.22276592e+00]
   [-1.75796986e-01 -1.28749454e+00 -1.92339587e+00]
   [-4.69125122e-01 -2.48762041e-01 -8.07448208e-01]
   [ 1.32785030e-02  5.07292487e-02  1.68704744e-02]
   [ 1.32785030e-02  5.07292487e-02  1.68704744e-02]]

  [[ 1.32785030e-02  5.07292487e-02  1.68704744e-02]
   [ 6.77727163e-02 -1.11614370e+00  2.08761111e-01]
   [ 1.41762757e+00 -1.64790201e+00  1.30826533e+00]
   [ 1.72391152e+00 -1.74526954e+00  3.42435718e+00]
   [-7.70615280e-01 -2.85648012e+00  4.92276716e+00]
   [-7.14725137e-01 -4.37991762e+00  4.36804438e+00]
   [-4.87853080e-01 -5.65591192e+00  3.21103811e+00]
   [-2.36659020e-01 -6.15873194e+00  2.42441821e+00]
   [-6.84925497e-01 -6.06436491e+00  2.58788085e+00]
   [-5.26724868e-02 -5.52465343e+00  1.49399567e+00]
   [-1.35023618e+00 -3.29178405e+00 -4.37356919e-01]
   [-2.32757235e+00 -8.72036040e-01 -1.27136719e+00]
   [ 1.32785030e-02  5.07292487e-02  1.68704744e-02]
   [ 1.32785030e-02  5.07292487e-02  1.68704744e-02]]

  [[ 1.32785030e-02  5.07292487e-02  1.68704744e-02]
   [ 6.61735535e-01  6.30911469e-01 -7.57892311e-01]
   [ 1.52694702e+00  1.99051106e+00 -9.71415818e-01]
   [-1.63154706e-01  2.86656117e+00 -5.60993314e-01]
   [-2.37514734e+00  3.52585316e+00  1.04643023e+00]
   [-1.59205461e+00  3.69459343e+00  2.57551837e+00]
   [-1.68953741e+00  3.62408400e+00  3.76817322e+00]
   [-2.09748673e+00  3.66187215e+00  4.44666290e+00]
   [-1.60357022e+00 -2.84241468e-01  4.98459387e+00]
   [-2.85370141e-01 -5.24075747e-01  4.37252283e+00]
   [-5.23130131e+00 -3.17103148e-01  1.61873424e+00]
   [-3.26203585e+00  6.82368815e-01  8.22804332e-01]
   [ 1.32785030e-02  5.07292487e-02  1.68704744e-02]
   [ 1.32785030e-02  5.07292487e-02  1.68704744e-02]]

  [[ 1.32785030e-02  5.07292487e-02  1.68704744e-02]
   [ 4.53717113e-01  4.01898891e-01 -5.27740657e-01]
   [ 1.37853594e-02  7.26544976e-01 -2.97443485e+00]
   [-1.27986479e+00  1.22425139e+00 -5.43283844e+00]
   [-1.48030508e+00  1.94232011e+00 -7.20702982e+00]
   [-1.79509497e+00  2.23790479e+00 -7.37908316e+00]
   [-2.07184577e+00  2.64281344e+00 -7.27538824e+00]
   [-2.24150729e+00  1.21310309e-01 -6.06446791e+00]
   [ 1.52698946e+00 -1.17215979e+00 -6.07709885e+00]
   [-1.99829006e+00  2.26751581e-01 -3.45908737e+00]
   [-7.62160206e+00  1.03536999e+00 -1.11720407e+00]
   [-1.46769106e+00  1.27193022e+00  2.20834687e-01]
   [ 1.32785030e-02  5.07292487e-02  1.68704744e-02]
   [ 1.32785030e-02  5.07292487e-02  1.68704744e-02]]

  [[ 1.32785030e-02  5.07292487e-02  1.68704744e-02]
   [ 1.32785030e-02  5.07292487e-02  1.68704744e-02]
   [ 1.32785030e-02  5.07292487e-02  1.68704744e-02]
   [ 1.32785030e-02  5.07292487e-02  1.68704744e-02]
   [ 1.09839335e-01  1.16013840e-01 -1.30854934e-01]
   [-4.62000370e-02  1.40287012e-01 -5.42318523e-01]
   [-4.37886149e-01 -4.14352387e-01 -4.83164221e-01]
   [ 1.62864494e+00 -3.29899812e+00 -6.79541051e-01]
   [ 4.42496395e+00 -6.13409340e-01 -1.01452696e+00]
   [-5.84124374e+00  2.34286264e-01 -2.58749890e+00]
   [-6.75810671e+00  2.03959823e+00 -1.08223939e+00]
   [ 4.34107244e-01  4.64434654e-01 -3.02802682e-01]
   [ 1.32785030e-02  5.07292487e-02  1.68704744e-02]
   [ 1.32785030e-02  5.07292487e-02  1.68704744e-02]]

  [[ 1.32785030e-02  5.07292487e-02  1.68704744e-02]
   [ 1.32785030e-02  5.07292487e-02  1.68704744e-02]
   [ 1.32785030e-02  5.07292487e-02  1.68704744e-02]
   [ 1.32785030e-02  5.07292487e-02  1.68704744e-02]
   [ 1.32785030e-02  5.07292487e-02  1.68704744e-02]
   [-6.20764457e-02  9.99753475e-02  1.13974832e-01]
   [ 1.27812549e-01 -2.43932796e+00  7.22412586e-01]
   [ 4.91444302e+00 -2.23475528e+00 -6.15833521e-01]
   [-4.54226822e-01 -6.57638013e-02 -2.30186868e+00]
   [-8.62396526e+00  1.10928035e+00 -2.30408859e+00]
   [-1.86536276e+00  1.41602194e+00 -8.08267295e-01]
   [ 2.68329412e-01  7.31083453e-02 -4.10142094e-02]
   [ 1.32785030e-02  5.07292487e-02  1.68704744e-02]
   [ 1.32785030e-02  5.07292487e-02  1.68704744e-02]]

  [[ 1.32785030e-02  5.07292487e-02  1.68704744e-02]
   [ 1.32785030e-02  5.07292487e-02  1.68704744e-02]
   [ 1.32785030e-02  5.07292487e-02  1.68704744e-02]
   [ 1.32785030e-02  5.07292487e-02  1.68704744e-02]
   [ 1.02643054e-02  5.26990928e-02  2.07546484e-02]
   [-2.36068502e-01 -1.18517983e+00  6.83085024e-01]
   [ 2.77756262e+00 -4.60220385e+00  7.12878928e-02]
   [ 4.15267324e+00 -1.28625035e+00 -1.55169082e+00]
   [-6.45317888e+00  4.96907160e-02 -2.90413165e+00]
   [-5.92815447e+00  1.92294848e+00 -1.10764515e+00]
   [ 6.91527665e-01  3.06515574e-01 -2.57489264e-01]
   [ 1.32785030e-02  5.07292487e-02  1.68704744e-02]
   [ 1.32785030e-02  5.07292487e-02  1.68704744e-02]
   [ 1.32785030e-02  5.07292487e-02  1.68704744e-02]]

  [[ 1.32785030e-02  5.07292487e-02  1.68704744e-02]
   [ 1.32785030e-02  5.07292487e-02  1.68704744e-02]
   [ 1.32785030e-02  5.07292487e-02  1.68704744e-02]
   [ 1.32785030e-02  5.07292487e-02  1.68704744e-02]
   [-2.09465846e-01  9.52776521e-03  3.55374128e-01]
   [ 9.62094605e-01 -4.03217697e+00  7.56235242e-01]
   [ 5.67958498e+00 -2.00390220e+00 -1.66977778e-01]
   [-2.67060137e+00  6.42255917e-02 -1.51037753e+00]
   [-8.02373314e+00  1.67586052e+00 -1.15555680e+00]
   [-1.39810407e+00  1.26569808e+00 -6.04507864e-01]
   [ 1.15849108e-01  3.23940814e-02 -3.46660167e-02]
   [ 1.32785030e-02  5.07292487e-02  1.68704744e-02]
   [ 1.32785030e-02  5.07292487e-02  1.68704744e-02]
   [ 1.32785030e-02  5.07292487e-02  1.68704744e-02]]

  [[ 1.32785030e-02  5.07292487e-02  1.68704744e-02]
   [ 1.32785030e-02  5.07292487e-02  1.68704744e-02]
   [ 1.32785030e-02  5.07292487e-02  1.68704744e-02]
   [-4.80101891e-02  9.07827392e-02  9.58486870e-02]
   [-1.01670057e-01 -2.50407171e+00  8.97715926e-01]
   [ 4.39533949e+00 -3.69501686e+00  1.04818873e-01]
   [ 2.25588536e+00 -1.13079810e+00 -1.59955287e+00]
   [-8.44115925e+00  4.99632448e-01 -3.31151724e+00]
   [-4.57939672e+00  1.91428018e+00 -1.47830880e+00]
   [ 6.74228609e-01  2.46475860e-01 -2.48747915e-01]
   [ 1.32785030e-02  5.07292487e-02  1.68704744e-02]
   [ 1.32785030e-02  5.07292487e-02  1.68704744e-02]
   [ 1.32785030e-02  5.07292487e-02  1.68704744e-02]
   [ 1.32785030e-02  5.07292487e-02  1.68704744e-02]]

  [[ 1.32785030e-02  5.07292487e-02  1.68704744e-02]
   [ 1.32785030e-02  5.07292487e-02  1.68704744e-02]
   [ 1.32785030e-02  5.07292487e-02  1.68704744e-02]
   [-1.09550044e-01 -5.59046268e-01  3.24554205e-01]
   [ 1.61173511e+00 -3.27164674e+00  8.93237829e-01]
   [ 5.35114098e+00 -2.17554259e+00  3.23329419e-01]
   [-4.14904499e+00 -7.85382867e-01 -1.97038209e+00]
   [-8.94649220e+00  1.12064731e+00 -1.97886491e+00]
   [-2.61856645e-01  7.19052553e-01 -6.44171536e-01]
   [ 7.51745552e-02  3.96649241e-02 -1.42291319e-02]
   [ 1.32785030e-02  5.07292487e-02  1.68704744e-02]
   [ 1.32785030e-02  5.07292487e-02  1.68704744e-02]
   [ 1.32785030e-02  5.07292487e-02  1.68704744e-02]
   [ 1.32785030e-02  5.07292487e-02  1.68704744e-02]]

  [[ 1.32785030e-02  5.07292487e-02  1.68704744e-02]
   [ 1.32785030e-02  5.07292487e-02  1.68704744e-02]
   [ 1.32785030e-02  5.07292487e-02  1.68704744e-02]
   [ 2.51883507e-01 -3.92565131e-01 -4.77978438e-02]
   [ 3.02847528e+00  1.27257538e+00 -7.86166489e-01]
   [ 5.40140212e-01  3.60506225e+00 -4.67484355e-01]
   [-7.05021048e+00  2.96469665e+00  1.00851104e-01]
   [-4.05127192e+00  2.18383384e+00  2.17553943e-01]
   [ 1.34384885e-01  2.04080731e-01  3.69133987e-03]
   [ 1.32785030e-02  5.07292487e-02  1.68704744e-02]
   [ 1.32785030e-02  5.07292487e-02  1.68704744e-02]
   [ 1.32785030e-02  5.07292487e-02  1.68704744e-02]
   [ 1.32785030e-02  5.07292487e-02  1.68704744e-02]
   [ 1.32785030e-02  5.07292487e-02  1.68704744e-02]]

  [[ 1.32785030e-02  5.07292487e-02  1.68704744e-02]
   [ 1.32785030e-02  5.07292487e-02  1.68704744e-02]
   [ 1.32785030e-02  5.07292487e-02  1.68704744e-02]
   [ 5.22619665e-01  6.23475373e-01 -7.43777812e-01]
   [ 1.42223299e+00  2.13856983e+00 -3.29037142e+00]
   [-2.60749340e+00  1.95859981e+00 -4.88727045e+00]
   [-4.82218742e+00  1.79597068e+00 -3.71126199e+00]
   [-6.74385190e-01  9.44939315e-01 -1.05811870e+00]
   [ 2.03664556e-01  7.84884095e-02 -1.49111953e-02]
   [ 1.32785030e-02  5.07292487e-02  1.68704744e-02]
   [ 1.32785030e-02  5.07292487e-02  1.68704744e-02]
   [ 1.32785030e-02  5.07292487e-02  1.68704744e-02]
   [ 1.32785030e-02  5.07292487e-02  1.68704744e-02]
   [ 1.32785030e-02  5.07292487e-02  1.68704744e-02]]]]