[[[ 0.00000000e+00  0.00000000e+00  0.00000000e+00]
  [ 0.00000000e+00  0.00000000e+00  0.00000000e+00]
  [ 0.00000000e+00  0.00000000e+00  0.00000000e+00]
  [ 0.00000000e+00  0.00000000e+00  0.00000000e+00]
  [ 0.00000000e+00  0.00000000e+00  0.00000000e+00]
  [ 0.00000000e+00  0.00000000e+00  0.00000000e+00]
  [ 0.00000000e+00  0.00000000e+00  0.00000000e+00]
  [ 0.00000000e+00  0.00000000e+00  0.00000000e+00]
  [ 0.00000000e+00  0.00000000e+00  0.00000000e+00]
  [ 0.00000000e+00  0.00000000e+00  0.00000000e+00]
  [ 0.00000000e+00  0.00000000e+00  0.00000000e+00]
  [ 0.00000000e+00  0.00000000e+00  0.00000000e+00]
  [ 0.00000000e+00  0.00000000e+00  0.00000000e+00]
  [ 0.00000000e+00  0.00000000e+00  0.00000000e+00]]

 [[ 0.00000000e+00  0.00000000e+00  0.00000000e+00]
  [ 0.00000000e+00  0.00000000e+00  0.00000000e+00]
  [ 0.00000000e+00  0.00000000e+00  0.00000000e+00]
  [ 0.00000000e+00  0.00000000e+00  0.00000000e+00]
  [ 0.00000000e+00  0.00000000e+00  0.00000000e+00]
  [ 0.00000000e+00  0.00000000e+00  0.00000000e+00]
  [ 0.00000000e+00  0.00000000e+00  0.00000000e+00]
  [ 0.00000000e+00  0.00000000e+00  0.00000000e+00]
  [ 0.00000000e+00  0.00000000e+00  0.00000000e+00]
  [ 0.00000000e+00  0.00000000e+00  0.00000000e+00]
  [ 0.00000000e+00  0.00000000e+00  0.00000000e+00]
  [ 0.00000000e+00  0.00000000e+00  0.00000000e+00]
  [ 0.00000000e+00  0.00000000e+00  0.00000000e+00]
  [ 0.00000000e+00  0.00000000e+00  0.00000000e+00]]

 [[ 0.00000000e+00  0.00000000e+00  0.00000000e+00]
  [-2.14435831e-01 -1.74458966e-01  3.68996978e-01]
  [ 1.68143496e-01 -2.35982537e+00  7.21410573e-01]
  [ 1.70879531e+00 -4.79945612e+00  1.42797217e-01]
  [ 1.38097838e-01 -5.24810696e+00 -2.18741679e+00]
  [-5.40498376e-01 -4.06272984e+00 -2.66007495e+00]
  [-2.47538015e-01 -3.08738852e+00 -2.39540052e+00]
  [ 1.91029206e-01 -2.80474448e+00 -1.95351362e+00]
  [ 2.19161734e-01 -2.82312965e+00 -1.98976588e+00]
  [ 3.65377992e-01 -2.69033861e+00 -2.23963642e+00]
  [-1.89075485e-01 -1.33822381e+00 -1.94026637e+00]
  [-4.82403636e-01 -2.99491286e-01 -8.24318707e-01]
  [ 0.00000000e+00  0.00000000e+00  0.00000000e+00]
  [ 0.00000000e+00  0.00000000e+00  0.00000000e+00]]

 [[ 0.00000000e+00  0.00000000e+00  0.00000000e+00]
  [ 5.44942133e-02 -1.16687298e+00  1.91890642e-01]
  [ 1.40434909e+00 -1.69863129e+00  1.29139483e+00]
  [ 1.71063304e+00 -1.79599881e+00  3.40748668e+00]
  [-7.83893764e-01 -2.90720940e+00  4.90589666e+00]
  [-7.28003621e-01 -4.43064690e+00  4.35117388e+00]
  [-5.01131594e-01 -5.70664120e+00  3.19416761e+00]
  [-2.49937519e-01 -6.20946121e+00  2.40754771e+00]
  [-6.98203981e-01 -6.11509418e+00  2.57101035e+00]
  [-6.59509897e-02 -5.57538271e+00  1.47712517e+00]
  [-1.36351466e+00 -3.34251332e+00 -4.54227388e-01]
  [-2.34085083e+00 -9.22765315e-01 -1.28823769e+00]
  [ 0.00000000e+00  0.00000000e+00  0.00000000e+00]
  [ 0.00000000e+00  0.00000000e+00  0.00000000e+00]]

 [[ 0.00000000e+00  0.00000000e+00  0.00000000e+00]
  [ 6.48457050e-01  5.80182195e-01 -7.74762809e-01]
  [ 1.51366854e+00  1.93978179e+00 -9.88286316e-01]
  [-1.76433206e-01  2.81583190e+00 -5.77863812e-01]
  [-2.38842583e+00  3.47512388e+00  1.02955973e+00]
  [-1.60533309e+00  3.64386415e+00  2.55864787e+00]
  [-1.70281589e+00  3.57335472e+00  3.75130272e+00]
  [-2.11076522e+00  3.61114287e+00  4.42979240e+00]
  [-1.61684871e+00 -3.34970713e-01  4.96772337e+00]
  [-2.98648655e-01 -5.74805021e-01  4.35565233e+00]
  [-5.24457979e+00 -3.67832392e-01  1.60186374e+00]
  [-3.27531433e+00  6.31639540e-01  8.05933833e-01]
  [ 0.00000000e+00  0.00000000e+00  0.00000000e+00]
  [ 0.00000000e+00  0.00000000e+00  0.00000000e+00]]

 [[ 0.00000000e+00  0.00000000e+00  0.00000000e+00]
  [ 4.40438598e-01  3.51169646e-01 -5.44611156e-01]
  [ 5.06856188e-04  6.75815701e-01 -2.99130535e+00]
  [-1.29314327e+00  1.17352211e+00 -5.44970894e+00]
  [-1.49358356e+00  1.89159083e+00 -7.22390032e+00]
  [-1.80837345e+00  2.18717551e+00 -7.39595366e+00]
  [-2.08512425e+00  2.59208417e+00 -7.29225874e+00]
  [-2.25478578e+00  7.05810562e-02 -6.08133841e+00]
  [ 1.51371098e+00 -1.22288907e+00 -6.09396935e+00]
  [-2.01156855e+00  1.76022336e-01 -3.47595787e+00]
  [-7.63488054e+00  9.84640718e-01 -1.13407457e+00]
  [-1.48096955e+00  1.22120094e+00  2.03964218e-01]
  [ 0.00000000e+00  0.00000000e+00  0.00000000e+00]
  [ 0.00000000e+00  0.00000000e+00  0.00000000e+00]]

 [[ 0.00000000e+00  0.00000000e+00  0.00000000e+00]
  [ 0.00000000e+00  0.00000000e+00  0.00000000e+00]
  [ 0.00000000e+00  0.00000000e+00  0.00000000e+00]
  [ 0.00000000e+00  0.00000000e+00  0.00000000e+00]
  [ 9.65608358e-02  6.52845949e-02 -1.47725403e-01]
  [-5.94785400e-02  8.95577669e-02 -5.59189022e-01]
  [-4.51164663e-01 -4.65081632e-01 -5.00034690e-01]
  [ 1.61536646e+00 -3.34972739e+00 -6.96411550e-01]
  [ 4.41168547e+00 -6.64138615e-01 -1.03139746e+00]
  [-5.85452223e+00  1.83557019e-01 -2.60436940e+00]
  [-6.77138519e+00  1.98886895e+00 -1.09910989e+00]
  [ 4.20828730e-01  4.13705409e-01 -3.19673151e-01]
  [ 0.00000000e+00  0.00000000e+00  0.00000000e+00]
  [ 0.00000000e+00  0.00000000e+00  0.00000000e+00]]

 [[ 0.00000000e+00  0.00000000e+00  0.00000000e+00]
  [ 0.00000000e+00  0.00000000e+00  0.00000000e+00]
  [ 0.00000000e+00  0.00000000e+00  0.00000000e+00]
  [ 0.00000000e+00  0.00000000e+00  0.00000000e+00]
  [ 0.00000000e+00  0.00000000e+00  0.00000000e+00]
  [-7.53549486e-02  4.92460951e-02  9.71043557e-02]
  [ 1.14534050e-01 -2.49005723e+00  7.05542088e-01]
  [ 4.90116453e+00 -2.28548455e+00 -6.32704020e-01]
  [-4.67505336e-01 -1.16493054e-01 -2.31873918e+00]
  [-8.63724422e+00  1.05855107e+00 -2.32095909e+00]
  [-1.87864125e+00  1.36529267e+00 -8.25137794e-01]
  [ 2.55050898e-01  2.23790947e-02 -5.78846857e-02]
  [ 0.00000000e+00  0.00000000e+00  0.00000000e+00]
  [ 0.00000000e+00  0.00000000e+00  0.00000000e+00]]

 [[ 0.00000000e+00  0.00000000e+00  0.00000000e+00]
  [ 0.00000000e+00  0.00000000e+00  0.00000000e+00]
  [ 0.00000000e+00  0.00000000e+00  0.00000000e+00]
  [ 0.00000000e+00  0.00000000e+00  0.00000000e+00]
  [-3.01419804e-03  1.96984387e-03  3.88417463e-03]
  [-2.49347001e-01 -1.23590910e+00  6.66214526e-01]
  [ 2.76428413e+00 -4.65293312e+00  5.44174165e-02]
  [ 4.13939476e+00 -1.33697963e+00 -1.56856132e+00]
  [-6.46645737e+00 -1.03853224e-03 -2.92100215e+00]
  [-5.94143295e+00  1.87221920e+00 -1.12451565e+00]
  [ 6.78249180e-01  2.55786330e-01 -2.74359733e-01]
  [ 0.00000000e+00  0.00000000e+00  0.00000000e+00]
  [ 0.00000000e+00  0.00000000e+00  0.00000000e+00]
  [ 0.00000000e+00  0.00000000e+00  0.00000000e+00]]

 [[ 0.00000000e+00  0.00000000e+00  0.00000000e+00]
  [ 0.00000000e+00  0.00000000e+00  0.00000000e+00]
  [ 0.00000000e+00  0.00000000e+00  0.00000000e+00]
  [ 0.00000000e+00  0.00000000e+00  0.00000000e+00]
  [-2.22744346e-01 -4.12014835e-02  3.38503659e-01]
  [ 9.48816121e-01 -4.08290625e+00  7.39364743e-01]
  [ 5.66630650e+00 -2.05463147e+00 -1.83848247e-01]
  [-2.68387985e+00  1.34963440e-02 -1.52724802e+00]
  [-8.03701210e+00  1.62513125e+00 -1.17242730e+00]
  [-1.41138256e+00  1.21496880e+00 -6.21378362e-01]
  [ 1.02570608e-01 -1.83351692e-02 -5.15364930e-02]
  [ 0.00000000e+00  0.00000000e+00  0.00000000e+00]
  [ 0.00000000e+00  0.00000000e+00  0.00000000e+00]
  [ 0.00000000e+00  0.00000000e+00  0.00000000e+00]]

 [[ 0.00000000e+00  0.00000000e+00  0.00000000e+00]
  [ 0.00000000e+00  0.00000000e+00  0.00000000e+00]
  [ 0.00000000e+00  0.00000000e+00  0.00000000e+00]
  [-6.12886921e-02  4.00534905e-02  7.89782107e-02]
  [-1.14948563e-01 -2.55480099e+00  8.80845428e-01]
  [ 4.38206100e+00 -3.74574614e+00  8.79483968e-02]
  [ 2.24260688e+00 -1.18152738e+00 -1.61642337e+00]
  [-8.45443821e+00  4.48903203e-01 -3.32838774e+00]
  [-4.59267521e+00  1.86355090e+00 -1.49517930e+00]
  [ 6.60950124e-01  1.95746616e-01 -2.65618384e-01]
  [ 0.00000000e+00  0.00000000e+00  0.00000000e+00]
  [ 0.00000000e+00  0.00000000e+00  0.00000000e+00]
  [ 0.00000000e+00  0.00000000e+00  0.00000000e+00]
  [ 0.00000000e+00  0.00000000e+00  0.00000000e+00]]

 [[ 0.00000000e+00  0.00000000e+00  0.00000000e+00]
  [ 0.00000000e+00  0.00000000e+00  0.00000000e+00]
  [ 0.00000000e+00  0.00000000e+00  0.00000000e+00]
  [-1.22828543e-01 -6.09775543e-01  3.07683736e-01]
  [ 1.59845662e+00 -3.32237601e+00  8.76367331e-01]
  [ 5.33786249e+00 -2.22627187e+00  3.06458950e-01]
  [-4.16232347e+00 -8.36112142e-01 -1.98725259e+00]
  [-8.95977116e+00  1.06991804e+00 -1.99573541e+00]
  [-2.75135159e-01  6.68323278e-01 -6.61042035e-01]
  [ 6.18960522e-02 -1.10643255e-02 -3.10996063e-02]
  [ 0.00000000e+00  0.00000000e+00  0.00000000e+00]
  [ 0.00000000e+00  0.00000000e+00  0.00000000e+00]
  [ 0.00000000e+00  0.00000000e+00  0.00000000e+00]
  [ 0.00000000e+00  0.00000000e+00  0.00000000e+00]]

 [[ 0.00000000e+00  0.00000000e+00  0.00000000e+00]
  [ 0.00000000e+00  0.00000000e+00  0.00000000e+00]
  [ 0.00000000e+00  0.00000000e+00  0.00000000e+00]
  [ 2.38604993e-01 -4.43294376e-01 -6.46683201e-02]
  [ 3.01519680e+00  1.22184610e+00 -8.03036988e-01]
  [ 5.26861727e-01  3.55433297e+00 -4.84354824e-01]
  [-7.06348896e+00  2.91396737e+00  8.39806274e-02]
  [-4.06455040e+00  2.13310456e+00  2.00683475e-01]
  [ 1.21106386e-01  1.53351486e-01 -1.31791346e-02]
  [ 0.00000000e+00  0.00000000e+00  0.00000000e+00]
  [ 0.00000000e+00  0.00000000e+00  0.00000000e+00]
  [ 0.00000000e+00  0.00000000e+00  0.00000000e+00]
  [ 0.00000000e+00  0.00000000e+00  0.00000000e+00]
  [ 0.00000000e+00  0.00000000e+00  0.00000000e+00]]

 [[ 0.00000000e+00  0.00000000e+00  0.00000000e+00]
  [ 0.00000000e+00  0.00000000e+00  0.00000000e+00]
  [ 0.00000000e+00  0.00000000e+00  0.00000000e+00]
  [ 5.09341180e-01  5.72746098e-01 -7.60648310e-01]
  [ 1.40895450e+00  2.08784056e+00 -3.30724192e+00]
  [-2.62077188e+00  1.90787053e+00 -4.90414095e+00]
  [-4.83546591e+00  1.74524140e+00 -3.72813249e+00]
  [-6.87663674e-01  8.94210041e-01 -1.07498920e+00]
  [ 1.90386057e-01  2.77591646e-02 -3.17816697e-02]
  [ 0.00000000e+00  0.00000000e+00  0.00000000e+00]
  [ 0.00000000e+00  0.00000000e+00  0.00000000e+00]
  [ 0.00000000e+00  0.00000000e+00  0.00000000e+00]
  [ 0.00000000e+00  0.00000000e+00  0.00000000e+00]
  [ 0.00000000e+00  0.00000000e+00  0.00000000e+00]]]