[[[[-0.22835568 -0.0491869 ]
   [-0.22835568 -0.0491869 ]
   [-0.22835568 -0.0491869 ]
   [-0.22835568 -0.0491869 ]
   [-0.22835568 -0.0491869 ]
   [-0.22835568 -0.0491869 ]
   [-0.22835568 -0.0491869 ]
   [-0.22835568 -0.0491869 ]
   [-0.22835568 -0.0491869 ]
   [-0.22835568 -0.0491869 ]
   [-0.22835568 -0.0491869 ]
   [-0.22835568 -0.0491869 ]
   [-0.22835568 -0.0491869 ]
   [-0.17676905 -0.09137352]]

  [[-0.22835568 -0.0491869 ]
   [-0.22835568 -0.0491869 ]
   [-0.22835568 -0.0491869 ]
   [-0.22835568 -0.0491869 ]
   [-0.22835568 -0.0491869 ]
   [-0.22835568 -0.0491869 ]
   [-0.22835568 -0.0491869 ]
   [-0.22835568 -0.0491869 ]
   [-0.22835568 -0.0491869 ]
   [-0.22835568 -0.0491869 ]
   [-0.22835568 -0.0491869 ]
   [-0.22835568 -0.0491869 ]
   [-0.22835568 -0.0491869 ]
   [-0.17676905 -0.09137352]]

  [[-0.22835568 -0.0491869 ]
   [-0.22835568 -0.0491869 ]
   [-0.22835568 -0.0491869 ]
   [-0.22835568 -0.0491869 ]
   [-0.22835568 -0.0491869 ]
   [-0.22835568 -0.0491869 ]
   [-0.22835568 -0.0491869 ]
   [-0.22835568 -0.0491869 ]
   [-0.22835568 -0.0491869 ]
   [-0.22835568 -0.0491869 ]
   [-0.22835568 -0.0491869 ]
   [-0.22835568 -0.0491869 ]
   [-0.22835568 -0.0491869 ]
   [-0.17676905 -0.09137352]]

  [[-0.22835568 -0.0491869 ]
   [-0.22835568 -0.0491869 ]
   [-0.24372819 -0.13453305]
   [-0.48141187  1.3274993 ]
   [-0.53982073  1.5367385 ]
   [-0.4959224   1.1853502 ]
   [-0.4488687   0.6755869 ]
   [-0.4488687   0.6755869 ]
   [-0.4488687   0.6755869 ]
   [-0.44103056  0.6741294 ]
   [-0.3665493   0.5258075 ]
   [-0.22835568 -0.0491869 ]
   [-0.22835568 -0.0491869 ]
   [-0.17676905 -0.09137352]]

  [[-0.22835568 -0.0491869 ]
   [-0.22835568 -0.0491869 ]
   [-0.17172606 -0.6232452 ]
   [-0.20967415  0.5233462 ]
   [-0.20762661  0.5190531 ]
   [-0.2965579   1.0499755 ]
   [-0.3900584   1.3351307 ]
   [-0.40998018  1.5224363 ]
   [-0.39699185  1.5134934 ]
   [-0.41928166  1.4707551 ]
   [-0.5722958   2.0335634 ]
   [-0.22835568 -0.0491869 ]
   [-0.22835568 -0.0491869 ]
   [-0.17676905 -0.09137352]]

  [[-0.22835568 -0.0491869 ]
   [-0.22835568 -0.0491869 ]
   [-0.22835568 -0.0491869 ]
   [-0.22835568 -0.0491869 ]
   [-0.22835568 -0.0491869 ]
   [-0.22139557 -0.2356117 ]
   [-0.2118145  -0.11323622]
   [-0.21328181 -0.06808127]
   [-0.2467983   0.05038629]
   [-0.4081359   1.1878566 ]
   [-0.4104179   1.3910937 ]
   [-0.22835568 -0.0491869 ]
   [-0.22835568 -0.0491869 ]
   [-0.17676905 -0.09137352]]

  [[-0.22835568 -0.0491869 ]
   [-0.22835568 -0.0491869 ]
   [-0.22835568 -0.0491869 ]
   [-0.22835568 -0.0491869 ]
   [-0.22835568 -0.0491869 ]
   [-0.22835568 -0.0491869 ]
   [-0.22835568 -0.0491869 ]
   [-0.24940085 -0.02135693]
   [-0.34349024  0.10273819]
   [-0.5192359   2.200354  ]
   [-0.21606332  0.35052764]
   [-0.22835568 -0.0491869 ]
   [-0.22835568 -0.0491869 ]
   [-0.17676905 -0.09137352]]

  [[-0.22835568 -0.0491869 ]
   [-0.22835568 -0.0491869 ]
   [-0.22835568 -0.0491869 ]
   [-0.22835568 -0.0491869 ]
   [-0.22835568 -0.0491869 ]
   [-0.22835568 -0.0491869 ]
   [-0.22835568 -0.0491869 ]
   [-0.22497204 -0.31869733]
   [-0.404854    1.3494476 ]
   [-0.38912553  1.21615   ]
   [-0.22835568 -0.0491869 ]
   [-0.22835568 -0.0491869 ]
   [-0.22835568 -0.0491869 ]
   [-0.17676905 -0.09137352]]

  [[-0.22835568 -0.0491869 ]
   [-0.22835568 -0.0491869 ]
   [-0.22835568 -0.0491869 ]
   [-0.22835568 -0.0491869 ]
   [-0.22835568 -0.0491869 ]
   [-0.22835568 -0.0491869 ]
   [-0.2538798  -0.0205241 ]
   [-0.3452155   0.1607948 ]
   [-0.53538465  2.150538  ]
   [-0.21723825  0.06418931]
   [-0.22835568 -0.0491869 ]
   [-0.22835568 -0.0491869 ]
   [-0.22835568 -0.0491869 ]
   [-0.17676905 -0.09137352]]

  [[-0.22835568 -0.0491869 ]
   [-0.22835568 -0.0491869 ]
   [-0.22835568 -0.0491869 ]
   [-0.22835568 -0.0491869 ]
   [-0.22835568 -0.0491869 ]
   [-0.22951576 -0.04727978]
   [-0.2557245  -0.10942885]
   [-0.47228312  1.654164  ]
   [-0.35765785  1.0678189 ]
   [-0.22835568 -0.0491869 ]
   [-0.22835568 -0.0491869 ]
   [-0.22835568 -0.0491869 ]
   [-0.22835568 -0.0491869 ]
   [-0.17676905 -0.09137352]]

  [[-0.22835568 -0.0491869 ]
   [-0.22835568 -0.0491869 ]
   [-0.22835568 -0.0491869 ]
   [-0.22835568 -0.0491869 ]
   [-0.22835568 -0.0491869 ]
   [-0.26597202  0.02036842]
   [-0.40055436  0.96177465]
   [-0.43803537  1.6808877 ]
   [-0.21576609  0.02415629]
   [-0.22835568 -0.0491869 ]
   [-0.22835568 -0.0491869 ]
   [-0.22835568 -0.0491869 ]
   [-0.22835568 -0.0491869 ]
   [-0.17676905 -0.09137352]]

  [[-0.22835568 -0.0491869 ]
   [-0.22835568 -0.0491869 ]
   [-0.22835568 -0.0491869 ]
   [-0.22835568 -0.0491869 ]
   [-0.24996072 -0.02125283]
   [-0.3470933   0.13114178]
   [-0.547325    2.2799332 ]
   [-0.28032994  0.64024806]
   [-0.22835568 -0.0491869 ]
   [-0.22835568 -0.0491869 ]
   [-0.22835568 -0.0491869 ]
   [-0.22835568 -0.0491869 ]
   [-0.22835568 -0.0491869 ]
   [-0.17676905 -0.09137352]]

  [[-0.22835568 -0.0491869 ]
   [-0.22835568 -0.0491869 ]
   [-0.22835568 -0.0491869 ]
   [-0.22835568 -0.0491869 ]
   [-0.19974604 -0.3546451 ]
   [-0.3840664   1.157999  ]
   [-0.4845035   2.0749388 ]
   [-0.20758769  0.2845708 ]
   [-0.22835568 -0.0491869 ]
   [-0.22835568 -0.0491869 ]
   [-0.22835568 -0.0491869 ]
   [-0.22835568 -0.0491869 ]
   [-0.22835568 -0.0491869 ]
   [-0.17676905 -0.09137352]]

  [[-0.23861144  0.20514771]
   [-0.23861144  0.20514771]
   [-0.23861144  0.20514771]
   [-0.23861144  0.20514771]
   [-0.22915289 -0.08615327]
   [-0.20565994  0.22867185]
   [-0.27074507  0.56382084]
   [-0.23861144  0.20514771]
   [-0.23861144  0.20514771]
   [-0.23861144  0.20514771]
   [-0.23861144  0.20514771]
   [-0.23861144  0.20514771]
   [-0.23861144  0.20514771]
   [-0.19171038  0.13991554]]]]