[[[[-0.11016852  0.10430018  0.25995496]
   [-0.11016852  0.10430018  0.25995496]
   [-0.11016852  0.10430018  0.25995496]
   [-0.11016852  0.10430018  0.25995496]
   [-0.11016852  0.10430018  0.25995496]
   [-0.11016852  0.10430018  0.25995496]
   [-0.11016852  0.10430018  0.25995496]
   [-0.11016852  0.10430018  0.25995496]
   [-0.11016852  0.10430018  0.25995496]
   [-0.11016852  0.10430018  0.25995496]
   [-0.11016852  0.10430018  0.25995496]
   [-0.11016852  0.10430018  0.25995496]
   [-0.11016852  0.10430018  0.25995496]
   [-0.11016852  0.10430018  0.25995496]
   [-0.11016852  0.10430018  0.25995496]
   [-0.11016852  0.10430018  0.25995496]
   [-0.11016852  0.10430018  0.25995496]
   [-0.11016852  0.10430018  0.25995496]
   [-0.11016852  0.10430018  0.25995496]
   [-0.11016852  0.10430018  0.25995496]
   [-0.11016852  0.10430018  0.25995496]
   [-0.11016852  0.10430018  0.25995496]
   [-0.11016852  0.10430018  0.25995496]
   [-0.11016852  0.10430018  0.25995496]
   [-0.11016852  0.10430018  0.25995496]
   [-0.11016852  0.10430018  0.25995496]
   [-0.11016852  0.10430018  0.25995496]
   [-0.11016852  0.10430018  0.25995496]]

  [[-0.11016852  0.10430018  0.25995496]
   [-0.11016852  0.10430018  0.25995496]
   [-0.11016852  0.10430018  0.25995496]
   [-0.11016852  0.10430018  0.25995496]
   [-0.11016852  0.10430018  0.25995496]
   [-0.11016852  0.10430018  0.25995496]
   [-0.11016852  0.10430018  0.25995496]
   [-0.11016852  0.10430018  0.25995496]
   [-0.11016852  0.10430018  0.25995496]
   [-0.11016852  0.10430018  0.25995496]
   [-0.11016852  0.10430018  0.25995496]
   [-0.11016852  0.10430018  0.25995496]
   [-0.11016852  0.10430018  0.25995496]
   [-0.11016852  0.10430018  0.25995496]
   [-0.11016852  0.10430018  0.25995496]
   [-0.11016852  0.10430018  0.25995496]
   [-0.11016852  0.10430018  0.25995496]
   [-0.11016852  0.10430018  0.25995496]
   [-0.11016852  0.10430018  0.25995496]
   [-0.11016852  0.10430018  0.25995496]
   [-0.11016852  0.10430018  0.25995496]
   [-0.11016852  0.10430018  0.25995496]
   [-0.11016852  0.10430018  0.25995496]
   [-0.11016852  0.10430018  0.25995496]
   [-0.11016852  0.10430018  0.25995496]
   [-0.11016852  0.10430018  0.25995496]
   [-0.11016852  0.10430018  0.25995496]
   [-0.11016852  0.10430018  0.25995496]]

  [[-0.11016852  0.10430018  0.25995496]
   [-0.11016852  0.10430018  0.25995496]
   [-0.11016852  0.10430018  0.25995496]
   [-0.11016852  0.10430018  0.25995496]
   [-0.11016852  0.10430018  0.25995496]
   [-0.11016852  0.10430018  0.25995496]
   [-0.11016852  0.10430018  0.25995496]
   [-0.11016852  0.10430018  0.25995496]
   [-0.11016852  0.10430018  0.25995496]
   [-0.11016852  0.10430018  0.25995496]
   [-0.11016852  0.10430018  0.25995496]
   [-0.11016852  0.10430018  0.25995496]
   [-0.11016852  0.10430018  0.25995496]
   [-0.11016852  0.10430018  0.25995496]
   [-0.11016852  0.10430018  0.25995496]
   [-0.11016852  0.10430018  0.25995496]
   [-0.11016852  0.10430018  0.25995496]
   [-0.11016852  0.10430018  0.25995496]
   [-0.11016852  0.10430018  0.25995496]
   [-0.11016852  0.10430018  0.25995496]
   [-0.11016852  0.10430018  0.25995496]
   [-0.11016852  0.10430018  0.25995496]
   [-0.11016852  0.10430018  0.25995496]
   [-0.11016852  0.10430018  0.25995496]
   [-0.11016852  0.10430018  0.25995496]
   [-0.11016852  0.10430018  0.25995496]
   [-0.11016852  0.10430018  0.25995496]
   [-0.11016852  0.10430018  0.25995496]]

  [[-0.11016852  0.10430018  0.25995496]
   [-0.11016852  0.10430018  0.25995496]
   [-0.11016852  0.10430018  0.25995496]
   [-0.11016852  0.10430018  0.25995496]
   [-0.11016852  0.10430018  0.25995496]
   [-0.11016852  0.10430018  0.25995496]
   [-0.11016852  0.10430018  0.25995496]
   [-0.11016852  0.10430018  0.25995496]
   [-0.11016852  0.10430018  0.25995496]
   [-0.11016852  0.10430018  0.25995496]
   [-0.11016852  0.10430018  0.25995496]
   [-0.11016852  0.10430018  0.25995496]
   [-0.11016852  0.10430018  0.25995496]
   [-0.11016852  0.10430018  0.25995496]
   [-0.11016852  0.10430018  0.25995496]
   [-0.11016852  0.10430018  0.25995496]
   [-0.11016852  0.10430018  0.25995496]
   [-0.11016852  0.10430018  0.25995496]
   [-0.11016852  0.10430018  0.25995496]
   [-0.11016852  0.10430018  0.25995496]
   [-0.11016852  0.10430018  0.25995496]
   [-0.11016852  0.10430018  0.25995496]
   [-0.11016852  0.10430018  0.25995496]
   [-0.11016852  0.10430018  0.25995496]
   [-0.11016852  0.10430018  0.25995496]
   [-0.11016852  0.10430018  0.25995496]
   [-0.11016852  0.10430018  0.25995496]
   [-0.11016852  0.10430018  0.25995496]]

  [[-0.11016852  0.10430018  0.25995496]
   [-0.11016852  0.10430018  0.25995496]
   [-0.11016852  0.10430018  0.25995496]
   [-0.11016852  0.10430018  0.25995496]
   [-0.11016852  0.10430018  0.25995496]
   [-0.11016852  0.10430018  0.25995496]
   [-0.11016852  0.10430018  0.25995496]
   [-0.11016852  0.10430018  0.25995496]
   [-0.11016852  0.10430018  0.25995496]
   [-0.11016852  0.10430018  0.25995496]
   [-0.11016852  0.10430018  0.25995496]
   [-0.11016852  0.10430018  0.25995496]
   [-0.11016852  0.10430018  0.25995496]
   [-0.11016852  0.10430018  0.25995496]
   [-0.11016852  0.10430018  0.25995496]
   [-0.11016852  0.10430018  0.25995496]
   [-0.11016852  0.10430018  0.25995496]
   [-0.11016852  0.10430018  0.25995496]
   [-0.11016852  0.10430018  0.25995496]
   [-0.11016852  0.10430018  0.25995496]
   [-0.11016852  0.10430018  0.25995496]
   [-0.11016852  0.10430018  0.25995496]
   [-0.11016852  0.10430018  0.25995496]
   [-0.11016852  0.10430018  0.25995496]
   [-0.11016852  0.10430018  0.25995496]
   [-0.11016852  0.10430018  0.25995496]
   [-0.11016852  0.10430018  0.25995496]
   [-0.11016852  0.10430018  0.25995496]]

  [[-0.11016852  0.10430018  0.25995496]
   [-0.11016852  0.10430018  0.25995496]
   [-0.11016852  0.10430018  0.25995496]
   [-0.11016852  0.10430018  0.25995496]
   [-0.11016852  0.10430018  0.25995496]
   [-0.11016852  0.10430018  0.25995496]
   [-0.11016852  0.10430018  0.25995496]
   [-0.11016852  0.10430018  0.25995496]
   [-0.11016852  0.10430018  0.25995496]
   [-0.11016852  0.10430018  0.25995496]
   [-0.11016852  0.10430018  0.25995496]
   [-0.11016852  0.10430018  0.25995496]
   [-0.11016852  0.10430018  0.25995496]
   [-0.11016852  0.10430018  0.25995496]
   [-0.11016852  0.10430018  0.25995496]
   [-0.11016852  0.10430018  0.25995496]
   [-0.11016852  0.10430018  0.25995496]
   [-0.11016852  0.10430018  0.25995496]
   [-0.11016852  0.10430018  0.25995496]
   [-0.11016852  0.10430018  0.25995496]
   [-0.11016852  0.10430018  0.25995496]
   [-0.11016852  0.10430018  0.25995496]
   [-0.11016852  0.10430018  0.25995496]
   [-0.11016852  0.10430018  0.25995496]
   [-0.11016852  0.10430018  0.25995496]
   [-0.11016852  0.10430018  0.25995496]
   [-0.11016852  0.10430018  0.25995496]
   [-0.11016852  0.10430018  0.25995496]]

  [[-0.11016852  0.10430018  0.25995496]
   [-0.11016852  0.10430018  0.25995496]
   [-0.11016852  0.10430018  0.25995496]
   [-0.11016852  0.10430018  0.25995496]
   [-0.11016852  0.10430018  0.25995496]
   [-0.11016852  0.10430018  0.25995496]
   [-0.11016852  0.10430018  0.25995496]
   [-0.11016852  0.10430018  0.25995496]
   [-0.11016852  0.10430018  0.25995496]
   [-0.11016852  0.10430018  0.25995496]
   [-0.11016852  0.10430018  0.25995496]
   [-0.11016852  0.10430018  0.25995496]
   [-0.11016852  0.10430018  0.25995496]
   [-0.11016852  0.10430018  0.25995496]
   [-0.11016852  0.10430018  0.25995496]
   [-0.11016852  0.10430018  0.25995496]
   [-0.11016852  0.10430018  0.25995496]
   [-0.11016852  0.10430018  0.25995496]
   [-0.11016852  0.10430018  0.25995496]
   [-0.11016852  0.10430018  0.25995496]
   [-0.11016852  0.10430018  0.25995496]
   [-0.11016852  0.10430018  0.25995496]
   [-0.11016852  0.10430018  0.25995496]
   [-0.11016852  0.10430018  0.25995496]
   [-0.11016852  0.10430018  0.25995496]
   [-0.11016852  0.10430018  0.25995496]
   [-0.11016852  0.10430018  0.25995496]
   [-0.11016852  0.10430018  0.25995496]]

  [[-0.11016852  0.10430018  0.25995496]
   [-0.11016852  0.10430018  0.25995496]
   [-0.11016852  0.10430018  0.25995496]
   [-0.11016852  0.10430018  0.25995496]
   [-0.11016852  0.10430018  0.25995496]
   [-0.11016852  0.10430018  0.25995496]
   [-0.14521453  0.37046075 -0.25480154]
   [-0.1873532   0.6904872  -0.87373495]
   [-0.17650563  0.60810417 -0.71440554]
   [-0.17316791  0.5827555  -0.6653812 ]
   [-0.1352014   0.29441488 -0.10772827]
   [-0.12518825  0.218369    0.03934503]
   [-0.11016852  0.10430018  0.25995496]
   [-0.11016852  0.10430018  0.25995496]
   [-0.11016852  0.10430018  0.25995496]
   [-0.11016852  0.10430018  0.25995496]
   [-0.11016852  0.10430018  0.25995496]
   [-0.11016852  0.10430018  0.25995496]
   [-0.11016852  0.10430018  0.25995496]
   [-0.11016852  0.10430018  0.25995496]
   [-0.11016852  0.10430018  0.25995496]
   [-0.11016852  0.10430018  0.25995496]
   [-0.11016852  0.10430018  0.25995496]
   [-0.11016852  0.10430018  0.25995496]
   [-0.11016852  0.10430018  0.25995496]
   [-0.11016852  0.10430018  0.25995496]
   [-0.11016852  0.10430018  0.25995496]
   [-0.11016852  0.10430018  0.25995496]]

  [[-0.11016852  0.10430018  0.25995496]
   [-0.11016852  0.10430018  0.25995496]
   [-0.11016852  0.10430018  0.25995496]
   [-0.11016852  0.10430018  0.25995496]
   [-0.11016852  0.10430018  0.25995496]
   [-0.11016852  0.10430018  0.25995496]
   [-0.20279014  0.80772465 -1.100473  ]
   [-0.21614099  0.9091191  -1.2965708 ]
   [-0.21614099  0.9091191  -1.2965708 ]
   [-0.21614099  0.9091191  -1.2965708 ]
   [-0.21614099  0.9091191  -1.2965708 ]
   [-0.2107172   0.8679276  -1.2169061 ]
   [-0.19277698  0.7316787  -0.9533998 ]
   [-0.19277698  0.7316787  -0.9533998 ]
   [-0.19277698  0.7316787  -0.9533998 ]
   [-0.19277698  0.7316787  -0.9533998 ]
   [-0.19277698  0.7316787  -0.9533998 ]
   [-0.19277698  0.7316787  -0.9533998 ]
   [-0.19277698  0.7316787  -0.9533998 ]
   [-0.19277698  0.7316787  -0.9533998 ]
   [-0.18109497  0.6429585  -0.7818142 ]
   [-0.13186368  0.26906627 -0.05870384]
   [-0.11016852  0.10430018  0.25995496]
   [-0.11016852  0.10430018  0.25995496]
   [-0.11016852  0.10430018  0.25995496]
   [-0.11016852  0.10430018  0.25995496]
   [-0.11016852  0.10430018  0.25995496]
   [-0.11016852  0.10430018  0.25995496]]

  [[-0.11016852  0.10430018  0.25995496]
   [-0.11016852  0.10430018  0.25995496]
   [-0.11016852  0.10430018  0.25995496]
   [-0.11016852  0.10430018  0.25995496]
   [-0.11016852  0.10430018  0.25995496]
   [-0.11016852  0.10430018  0.25995496]
   [-0.13812189  0.31659493 -0.15062466]
   [-0.15773097  0.46551812 -0.4386432 ]
   [-0.14020796  0.3324378  -0.1812649 ]
   [-0.15773097  0.46551812 -0.4386432 ]
   [-0.17817448  0.6207785  -0.7389178 ]
   [-0.20487621  0.8235675  -1.1311133 ]
   [-0.21614099  0.9091191  -1.2965708 ]
   [-0.20404178  0.81723034 -1.1188573 ]
   [-0.21614099  0.9091191  -1.2965708 ]
   [-0.21614099  0.9091191  -1.2965708 ]
   [-0.21614099  0.9091191  -1.2965708 ]
   [-0.21447214  0.8964448  -1.2720586 ]
   [-0.20571063  0.8299047  -1.1433694 ]
   [-0.21614099  0.9091191  -1.2965708 ]
   [-0.21614099  0.9091191  -1.2965708 ]
   [-0.16857855  0.54790115 -0.59797263]
   [-0.11016852  0.10430018  0.25995496]
   [-0.11016852  0.10430018  0.25995496]
   [-0.11016852  0.10430018  0.25995496]
   [-0.11016852  0.10430018  0.25995496]
   [-0.11016852  0.10430018  0.25995496]
   [-0.11016852  0.10430018  0.25995496]]

  [[-0.11016852  0.10430018  0.25995496]
   [-0.11016852  0.10430018  0.25995496]
   [-0.11016852  0.10430018  0.25995496]
   [-0.11016852  0.10430018  0.25995496]
   [-0.11016852  0.10430018  0.25995496]
   [-0.11016852  0.10430018  0.25995496]
   [-0.11016852  0.10430018  0.25995496]
   [-0.11016852  0.10430018  0.25995496]
   [-0.11016852  0.10430018  0.25995496]
   [-0.11016852  0.10430018  0.25995496]
   [-0.11016852  0.10430018  0.25995496]
   [-0.11726117  0.158166    0.15577805]
   [-0.13770467  0.31342635 -0.14449659]
   [-0.11600953  0.14866027  0.17416221]
   [-0.13812189  0.31659493 -0.15062466]
   [-0.13812189  0.31659493 -0.15062466]
   [-0.13812189  0.31659493 -0.15062466]
   [-0.13478418  0.2912463  -0.10160023]
   [-0.11893003  0.17084032  0.13126583]
   [-0.20863113  0.8520847  -1.1862658 ]
   [-0.21614099  0.9091191  -1.2965708 ]
   [-0.15439326  0.44016948 -0.38961878]
   [-0.11016852  0.10430018  0.25995496]
   [-0.11016852  0.10430018  0.25995496]
   [-0.11016852  0.10430018  0.25995496]
   [-0.11016852  0.10430018  0.25995496]
   [-0.11016852  0.10430018  0.25995496]
   [-0.11016852  0.10430018  0.25995496]]

  [[-0.11016852  0.10430018  0.25995496]
   [-0.11016852  0.10430018  0.25995496]
   [-0.11016852  0.10430018  0.25995496]
   [-0.11016852  0.10430018  0.25995496]
   [-0.11016852  0.10430018  0.25995496]
   [-0.11016852  0.10430018  0.25995496]
   [-0.11016852  0.10430018  0.25995496]
   [-0.11016852  0.10430018  0.25995496]
   [-0.11016852  0.10430018  0.25995496]
   [-0.11016852  0.10430018  0.25995496]
   [-0.11016852  0.10430018  0.25995496]
   [-0.11016852  0.10430018  0.25995496]
   [-0.11016852  0.10430018  0.25995496]
   [-0.11016852  0.10430018  0.25995496]
   [-0.11016852  0.10430018  0.25995496]
   [-0.11016852  0.10430018  0.25995496]
   [-0.11016852  0.10430018  0.25995496]
   [-0.11016852  0.10430018  0.25995496]
   [-0.14479733  0.36729217 -0.24867353]
   [-0.21572378  0.90595055 -1.2904427 ]
   [-0.19736636  0.76653314 -1.0208083 ]
   [-0.11767838  0.16133459  0.14965   ]
   [-0.11016852  0.10430018  0.25995496]
   [-0.11016852  0.10430018  0.25995496]
   [-0.11016852  0.10430018  0.25995496]
   [-0.11016852  0.10430018  0.25995496]
   [-0.11016852  0.10430018  0.25995496]
   [-0.11016852  0.10430018  0.25995496]]

  [[-0.11016852  0.10430018  0.25995496]
   [-0.11016852  0.10430018  0.25995496]
   [-0.11016852  0.10430018  0.25995496]
   [-0.11016852  0.10430018  0.25995496]
   [-0.11016852  0.10430018  0.25995496]
   [-0.11016852  0.10430018  0.25995496]
   [-0.11016852  0.10430018  0.25995496]
   [-0.11016852  0.10430018  0.25995496]
   [-0.11016852  0.10430018  0.25995496]
   [-0.11016852  0.10430018  0.25995496]
   [-0.11016852  0.10430018  0.25995496]
   [-0.11016852  0.10430018  0.25995496]
   [-0.11016852  0.10430018  0.25995496]
   [-0.11016852  0.10430018  0.25995496]
   [-0.11016852  0.10430018  0.25995496]
   [-0.11016852  0.10430018  0.25995496]
   [-0.11016852  0.10430018  0.25995496]
   [-0.11934724  0.1740089   0.12513778]
   [-0.20737949  0.842579   -1.1678816 ]
   [-0.2165582   0.91228765 -1.3026987 ]
   [-0.14479733  0.36729217 -0.24867353]
   [-0.11016852  0.10430018  0.25995496]
   [-0.11016852  0.10430018  0.25995496]
   [-0.11016852  0.10430018  0.25995496]
   [-0.11016852  0.10430018  0.25995496]
   [-0.11016852  0.10430018  0.25995496]
   [-0.11016852  0.10430018  0.25995496]
   [-0.11016852  0.10430018  0.25995496]]

  [[-0.11016852  0.10430018  0.25995496]
   [-0.11016852  0.10430018  0.25995496]
   [-0.11016852  0.10430018  0.25995496]
   [-0.11016852  0.10430018  0.25995496]
   [-0.11016852  0.10430018  0.25995496]
   [-0.11016852  0.10430018  0.25995496]
   [-0.11016852  0.10430018  0.25995496]
   [-0.11016852  0.10430018  0.25995496]
   [-0.11016852  0.10430018  0.25995496]
   [-0.11016852  0.10430018  0.25995496]
   [-0.11016852  0.10430018  0.25995496]
   [-0.11016852  0.10430018  0.25995496]
   [-0.11016852  0.10430018  0.25995496]
   [-0.11016852  0.10430018  0.25995496]
   [-0.11016852  0.10430018  0.25995496]
   [-0.11016852  0.10430018  0.25995496]
   [-0.11016852  0.10430018  0.25995496]
   [-0.16398919  0.5130468  -0.53056395]
   [-0.21614099  0.9091191  -1.2965708 ]
   [-0.20946556  0.85842186 -1.198522  ]
   [-0.12852596  0.24371761 -0.00967941]
   [-0.11016852  0.10430018  0.25995496]
   [-0.11016852  0.10430018  0.25995496]
   [-0.11016852  0.10430018  0.25995496]
   [-0.11016852  0.10430018  0.25995496]
   [-0.11016852  0.10430018  0.25995496]
   [-0.11016852  0.10430018  0.25995496]
   [-0.11016852  0.10430018  0.25995496]]

  [[-0.11016852  0.10430018  0.25995496]
   [-0.11016852  0.10430018  0.25995496]
   [-0.11016852  0.10430018  0.25995496]
   [-0.11016852  0.10430018  0.25995496]
   [-0.11016852  0.10430018  0.25995496]
   [-0.11016852  0.10430018  0.25995496]
   [-0.11016852  0.10430018  0.25995496]
   [-0.11016852  0.10430018  0.25995496]
   [-0.11016852  0.10430018  0.25995496]
   [-0.11016852  0.10430018  0.25995496]
   [-0.11016852  0.10430018  0.25995496]
   [-0.11016852  0.10430018  0.25995496]
   [-0.11016852  0.10430018  0.25995496]
   [-0.11016852  0.10430018  0.25995496]
   [-0.11016852  0.10430018  0.25995496]
   [-0.11016852  0.10430018  0.25995496]
   [-0.13478418  0.2912463  -0.10160023]
   [-0.21405491  0.8932762  -1.2659305 ]
   [-0.21614099  0.9091191  -1.2965708 ]
   [-0.13603581  0.30075204 -0.11998439]
   [-0.11016852  0.10430018  0.25995496]
   [-0.11016852  0.10430018  0.25995496]
   [-0.11016852  0.10430018  0.25995496]
   [-0.11016852  0.10430018  0.25995496]
   [-0.11016852  0.10430018  0.25995496]
   [-0.11016852  0.10430018  0.25995496]
   [-0.11016852  0.10430018  0.25995496]
   [-0.11016852  0.10430018  0.25995496]]

  [[-0.11016852  0.10430018  0.25995496]
   [-0.11016852  0.10430018  0.25995496]
   [-0.11016852  0.10430018  0.25995496]
   [-0.11016852  0.10430018  0.25995496]
   [-0.11016852  0.10430018  0.25995496]
   [-0.11016852  0.10430018  0.25995496]
   [-0.11016852  0.10430018  0.25995496]
   [-0.11016852  0.10430018  0.25995496]
   [-0.11016852  0.10430018  0.25995496]
   [-0.11016852  0.10430018  0.25995496]
   [-0.11016852  0.10430018  0.25995496]
   [-0.11016852  0.10430018  0.25995496]
   [-0.11016852  0.10430018  0.25995496]
   [-0.11016852  0.10430018  0.25995496]
   [-0.11016852  0.10430018  0.25995496]
   [-0.11016852  0.10430018  0.25995496]
   [-0.16565804  0.52572113 -0.55507624]
   [-0.21614099  0.9091191  -1.2965708 ]
   [-0.18818763  0.6968244  -0.8859911 ]
   [-0.1122546   0.12014307  0.22931468]
   [-0.11016852  0.10430018  0.25995496]
   [-0.11016852  0.10430018  0.25995496]
   [-0.11016852  0.10430018  0.25995496]
   [-0.11016852  0.10430018  0.25995496]
   [-0.11016852  0.10430018  0.25995496]
   [-0.11016852  0.10430018  0.25995496]
   [-0.11016852  0.10430018  0.25995496]
   [-0.11016852  0.10430018  0.25995496]]

  [[-0.11016852  0.10430018  0.25995496]
   [-0.11016852  0.10430018  0.25995496]
   [-0.11016852  0.10430018  0.25995496]
   [-0.11016852  0.10430018  0.25995496]
   [-0.11016852  0.10430018  0.25995496]
   [-0.11016852  0.10430018  0.25995496]
   [-0.11016852  0.10430018  0.25995496]
   [-0.11016852  0.10430018  0.25995496]
   [-0.11016852  0.10430018  0.25995496]
   [-0.11016852  0.10430018  0.25995496]
   [-0.11016852  0.10430018  0.25995496]
   [-0.11016852  0.10430018  0.25995496]
   [-0.11016852  0.10430018  0.25995496]
   [-0.11016852  0.10430018  0.25995496]
   [-0.11016852  0.10430018  0.25995496]
   [-0.11392345  0.13281739  0.20480248]
   [-0.19569749  0.7538588  -0.99629617]
   [-0.21363771  0.89010763 -1.2598025 ]
   [-0.13436696  0.28807774 -0.09547219]
   [-0.11016852  0.10430018  0.25995496]
   [-0.11016852  0.10430018  0.25995496]
   [-0.11016852  0.10430018  0.25995496]
   [-0.11016852  0.10430018  0.25995496]
   [-0.11016852  0.10430018  0.25995496]
   [-0.11016852  0.10430018  0.25995496]
   [-0.11016852  0.10430018  0.25995496]
   [-0.11016852  0.10430018  0.25995496]
   [-0.11016852  0.10430018  0.25995496]]

  [[-0.11016852  0.10430018  0.25995496]
   [-0.11016852  0.10430018  0.25995496]
   [-0.11016852  0.10430018  0.25995496]
   [-0.11016852  0.10430018  0.25995496]
   [-0.11016852  0.10430018  0.25995496]
   [-0.11016852  0.10430018  0.25995496]
   [-0.11016852  0.10430018  0.25995496]
   [-0.11016852  0.10430018  0.25995496]
   [-0.11016852  0.10430018  0.25995496]
   [-0.11016852  0.10430018  0.25995496]
   [-0.11016852  0.10430018  0.25995496]
   [-0.11016852  0.10430018  0.25995496]
   [-0.11016852  0.10430018  0.25995496]
   [-0.11016852  0.10430018  0.25995496]
   [-0.11016852  0.10430018  0.25995496]
   [-0.16273755  0.50354105 -0.51217985]
   [-0.21614099  0.9091191  -1.2965708 ]
   [-0.18610156  0.68098146 -0.85535085]
   [-0.11016852  0.10430018  0.25995496]
   [-0.11016852  0.10430018  0.25995496]
   [-0.11016852  0.10430018  0.25995496]
   [-0.11016852  0.10430018  0.25995496]
   [-0.11016852  0.10430018  0.25995496]
   [-0.11016852  0.10430018  0.25995496]
   [-0.11016852  0.10430018  0.25995496]
   [-0.11016852  0.10430018  0.25995496]
   [-0.11016852  0.10430018  0.25995496]
   [-0.11016852  0.10430018  0.25995496]]

  [[-0.11016852  0.10430018  0.25995496]
   [-0.11016852  0.10430018  0.25995496]
   [-0.11016852  0.10430018  0.25995496]
   [-0.11016852  0.10430018  0.25995496]
   [-0.11016852  0.10430018  0.25995496]
   [-0.11016852  0.10430018  0.25995496]
   [-0.11016852  0.10430018  0.25995496]
   [-0.11016852  0.10430018  0.25995496]
   [-0.11016852  0.10430018  0.25995496]
   [-0.11016852  0.10430018  0.25995496]
   [-0.11016852  0.10430018  0.25995496]
   [-0.11016852  0.10430018  0.25995496]
   [-0.11016852  0.10430018  0.25995496]
   [-0.11016852  0.10430018  0.25995496]
   [-0.14145961  0.34194356 -0.19964907]
   [-0.21488935  0.8996134  -1.2781866 ]
   [-0.2103      0.864759   -1.210778  ]
   [-0.13394974  0.28490916 -0.08934411]
   [-0.11016852  0.10430018  0.25995496]
   [-0.11016852  0.10430018  0.25995496]
   [-0.11016852  0.10430018  0.25995496]
   [-0.11016852  0.10430018  0.25995496]
   [-0.11016852  0.10430018  0.25995496]
   [-0.11016852  0.10430018  0.25995496]
   [-0.11016852  0.10430018  0.25995496]
   [-0.11016852  0.10430018  0.25995496]
   [-0.11016852  0.10430018  0.25995496]
   [-0.11016852  0.10430018  0.25995496]]

  [[-0.11016852  0.10430018  0.25995496]
   [-0.11016852  0.10430018  0.25995496]
   [-0.11016852  0.10430018  0.25995496]
   [-0.11016852  0.10430018  0.25995496]
   [-0.11016852  0.10430018  0.25995496]
   [-0.11016852  0.10430018  0.25995496]
   [-0.11016852  0.10430018  0.25995496]
   [-0.11016852  0.10430018  0.25995496]
   [-0.11016852  0.10430018  0.25995496]
   [-0.11016852  0.10430018  0.25995496]
   [-0.11016852  0.10430018  0.25995496]
   [-0.11016852  0.10430018  0.25995496]
   [-0.11016852  0.10430018  0.25995496]
   [-0.1180956   0.16450317  0.14352193]
   [-0.20237291  0.8045561  -1.094345  ]
   [-0.21614099  0.9091191  -1.2965708 ]
   [-0.17942612  0.6302842  -0.75730205]
   [-0.11016852  0.10430018  0.25995496]
   [-0.11016852  0.10430018  0.25995496]
   [-0.11016852  0.10430018  0.25995496]
   [-0.11016852  0.10430018  0.25995496]
   [-0.11016852  0.10430018  0.25995496]
   [-0.11016852  0.10430018  0.25995496]
   [-0.11016852  0.10430018  0.25995496]
   [-0.11016852  0.10430018  0.25995496]
   [-0.11016852  0.10430018  0.25995496]
   [-0.11016852  0.10430018  0.25995496]
   [-0.11016852  0.10430018  0.25995496]]

  [[-0.11016852  0.10430018  0.25995496]
   [-0.11016852  0.10430018  0.25995496]
   [-0.11016852  0.10430018  0.25995496]
   [-0.11016852  0.10430018  0.25995496]
   [-0.11016852  0.10430018  0.25995496]
   [-0.11016852  0.10430018  0.25995496]
   [-0.11016852  0.10430018  0.25995496]
   [-0.11016852  0.10430018  0.25995496]
   [-0.11016852  0.10430018  0.25995496]
   [-0.11016852  0.10430018  0.25995496]
   [-0.11016852  0.10430018  0.25995496]
   [-0.11016852  0.10430018  0.25995496]
   [-0.11142017  0.11380591  0.2415708 ]
   [-0.19486305  0.74752164 -0.98404   ]
   [-0.21614099  0.9091191  -1.2965708 ]
   [-0.20153849  0.7982189  -1.082089  ]
   [-0.12477103  0.21520042  0.04547307]
   [-0.11016852  0.10430018  0.25995496]
   [-0.11016852  0.10430018  0.25995496]
   [-0.11016852  0.10430018  0.25995496]
   [-0.11016852  0.10430018  0.25995496]
   [-0.11016852  0.10430018  0.25995496]
   [-0.11016852  0.10430018  0.25995496]
   [-0.11016852  0.10430018  0.25995496]
   [-0.11016852  0.10430018  0.25995496]
   [-0.11016852  0.10430018  0.25995496]
   [-0.11016852  0.10430018  0.25995496]
   [-0.11016852  0.10430018  0.25995496]]

  [[-0.11016852  0.10430018  0.25995496]
   [-0.11016852  0.10430018  0.25995496]
   [-0.11016852  0.10430018  0.25995496]
   [-0.11016852  0.10430018  0.25995496]
   [-0.11016852  0.10430018  0.25995496]
   [-0.11016852  0.10430018  0.25995496]
   [-0.11016852  0.10430018  0.25995496]
   [-0.11016852  0.10430018  0.25995496]
   [-0.11016852  0.10430018  0.25995496]
   [-0.11016852  0.10430018  0.25995496]
   [-0.11016852  0.10430018  0.25995496]
   [-0.11016852  0.10430018  0.25995496]
   [-0.12602267  0.22470616  0.02708891]
   [-0.21614099  0.9091191  -1.2965708 ]
   [-0.21614099  0.9091191  -1.2965708 ]
   [-0.14229403  0.3482807  -0.21190518]
   [-0.11016852  0.10430018  0.25995496]
   [-0.11016852  0.10430018  0.25995496]
   [-0.11016852  0.10430018  0.25995496]
   [-0.11016852  0.10430018  0.25995496]
   [-0.11016852  0.10430018  0.25995496]
   [-0.11016852  0.10430018  0.25995496]
   [-0.11016852  0.10430018  0.25995496]
   [-0.11016852  0.10430018  0.25995496]
   [-0.11016852  0.10430018  0.25995496]
   [-0.11016852  0.10430018  0.25995496]
   [-0.11016852  0.10430018  0.25995496]
   [-0.11016852  0.10430018  0.25995496]]

  [[-0.11016852  0.10430018  0.25995496]
   [-0.11016852  0.10430018  0.25995496]
   [-0.11016852  0.10430018  0.25995496]
   [-0.11016852  0.10430018  0.25995496]
   [-0.11016852  0.10430018  0.25995496]
   [-0.11016852  0.10430018  0.25995496]
   [-0.11016852  0.10430018  0.25995496]
   [-0.11016852  0.10430018  0.25995496]
   [-0.11016852  0.10430018  0.25995496]
   [-0.11016852  0.10430018  0.25995496]
   [-0.11016852  0.10430018  0.25995496]
   [-0.12310217  0.2025261   0.06998529]
   [-0.20362456  0.81406176 -1.1127292 ]
   [-0.21614099  0.9091191  -1.2965708 ]
   [-0.15814818  0.4686867  -0.44477126]
   [-0.11058574  0.10746875  0.25382692]
   [-0.11016852  0.10430018  0.25995496]
   [-0.11016852  0.10430018  0.25995496]
   [-0.11016852  0.10430018  0.25995496]
   [-0.11016852  0.10430018  0.25995496]
   [-0.11016852  0.10430018  0.25995496]
   [-0.11016852  0.10430018  0.25995496]
   [-0.11016852  0.10430018  0.25995496]
   [-0.11016852  0.10430018  0.25995496]
   [-0.11016852  0.10430018  0.25995496]
   [-0.11016852  0.10430018  0.25995496]
   [-0.11016852  0.10430018  0.25995496]
   [-0.11016852  0.10430018  0.25995496]]

  [[-0.11016852  0.10430018  0.25995496]
   [-0.11016852  0.10430018  0.25995496]
   [-0.11016852  0.10430018  0.25995496]
   [-0.11016852  0.10430018  0.25995496]
   [-0.11016852  0.10430018  0.25995496]
   [-0.11016852  0.10430018  0.25995496]
   [-0.11016852  0.10430018  0.25995496]
   [-0.11016852  0.10430018  0.25995496]
   [-0.11016852  0.10430018  0.25995496]
   [-0.11016852  0.10430018  0.25995496]
   [-0.11016852  0.10430018  0.25995496]
   [-0.16565804  0.52572113 -0.55507624]
   [-0.21614099  0.9091191  -1.2965708 ]
   [-0.21614099  0.9091191  -1.2965708 ]
   [-0.13186368  0.26906627 -0.05870384]
   [-0.11016852  0.10430018  0.25995496]
   [-0.11016852  0.10430018  0.25995496]
   [-0.11016852  0.10430018  0.25995496]
   [-0.11016852  0.10430018  0.25995496]
   [-0.11016852  0.10430018  0.25995496]
   [-0.11016852  0.10430018  0.25995496]
   [-0.11016852  0.10430018  0.25995496]
   [-0.11016852  0.10430018  0.25995496]
   [-0.11016852  0.10430018  0.25995496]
   [-0.11016852  0.10430018  0.25995496]
   [-0.11016852  0.10430018  0.25995496]
   [-0.11016852  0.10430018  0.25995496]
   [-0.11016852  0.10430018  0.25995496]]

  [[-0.11016852  0.10430018  0.25995496]
   [-0.11016852  0.10430018  0.25995496]
   [-0.11016852  0.10430018  0.25995496]
   [-0.11016852  0.10430018  0.25995496]
   [-0.11016852  0.10430018  0.25995496]
   [-0.11016852  0.10430018  0.25995496]
   [-0.11016852  0.10430018  0.25995496]
   [-0.11016852  0.10430018  0.25995496]
   [-0.11016852  0.10430018  0.25995496]
   [-0.11016852  0.10430018  0.25995496]
   [-0.13561861  0.29758346 -0.11385635]
   [-0.21113442  0.8710962  -1.2230341 ]
   [-0.21614099  0.9091191  -1.2965708 ]
   [-0.21614099  0.9091191  -1.2965708 ]
   [-0.13186368  0.26906627 -0.05870384]
   [-0.11016852  0.10430018  0.25995496]
   [-0.11016852  0.10430018  0.25995496]
   [-0.11016852  0.10430018  0.25995496]
   [-0.11016852  0.10430018  0.25995496]
   [-0.11016852  0.10430018  0.25995496]
   [-0.11016852  0.10430018  0.25995496]
   [-0.11016852  0.10430018  0.25995496]
   [-0.11016852  0.10430018  0.25995496]
   [-0.11016852  0.10430018  0.25995496]
   [-0.11016852  0.10430018  0.25995496]
   [-0.11016852  0.10430018  0.25995496]
   [-0.11016852  0.10430018  0.25995496]
   [-0.11016852  0.10430018  0.25995496]]

  [[-0.11016852  0.10430018  0.25995496]
   [-0.11016852  0.10430018  0.25995496]
   [-0.11016852  0.10430018  0.25995496]
   [-0.11016852  0.10430018  0.25995496]
   [-0.11016852  0.10430018  0.25995496]
   [-0.11016852  0.10430018  0.25995496]
   [-0.11016852  0.10430018  0.25995496]
   [-0.11016852  0.10430018  0.25995496]
   [-0.11016852  0.10430018  0.25995496]
   [-0.11016852  0.10430018  0.25995496]
   [-0.16065148  0.48769817 -0.48153958]
   [-0.21614099  0.9091191  -1.2965708 ]
   [-0.21614099  0.9091191  -1.2965708 ]
   [-0.20153849  0.7982189  -1.082089  ]
   [-0.1268571   0.23104331  0.01483281]
   [-0.11016852  0.10430018  0.25995496]
   [-0.11016852  0.10430018  0.25995496]
   [-0.11016852  0.10430018  0.25995496]
   [-0.11016852  0.10430018  0.25995496]
   [-0.11016852  0.10430018  0.25995496]
   [-0.11016852  0.10430018  0.25995496]
   [-0.11016852  0.10430018  0.25995496]
   [-0.11016852  0.10430018  0.25995496]
   [-0.11016852  0.10430018  0.25995496]
   [-0.11016852  0.10430018  0.25995496]
   [-0.11016852  0.10430018  0.25995496]
   [-0.11016852  0.10430018  0.25995496]
   [-0.11016852  0.10430018  0.25995496]]

  [[-0.11016852  0.10430018  0.25995496]
   [-0.11016852  0.10430018  0.25995496]
   [-0.11016852  0.10430018  0.25995496]
   [-0.11016852  0.10430018  0.25995496]
   [-0.11016852  0.10430018  0.25995496]
   [-0.11016852  0.10430018  0.25995496]
   [-0.11016852  0.10430018  0.25995496]
   [-0.11016852  0.10430018  0.25995496]
   [-0.11016852  0.10430018  0.25995496]
   [-0.11016852  0.10430018  0.25995496]
   [-0.16065148  0.48769817 -0.48153958]
   [-0.21614099  0.9091191  -1.2965708 ]
   [-0.19653192  0.760196   -1.0085523 ]
   [-0.11767838  0.16133459  0.14965   ]
   [-0.11016852  0.10430018  0.25995496]
   [-0.11016852  0.10430018  0.25995496]
   [-0.11016852  0.10430018  0.25995496]
   [-0.11016852  0.10430018  0.25995496]
   [-0.11016852  0.10430018  0.25995496]
   [-0.11016852  0.10430018  0.25995496]
   [-0.11016852  0.10430018  0.25995496]
   [-0.11016852  0.10430018  0.25995496]
   [-0.11016852  0.10430018  0.25995496]
   [-0.11016852  0.10430018  0.25995496]
   [-0.11016852  0.10430018  0.25995496]
   [-0.11016852  0.10430018  0.25995496]
   [-0.11016852  0.10430018  0.25995496]
   [-0.11016852  0.10430018  0.25995496]]

  [[-0.11016852  0.10430018  0.25995496]
   [-0.11016852  0.10430018  0.25995496]
   [-0.11016852  0.10430018  0.25995496]
   [-0.11016852  0.10430018  0.25995496]
   [-0.11016852  0.10430018  0.25995496]
   [-0.11016852  0.10430018  0.25995496]
   [-0.11016852  0.10430018  0.25995496]
   [-0.11016852  0.10430018  0.25995496]
   [-0.11016852  0.10430018  0.25995496]
   [-0.11016852  0.10430018  0.25995496]
   [-0.11016852  0.10430018  0.25995496]
   [-0.11016852  0.10430018  0.25995496]
   [-0.11016852  0.10430018  0.25995496]
   [-0.11016852  0.10430018  0.25995496]
   [-0.11016852  0.10430018  0.25995496]
   [-0.11016852  0.10430018  0.25995496]
   [-0.11016852  0.10430018  0.25995496]
   [-0.11016852  0.10430018  0.25995496]
   [-0.11016852  0.10430018  0.25995496]
   [-0.11016852  0.10430018  0.25995496]
   [-0.11016852  0.10430018  0.25995496]
   [-0.11016852  0.10430018  0.25995496]
   [-0.11016852  0.10430018  0.25995496]
   [-0.11016852  0.10430018  0.25995496]
   [-0.11016852  0.10430018  0.25995496]
   [-0.11016852  0.10430018  0.25995496]
   [-0.11016852  0.10430018  0.25995496]
   [-0.11016852  0.10430018  0.25995496]]]]