[[[[0.         0.10430018 0.25995496]
   [0.         0.10430018 0.25995496]
   [0.         0.10430018 0.25995496]
   [0.         0.10430018 0.25995496]
   [0.         0.10430018 0.25995496]
   [0.         0.10430018 0.25995496]
   [0.         0.10430018 0.25995496]
   [0.         0.10430018 0.25995496]
   [0.         0.10430018 0.25995496]
   [0.         0.10430018 0.25995496]
   [0.         0.10430018 0.25995496]
   [0.         0.10430018 0.25995496]
   [0.         0.10430018 0.25995496]
   [0.         0.10430018 0.25995496]
   [0.         0.10430018 0.25995496]
   [0.         0.10430018 0.25995496]
   [0.         0.10430018 0.25995496]
   [0.         0.10430018 0.25995496]
   [0.         0.10430018 0.25995496]
   [0.         0.10430018 0.25995496]
   [0.         0.10430018 0.25995496]
   [0.         0.10430018 0.25995496]
   [0.         0.10430018 0.25995496]
   [0.         0.10430018 0.25995496]
   [0.         0.10430018 0.25995496]
   [0.         0.10430018 0.25995496]
   [0.         0.10430018 0.25995496]
   [0.         0.10430018 0.25995496]]

  [[0.         0.10430018 0.25995496]
   [0.         0.10430018 0.25995496]
   [0.         0.10430018 0.25995496]
   [0.         0.10430018 0.25995496]
   [0.         0.10430018 0.25995496]
   [0.         0.10430018 0.25995496]
   [0.         0.10430018 0.25995496]
   [0.         0.10430018 0.25995496]
   [0.         0.10430018 0.25995496]
   [0.         0.10430018 0.25995496]
   [0.         0.10430018 0.25995496]
   [0.         0.10430018 0.25995496]
   [0.         0.10430018 0.25995496]
   [0.         0.10430018 0.25995496]
   [0.         0.10430018 0.25995496]
   [0.         0.10430018 0.25995496]
   [0.         0.10430018 0.25995496]
   [0.         0.10430018 0.25995496]
   [0.         0.10430018 0.25995496]
   [0.         0.10430018 0.25995496]
   [0.         0.10430018 0.25995496]
   [0.         0.10430018 0.25995496]
   [0.         0.10430018 0.25995496]
   [0.         0.10430018 0.25995496]
   [0.         0.10430018 0.25995496]
   [0.         0.10430018 0.25995496]
   [0.         0.10430018 0.25995496]
   [0.         0.10430018 0.25995496]]

  [[0.         0.10430018 0.25995496]
   [0.         0.10430018 0.25995496]
   [0.         0.10430018 0.25995496]
   [0.         0.10430018 0.25995496]
   [0.         0.10430018 0.25995496]
   [0.         0.10430018 0.25995496]
   [0.         0.10430018 0.25995496]
   [0.         0.10430018 0.25995496]
   [0.         0.10430018 0.25995496]
   [0.         0.10430018 0.25995496]
   [0.         0.10430018 0.25995496]
   [0.         0.10430018 0.25995496]
   [0.         0.10430018 0.25995496]
   [0.         0.10430018 0.25995496]
   [0.         0.10430018 0.25995496]
   [0.         0.10430018 0.25995496]
   [0.         0.10430018 0.25995496]
   [0.         0.10430018 0.25995496]
   [0.         0.10430018 0.25995496]
   [0.         0.10430018 0.25995496]
   [0.         0.10430018 0.25995496]
   [0.         0.10430018 0.25995496]
   [0.         0.10430018 0.25995496]
   [0.         0.10430018 0.25995496]
   [0.         0.10430018 0.25995496]
   [0.         0.10430018 0.25995496]
   [0.         0.10430018 0.25995496]
   [0.         0.10430018 0.25995496]]

  [[0.         0.10430018 0.25995496]
   [0.         0.10430018 0.25995496]
   [0.         0.10430018 0.25995496]
   [0.         0.10430018 0.25995496]
   [0.         0.10430018 0.25995496]
   [0.         0.10430018 0.25995496]
   [0.         0.10430018 0.25995496]
   [0.         0.10430018 0.25995496]
   [0.         0.10430018 0.25995496]
   [0.         0.10430018 0.25995496]
   [0.         0.10430018 0.25995496]
   [0.         0.10430018 0.25995496]
   [0.         0.10430018 0.25995496]
   [0.         0.10430018 0.25995496]
   [0.         0.10430018 0.25995496]
   [0.         0.10430018 0.25995496]
   [0.         0.10430018 0.25995496]
   [0.         0.10430018 0.25995496]
   [0.         0.10430018 0.25995496]
   [0.         0.10430018 0.25995496]
   [0.         0.10430018 0.25995496]
   [0.         0.10430018 0.25995496]
   [0.         0.10430018 0.25995496]
   [0.         0.10430018 0.25995496]
   [0.         0.10430018 0.25995496]
   [0.         0.10430018 0.25995496]
   [0.         0.10430018 0.25995496]
   [0.         0.10430018 0.25995496]]

  [[0.         0.10430018 0.25995496]
   [0.         0.10430018 0.25995496]
   [0.         0.10430018 0.25995496]
   [0.         0.10430018 0.25995496]
   [0.         0.10430018 0.25995496]
   [0.         0.10430018 0.25995496]
   [0.         0.10430018 0.25995496]
   [0.         0.10430018 0.25995496]
   [0.         0.10430018 0.25995496]
   [0.         0.10430018 0.25995496]
   [0.         0.10430018 0.25995496]
   [0.         0.10430018 0.25995496]
   [0.         0.10430018 0.25995496]
   [0.         0.10430018 0.25995496]
   [0.         0.10430018 0.25995496]
   [0.         0.10430018 0.25995496]
   [0.         0.10430018 0.25995496]
   [0.         0.10430018 0.25995496]
   [0.         0.10430018 0.25995496]
   [0.         0.10430018 0.25995496]
   [0.         0.10430018 0.25995496]
   [0.         0.10430018 0.25995496]
   [0.         0.10430018 0.25995496]
   [0.         0.10430018 0.25995496]
   [0.         0.10430018 0.25995496]
   [0.         0.10430018 0.25995496]
   [0.         0.10430018 0.25995496]
   [0.         0.10430018 0.25995496]]

  [[0.         0.10430018 0.25995496]
   [0.         0.10430018 0.25995496]
   [0.         0.10430018 0.25995496]
   [0.         0.10430018 0.25995496]
   [0.         0.10430018 0.25995496]
   [0.         0.10430018 0.25995496]
   [0.         0.10430018 0.25995496]
   [0.         0.10430018 0.25995496]
   [0.         0.10430018 0.25995496]
   [0.         0.10430018 0.25995496]
   [0.         0.10430018 0.25995496]
   [0.         0.10430018 0.25995496]
   [0.         0.10430018 0.25995496]
   [0.         0.10430018 0.25995496]
   [0.         0.10430018 0.25995496]
   [0.         0.10430018 0.25995496]
   [0.         0.10430018 0.25995496]
   [0.         0.10430018 0.25995496]
   [0.         0.10430018 0.25995496]
   [0.         0.10430018 0.25995496]
   [0.         0.10430018 0.25995496]
   [0.         0.10430018 0.25995496]
   [0.         0.10430018 0.25995496]
   [0.         0.10430018 0.25995496]
   [0.         0.10430018 0.25995496]
   [0.         0.10430018 0.25995496]
   [0.         0.10430018 0.25995496]
   [0.         0.10430018 0.25995496]]

  [[0.         0.10430018 0.25995496]
   [0.         0.10430018 0.25995496]
   [0.         0.10430018 0.25995496]
   [0.         0.10430018 0.25995496]
   [0.         0.10430018 0.25995496]
   [0.         0.10430018 0.25995496]
   [0.         0.10430018 0.25995496]
   [0.         0.10430018 0.25995496]
   [0.         0.10430018 0.25995496]
   [0.         0.10430018 0.25995496]
   [0.         0.10430018 0.25995496]
   [0.         0.10430018 0.25995496]
   [0.         0.10430018 0.25995496]
   [0.         0.10430018 0.25995496]
   [0.         0.10430018 0.25995496]
   [0.         0.10430018 0.25995496]
   [0.         0.10430018 0.25995496]
   [0.         0.10430018 0.25995496]
   [0.         0.10430018 0.25995496]
   [0.         0.10430018 0.25995496]
   [0.         0.10430018 0.25995496]
   [0.         0.10430018 0.25995496]
   [0.         0.10430018 0.25995496]
   [0.         0.10430018 0.25995496]
   [0.         0.10430018 0.25995496]
   [0.         0.10430018 0.25995496]
   [0.         0.10430018 0.25995496]
   [0.         0.10430018 0.25995496]]

  [[0.         0.10430018 0.25995496]
   [0.         0.10430018 0.25995496]
   [0.         0.10430018 0.25995496]
   [0.         0.10430018 0.25995496]
   [0.         0.10430018 0.25995496]
   [0.         0.10430018 0.25995496]
   [0.         0.37046075 0.        ]
   [0.         0.6904872  0.        ]
   [0.         0.60810417 0.        ]
   [0.         0.5827555  0.        ]
   [0.         0.29441488 0.        ]
   [0.         0.218369   0.03934503]
   [0.         0.10430018 0.25995496]
   [0.         0.10430018 0.25995496]
   [0.         0.10430018 0.25995496]
   [0.         0.10430018 0.25995496]
   [0.         0.10430018 0.25995496]
   [0.         0.10430018 0.25995496]
   [0.         0.10430018 0.25995496]
   [0.         0.10430018 0.25995496]
   [0.         0.10430018 0.25995496]
   [0.         0.10430018 0.25995496]
   [0.         0.10430018 0.25995496]
   [0.         0.10430018 0.25995496]
   [0.         0.10430018 0.25995496]
   [0.         0.10430018 0.25995496]
   [0.         0.10430018 0.25995496]
   [0.         0.10430018 0.25995496]]

  [[0.         0.10430018 0.25995496]
   [0.         0.10430018 0.25995496]
   [0.         0.10430018 0.25995496]
   [0.         0.10430018 0.25995496]
   [0.         0.10430018 0.25995496]
   [0.         0.10430018 0.25995496]
   [0.         0.80772465 0.        ]
   [0.         0.9091191  0.        ]
   [0.         0.9091191  0.        ]
   [0.         0.9091191  0.        ]
   [0.         0.9091191  0.        ]
   [0.         0.8679276  0.        ]
   [0.         0.7316787  0.        ]
   [0.         0.7316787  0.        ]
   [0.         0.7316787  0.        ]
   [0.         0.7316787  0.        ]
   [0.         0.7316787  0.        ]
   [0.         0.7316787  0.        ]
   [0.         0.7316787  0.        ]
   [0.         0.7316787  0.        ]
   [0.         0.6429585  0.        ]
   [0.         0.26906627 0.        ]
   [0.         0.10430018 0.25995496]
   [0.         0.10430018 0.25995496]
   [0.         0.10430018 0.25995496]
   [0.         0.10430018 0.25995496]
   [0.         0.10430018 0.25995496]
   [0.         0.10430018 0.25995496]]

  [[0.         0.10430018 0.25995496]
   [0.         0.10430018 0.25995496]
   [0.         0.10430018 0.25995496]
   [0.         0.10430018 0.25995496]
   [0.         0.10430018 0.25995496]
   [0.         0.10430018 0.25995496]
   [0.         0.31659493 0.        ]
   [0.         0.46551812 0.        ]
   [0.         0.3324378  0.        ]
   [0.         0.46551812 0.        ]
   [0.         0.6207785  0.        ]
   [0.         0.8235675  0.        ]
   [0.         0.9091191  0.        ]
   [0.         0.81723034 0.        ]
   [0.         0.9091191  0.        ]
   [0.         0.9091191  0.        ]
   [0.         0.9091191  0.        ]
   [0.         0.8964448  0.        ]
   [0.         0.8299047  0.        ]
   [0.         0.9091191  0.        ]
   [0.         0.9091191  0.        ]
   [0.         0.54790115 0.        ]
   [0.         0.10430018 0.25995496]
   [0.         0.10430018 0.25995496]
   [0.         0.10430018 0.25995496]
   [0.         0.10430018 0.25995496]
   [0.         0.10430018 0.25995496]
   [0.         0.10430018 0.25995496]]

  [[0.         0.10430018 0.25995496]
   [0.         0.10430018 0.25995496]
   [0.         0.10430018 0.25995496]
   [0.         0.10430018 0.25995496]
   [0.         0.10430018 0.25995496]
   [0.         0.10430018 0.25995496]
   [0.         0.10430018 0.25995496]
   [0.         0.10430018 0.25995496]
   [0.         0.10430018 0.25995496]
   [0.         0.10430018 0.25995496]
   [0.         0.10430018 0.25995496]
   [0.         0.158166   0.15577805]
   [0.         0.31342635 0.        ]
   [0.         0.14866027 0.17416221]
   [0.         0.31659493 0.        ]
   [0.         0.31659493 0.        ]
   [0.         0.31659493 0.        ]
   [0.         0.2912463  0.        ]
   [0.         0.17084032 0.13126583]
   [0.         0.8520847  0.        ]
   [0.         0.9091191  0.        ]
   [0.         0.44016948 0.        ]
   [0.         0.10430018 0.25995496]
   [0.         0.10430018 0.25995496]
   [0.         0.10430018 0.25995496]
   [0.         0.10430018 0.25995496]
   [0.         0.10430018 0.25995496]
   [0.         0.10430018 0.25995496]]

  [[0.         0.10430018 0.25995496]
   [0.         0.10430018 0.25995496]
   [0.         0.10430018 0.25995496]
   [0.         0.10430018 0.25995496]
   [0.         0.10430018 0.25995496]
   [0.         0.10430018 0.25995496]
   [0.         0.10430018 0.25995496]
   [0.         0.10430018 0.25995496]
   [0.         0.10430018 0.25995496]
   [0.         0.10430018 0.25995496]
   [0.         0.10430018 0.25995496]
   [0.         0.10430018 0.25995496]
   [0.         0.10430018 0.25995496]
   [0.         0.10430018 0.25995496]
   [0.         0.10430018 0.25995496]
   [0.         0.10430018 0.25995496]
   [0.         0.10430018 0.25995496]
   [0.         0.10430018 0.25995496]
   [0.         0.36729217 0.        ]
   [0.         0.90595055 0.        ]
   [0.         0.76653314 0.        ]
   [0.         0.16133459 0.14965   ]
   [0.         0.10430018 0.25995496]
   [0.         0.10430018 0.25995496]
   [0.         0.10430018 0.25995496]
   [0.         0.10430018 0.25995496]
   [0.         0.10430018 0.25995496]
   [0.         0.10430018 0.25995496]]

  [[0.         0.10430018 0.25995496]
   [0.         0.10430018 0.25995496]
   [0.         0.10430018 0.25995496]
   [0.         0.10430018 0.25995496]
   [0.         0.10430018 0.25995496]
   [0.         0.10430018 0.25995496]
   [0.         0.10430018 0.25995496]
   [0.         0.10430018 0.25995496]
   [0.         0.10430018 0.25995496]
   [0.         0.10430018 0.25995496]
   [0.         0.10430018 0.25995496]
   [0.         0.10430018 0.25995496]
   [0.         0.10430018 0.25995496]
   [0.         0.10430018 0.25995496]
   [0.         0.10430018 0.25995496]
   [0.         0.10430018 0.25995496]
   [0.         0.10430018 0.25995496]
   [0.         0.1740089  0.12513778]
   [0.         0.842579   0.        ]
   [0.         0.91228765 0.        ]
   [0.         0.36729217 0.        ]
   [0.         0.10430018 0.25995496]
   [0.         0.10430018 0.25995496]
   [0.         0.10430018 0.25995496]
   [0.         0.10430018 0.25995496]
   [0.         0.10430018 0.25995496]
   [0.         0.10430018 0.25995496]
   [0.         0.10430018 0.25995496]]

  [[0.         0.10430018 0.25995496]
   [0.         0.10430018 0.25995496]
   [0.         0.10430018 0.25995496]
   [0.         0.10430018 0.25995496]
   [0.         0.10430018 0.25995496]
   [0.         0.10430018 0.25995496]
   [0.         0.10430018 0.25995496]
   [0.         0.10430018 0.25995496]
   [0.         0.10430018 0.25995496]
   [0.         0.10430018 0.25995496]
   [0.         0.10430018 0.25995496]
   [0.         0.10430018 0.25995496]
   [0.         0.10430018 0.25995496]
   [0.         0.10430018 0.25995496]
   [0.         0.10430018 0.25995496]
   [0.         0.10430018 0.25995496]
   [0.         0.10430018 0.25995496]
   [0.         0.5130468  0.        ]
   [0.         0.9091191  0.        ]
   [0.         0.85842186 0.        ]
   [0.         0.24371761 0.        ]
   [0.         0.10430018 0.25995496]
   [0.         0.10430018 0.25995496]
   [0.         0.10430018 0.25995496]
   [0.         0.10430018 0.25995496]
   [0.         0.10430018 0.25995496]
   [0.         0.10430018 0.25995496]
   [0.         0.10430018 0.25995496]]

  [[0.         0.10430018 0.25995496]
   [0.         0.10430018 0.25995496]
   [0.         0.10430018 0.25995496]
   [0.         0.10430018 0.25995496]
   [0.         0.10430018 0.25995496]
   [0.         0.10430018 0.25995496]
   [0.         0.10430018 0.25995496]
   [0.         0.10430018 0.25995496]
   [0.         0.10430018 0.25995496]
   [0.         0.10430018 0.25995496]
   [0.         0.10430018 0.25995496]
   [0.         0.10430018 0.25995496]
   [0.         0.10430018 0.25995496]
   [0.         0.10430018 0.25995496]
   [0.         0.10430018 0.25995496]
   [0.         0.10430018 0.25995496]
   [0.         0.2912463  0.        ]
   [0.         0.8932762  0.        ]
   [0.         0.9091191  0.        ]
   [0.         0.30075204 0.        ]
   [0.         0.10430018 0.25995496]
   [0.         0.10430018 0.25995496]
   [0.         0.10430018 0.25995496]
   [0.         0.10430018 0.25995496]
   [0.         0.10430018 0.25995496]
   [0.         0.10430018 0.25995496]
   [0.         0.10430018 0.25995496]
   [0.         0.10430018 0.25995496]]

  [[0.         0.10430018 0.25995496]
   [0.         0.10430018 0.25995496]
   [0.         0.10430018 0.25995496]
   [0.         0.10430018 0.25995496]
   [0.         0.10430018 0.25995496]
   [0.         0.10430018 0.25995496]
   [0.         0.10430018 0.25995496]
   [0.         0.10430018 0.25995496]
   [0.         0.10430018 0.25995496]
   [0.         0.10430018 0.25995496]
   [0.         0.10430018 0.25995496]
   [0.         0.10430018 0.25995496]
   [0.         0.10430018 0.25995496]
   [0.         0.10430018 0.25995496]
   [0.         0.10430018 0.25995496]
   [0.         0.10430018 0.25995496]
   [0.         0.52572113 0.        ]
   [0.         0.9091191  0.        ]
   [0.         0.6968244  0.        ]
   [0.         0.12014307 0.22931468]
   [0.         0.10430018 0.25995496]
   [0.         0.10430018 0.25995496]
   [0.         0.10430018 0.25995496]
   [0.         0.10430018 0.25995496]
   [0.         0.10430018 0.25995496]
   [0.         0.10430018 0.25995496]
   [0.         0.10430018 0.25995496]
   [0.         0.10430018 0.25995496]]

  [[0.         0.10430018 0.25995496]
   [0.         0.10430018 0.25995496]
   [0.         0.10430018 0.25995496]
   [0.         0.10430018 0.25995496]
   [0.         0.10430018 0.25995496]
   [0.         0.10430018 0.25995496]
   [0.         0.10430018 0.25995496]
   [0.         0.10430018 0.25995496]
   [0.         0.10430018 0.25995496]
   [0.         0.10430018 0.25995496]
   [0.         0.10430018 0.25995496]
   [0.         0.10430018 0.25995496]
   [0.         0.10430018 0.25995496]
   [0.         0.10430018 0.25995496]
   [0.         0.10430018 0.25995496]
   [0.         0.13281739 0.20480248]
   [0.         0.7538588  0.        ]
   [0.         0.89010763 0.        ]
   [0.         0.28807774 0.        ]
   [0.         0.10430018 0.25995496]
   [0.         0.10430018 0.25995496]
   [0.         0.10430018 0.25995496]
   [0.         0.10430018 0.25995496]
   [0.         0.10430018 0.25995496]
   [0.         0.10430018 0.25995496]
   [0.         0.10430018 0.25995496]
   [0.         0.10430018 0.25995496]
   [0.         0.10430018 0.25995496]]

  [[0.         0.10430018 0.25995496]
   [0.         0.10430018 0.25995496]
   [0.         0.10430018 0.25995496]
   [0.         0.10430018 0.25995496]
   [0.         0.10430018 0.25995496]
   [0.         0.10430018 0.25995496]
   [0.         0.10430018 0.25995496]
   [0.         0.10430018 0.25995496]
   [0.         0.10430018 0.25995496]
   [0.         0.10430018 0.25995496]
   [0.         0.10430018 0.25995496]
   [0.         0.10430018 0.25995496]
   [0.         0.10430018 0.25995496]
   [0.         0.10430018 0.25995496]
   [0.         0.10430018 0.25995496]
   [0.         0.50354105 0.        ]
   [0.         0.9091191  0.        ]
   [0.         0.68098146 0.        ]
   [0.         0.10430018 0.25995496]
   [0.         0.10430018 0.25995496]
   [0.         0.10430018 0.25995496]
   [0.         0.10430018 0.25995496]
   [0.         0.10430018 0.25995496]
   [0.         0.10430018 0.25995496]
   [0.         0.10430018 0.25995496]
   [0.         0.10430018 0.25995496]
   [0.         0.10430018 0.25995496]
   [0.         0.10430018 0.25995496]]

  [[0.         0.10430018 0.25995496]
   [0.         0.10430018 0.25995496]
   [0.         0.10430018 0.25995496]
   [0.         0.10430018 0.25995496]
   [0.         0.10430018 0.25995496]
   [0.         0.10430018 0.25995496]
   [0.         0.10430018 0.25995496]
   [0.         0.10430018 0.25995496]
   [0.         0.10430018 0.25995496]
   [0.         0.10430018 0.25995496]
   [0.         0.10430018 0.25995496]
   [0.         0.10430018 0.25995496]
   [0.         0.10430018 0.25995496]
   [0.         0.10430018 0.25995496]
   [0.         0.34194356 0.        ]
   [0.         0.8996134  0.        ]
   [0.         0.864759   0.        ]
   [0.         0.28490916 0.        ]
   [0.         0.10430018 0.25995496]
   [0.         0.10430018 0.25995496]
   [0.         0.10430018 0.25995496]
   [0.         0.10430018 0.25995496]
   [0.         0.10430018 0.25995496]
   [0.         0.10430018 0.25995496]
   [0.         0.10430018 0.25995496]
   [0.         0.10430018 0.25995496]
   [0.         0.10430018 0.25995496]
   [0.         0.10430018 0.25995496]]

  [[0.         0.10430018 0.25995496]
   [0.         0.10430018 0.25995496]
   [0.         0.10430018 0.25995496]
   [0.         0.10430018 0.25995496]
   [0.         0.10430018 0.25995496]
   [0.         0.10430018 0.25995496]
   [0.         0.10430018 0.25995496]
   [0.         0.10430018 0.25995496]
   [0.         0.10430018 0.25995496]
   [0.         0.10430018 0.25995496]
   [0.         0.10430018 0.25995496]
   [0.         0.10430018 0.25995496]
   [0.         0.10430018 0.25995496]
   [0.         0.16450317 0.14352193]
   [0.         0.8045561  0.        ]
   [0.         0.9091191  0.        ]
   [0.         0.6302842  0.        ]
   [0.         0.10430018 0.25995496]
   [0.         0.10430018 0.25995496]
   [0.         0.10430018 0.25995496]
   [0.         0.10430018 0.25995496]
   [0.         0.10430018 0.25995496]
   [0.         0.10430018 0.25995496]
   [0.         0.10430018 0.25995496]
   [0.         0.10430018 0.25995496]
   [0.         0.10430018 0.25995496]
   [0.         0.10430018 0.25995496]
   [0.         0.10430018 0.25995496]]

  [[0.         0.10430018 0.25995496]
   [0.         0.10430018 0.25995496]
   [0.         0.10430018 0.25995496]
   [0.         0.10430018 0.25995496]
   [0.         0.10430018 0.25995496]
   [0.         0.10430018 0.25995496]
   [0.         0.10430018 0.25995496]
   [0.         0.10430018 0.25995496]
   [0.         0.10430018 0.25995496]
   [0.         0.10430018 0.25995496]
   [0.         0.10430018 0.25995496]
   [0.         0.10430018 0.25995496]
   [0.         0.11380591 0.2415708 ]
   [0.         0.74752164 0.        ]
   [0.         0.9091191  0.        ]
   [0.         0.7982189  0.        ]
   [0.         0.21520042 0.04547307]
   [0.         0.10430018 0.25995496]
   [0.         0.10430018 0.25995496]
   [0.         0.10430018 0.25995496]
   [0.         0.10430018 0.25995496]
   [0.         0.10430018 0.25995496]
   [0.         0.10430018 0.25995496]
   [0.         0.10430018 0.25995496]
   [0.         0.10430018 0.25995496]
   [0.         0.10430018 0.25995496]
   [0.         0.10430018 0.25995496]
   [0.         0.10430018 0.25995496]]

  [[0.         0.10430018 0.25995496]
   [0.         0.10430018 0.25995496]
   [0.         0.10430018 0.25995496]
   [0.         0.10430018 0.25995496]
   [0.         0.10430018 0.25995496]
   [0.         0.10430018 0.25995496]
   [0.         0.10430018 0.25995496]
   [0.         0.10430018 0.25995496]
   [0.         0.10430018 0.25995496]
   [0.         0.10430018 0.25995496]
   [0.         0.10430018 0.25995496]
   [0.         0.10430018 0.25995496]
   [0.         0.22470616 0.02708891]
   [0.         0.9091191  0.        ]
   [0.         0.9091191  0.        ]
   [0.         0.3482807  0.        ]
   [0.         0.10430018 0.25995496]
   [0.         0.10430018 0.25995496]
   [0.         0.10430018 0.25995496]
   [0.         0.10430018 0.25995496]
   [0.         0.10430018 0.25995496]
   [0.         0.10430018 0.25995496]
   [0.         0.10430018 0.25995496]
   [0.         0.10430018 0.25995496]
   [0.         0.10430018 0.25995496]
   [0.         0.10430018 0.25995496]
   [0.         0.10430018 0.25995496]
   [0.         0.10430018 0.25995496]]

  [[0.         0.10430018 0.25995496]
   [0.         0.10430018 0.25995496]
   [0.         0.10430018 0.25995496]
   [0.         0.10430018 0.25995496]
   [0.         0.10430018 0.25995496]
   [0.         0.10430018 0.25995496]
   [0.         0.10430018 0.25995496]
   [0.         0.10430018 0.25995496]
   [0.         0.10430018 0.25995496]
   [0.         0.10430018 0.25995496]
   [0.         0.10430018 0.25995496]
   [0.         0.2025261  0.06998529]
   [0.         0.81406176 0.        ]
   [0.         0.9091191  0.        ]
   [0.         0.4686867  0.        ]
   [0.         0.10746875 0.25382692]
   [0.         0.10430018 0.25995496]
   [0.         0.10430018 0.25995496]
   [0.         0.10430018 0.25995496]
   [0.         0.10430018 0.25995496]
   [0.         0.10430018 0.25995496]
   [0.         0.10430018 0.25995496]
   [0.         0.10430018 0.25995496]
   [0.         0.10430018 0.25995496]
   [0.         0.10430018 0.25995496]
   [0.         0.10430018 0.25995496]
   [0.         0.10430018 0.25995496]
   [0.         0.10430018 0.25995496]]

  [[0.         0.10430018 0.25995496]
   [0.         0.10430018 0.25995496]
   [0.         0.10430018 0.25995496]
   [0.         0.10430018 0.25995496]
   [0.         0.10430018 0.25995496]
   [0.         0.10430018 0.25995496]
   [0.         0.10430018 0.25995496]
   [0.         0.10430018 0.25995496]
   [0.         0.10430018 0.25995496]
   [0.         0.10430018 0.25995496]
   [0.         0.10430018 0.25995496]
   [0.         0.52572113 0.        ]
   [0.         0.9091191  0.        ]
   [0.         0.9091191  0.        ]
   [0.         0.26906627 0.        ]
   [0.         0.10430018 0.25995496]
   [0.         0.10430018 0.25995496]
   [0.         0.10430018 0.25995496]
   [0.         0.10430018 0.25995496]
   [0.         0.10430018 0.25995496]
   [0.         0.10430018 0.25995496]
   [0.         0.10430018 0.25995496]
   [0.         0.10430018 0.25995496]
   [0.         0.10430018 0.25995496]
   [0.         0.10430018 0.25995496]
   [0.         0.10430018 0.25995496]
   [0.         0.10430018 0.25995496]
   [0.         0.10430018 0.25995496]]

  [[0.         0.10430018 0.25995496]
   [0.         0.10430018 0.25995496]
   [0.         0.10430018 0.25995496]
   [0.         0.10430018 0.25995496]
   [0.         0.10430018 0.25995496]
   [0.         0.10430018 0.25995496]
   [0.         0.10430018 0.25995496]
   [0.         0.10430018 0.25995496]
   [0.         0.10430018 0.25995496]
   [0.         0.10430018 0.25995496]
   [0.         0.29758346 0.        ]
   [0.         0.8710962  0.        ]
   [0.         0.9091191  0.        ]
   [0.         0.9091191  0.        ]
   [0.         0.26906627 0.        ]
   [0.         0.10430018 0.25995496]
   [0.         0.10430018 0.25995496]
   [0.         0.10430018 0.25995496]
   [0.         0.10430018 0.25995496]
   [0.         0.10430018 0.25995496]
   [0.         0.10430018 0.25995496]
   [0.         0.10430018 0.25995496]
   [0.         0.10430018 0.25995496]
   [0.         0.10430018 0.25995496]
   [0.         0.10430018 0.25995496]
   [0.         0.10430018 0.25995496]
   [0.         0.10430018 0.25995496]
   [0.         0.10430018 0.25995496]]

  [[0.         0.10430018 0.25995496]
   [0.         0.10430018 0.25995496]
   [0.         0.10430018 0.25995496]
   [0.         0.10430018 0.25995496]
   [0.         0.10430018 0.25995496]
   [0.         0.10430018 0.25995496]
   [0.         0.10430018 0.25995496]
   [0.         0.10430018 0.25995496]
   [0.         0.10430018 0.25995496]
   [0.         0.10430018 0.25995496]
   [0.         0.48769817 0.        ]
   [0.         0.9091191  0.        ]
   [0.         0.9091191  0.        ]
   [0.         0.7982189  0.        ]
   [0.         0.23104331 0.01483281]
   [0.         0.10430018 0.25995496]
   [0.         0.10430018 0.25995496]
   [0.         0.10430018 0.25995496]
   [0.         0.10430018 0.25995496]
   [0.         0.10430018 0.25995496]
   [0.         0.10430018 0.25995496]
   [0.         0.10430018 0.25995496]
   [0.         0.10430018 0.25995496]
   [0.         0.10430018 0.25995496]
   [0.         0.10430018 0.25995496]
   [0.         0.10430018 0.25995496]
   [0.         0.10430018 0.25995496]
   [0.         0.10430018 0.25995496]]

  [[0.         0.10430018 0.25995496]
   [0.         0.10430018 0.25995496]
   [0.         0.10430018 0.25995496]
   [0.         0.10430018 0.25995496]
   [0.         0.10430018 0.25995496]
   [0.         0.10430018 0.25995496]
   [0.         0.10430018 0.25995496]
   [0.         0.10430018 0.25995496]
   [0.         0.10430018 0.25995496]
   [0.         0.10430018 0.25995496]
   [0.         0.48769817 0.        ]
   [0.         0.9091191  0.        ]
   [0.         0.760196   0.        ]
   [0.         0.16133459 0.14965   ]
   [0.         0.10430018 0.25995496]
   [0.         0.10430018 0.25995496]
   [0.         0.10430018 0.25995496]
   [0.         0.10430018 0.25995496]
   [0.         0.10430018 0.25995496]
   [0.         0.10430018 0.25995496]
   [0.         0.10430018 0.25995496]
   [0.         0.10430018 0.25995496]
   [0.         0.10430018 0.25995496]
   [0.         0.10430018 0.25995496]
   [0.         0.10430018 0.25995496]
   [0.         0.10430018 0.25995496]
   [0.         0.10430018 0.25995496]
   [0.         0.10430018 0.25995496]]

  [[0.         0.10430018 0.25995496]
   [0.         0.10430018 0.25995496]
   [0.         0.10430018 0.25995496]
   [0.         0.10430018 0.25995496]
   [0.         0.10430018 0.25995496]
   [0.         0.10430018 0.25995496]
   [0.         0.10430018 0.25995496]
   [0.         0.10430018 0.25995496]
   [0.         0.10430018 0.25995496]
   [0.         0.10430018 0.25995496]
   [0.         0.10430018 0.25995496]
   [0.         0.10430018 0.25995496]
   [0.         0.10430018 0.25995496]
   [0.         0.10430018 0.25995496]
   [0.         0.10430018 0.25995496]
   [0.         0.10430018 0.25995496]
   [0.         0.10430018 0.25995496]
   [0.         0.10430018 0.25995496]
   [0.         0.10430018 0.25995496]
   [0.         0.10430018 0.25995496]
   [0.         0.10430018 0.25995496]
   [0.         0.10430018 0.25995496]
   [0.         0.10430018 0.25995496]
   [0.         0.10430018 0.25995496]
   [0.         0.10430018 0.25995496]
   [0.         0.10430018 0.25995496]
   [0.         0.10430018 0.25995496]
   [0.         0.10430018 0.25995496]]]]