[[[-9.68297571e-02 -1.87957004e-01]
  [-9.68297571e-02 -1.87957004e-01]
  [-9.68297571e-02 -1.87957004e-01]
  [-9.68297571e-02 -1.87957004e-01]
  [-9.68297571e-02 -1.87957004e-01]
  [-9.68297571e-02 -1.87957004e-01]
  [-9.68297571e-02 -1.87957004e-01]
  [-9.68297571e-02 -1.87957004e-01]
  [-9.68297571e-02 -1.87957004e-01]
  [-9.68297571e-02 -1.87957004e-01]
  [-9.68297571e-02 -1.87957004e-01]
  [-9.68297571e-02 -1.87957004e-01]
  [-9.68297571e-02 -1.87957004e-01]
  [-4.52431291e-02 -2.30143622e-01]]

 [[-9.68297571e-02 -1.87957004e-01]
  [-9.68297571e-02 -1.87957004e-01]
  [-9.68297571e-02 -1.87957004e-01]
  [-9.68297571e-02 -1.87957004e-01]
  [-9.68297571e-02 -1.87957004e-01]
  [-9.68297571e-02 -1.87957004e-01]
  [-9.68297571e-02 -1.87957004e-01]
  [-9.68297571e-02 -1.87957004e-01]
  [-9.68297571e-02 -1.87957004e-01]
  [-9.68297571e-02 -1.87957004e-01]
  [-9.68297571e-02 -1.87957004e-01]
  [-9.68297571e-02 -1.87957004e-01]
  [-9.68297571e-02 -1.87957004e-01]
  [-4.52431291e-02 -2.30143622e-01]]

 [[-9.68297571e-02 -1.87957004e-01]
  [-9.68297571e-02 -1.87957004e-01]
  [-9.68297571e-02 -1.87957004e-01]
  [-9.68297571e-02 -1.87957004e-01]
  [-9.68297571e-02 -1.87957004e-01]
  [-9.68297571e-02 -1.87957004e-01]
  [-9.68297571e-02 -1.87957004e-01]
  [-9.68297571e-02 -1.87957004e-01]
  [-9.68297571e-02 -1.87957004e-01]
  [-9.68297571e-02 -1.87957004e-01]
  [-9.68297571e-02 -1.87957004e-01]
  [-9.68297571e-02 -1.87957004e-01]
  [-9.68297571e-02 -1.87957004e-01]
  [-4.52431291e-02 -2.30143622e-01]]

 [[-9.68297571e-02 -1.87957004e-01]
  [-9.68297571e-02 -1.87957004e-01]
  [-1.12202272e-01 -2.73303151e-01]
  [-3.49885941e-01  1.18872917e+00]
  [-4.08294797e-01  1.39796841e+00]
  [-3.64396453e-01  1.04658008e+00]
  [-3.17342788e-01  5.36816776e-01]
  [-3.17342788e-01  5.36816776e-01]
  [-3.17342788e-01  5.36816776e-01]
  [-3.09504628e-01  5.35359323e-01]
  [-2.35023379e-01  3.87037426e-01]
  [-9.68297571e-02 -1.87957004e-01]
  [-9.68297571e-02 -1.87957004e-01]
  [-4.52431291e-02 -2.30143622e-01]]

 [[-9.68297571e-02 -1.87957004e-01]
  [-9.68297571e-02 -1.87957004e-01]
  [-4.02001478e-02 -7.62015283e-01]
  [-7.81482235e-02  3.84576112e-01]
  [-7.61006847e-02  3.80282968e-01]
  [-1.65031984e-01  9.11205411e-01]
  [-2.58532465e-01  1.19636059e+00]
  [-2.78454244e-01  1.38366616e+00]
  [-2.65465945e-01  1.37472332e+00]
  [-2.87755728e-01  1.33198500e+00]
  [-4.40769851e-01  1.89479327e+00]
  [-9.68297571e-02 -1.87957004e-01]
  [-9.68297571e-02 -1.87957004e-01]
  [-4.52431291e-02 -2.30143622e-01]]

 [[-9.68297571e-02 -1.87957004e-01]
  [-9.68297571e-02 -1.87957004e-01]
  [-9.68297571e-02 -1.87957004e-01]
  [-9.68297571e-02 -1.87957004e-01]
  [-9.68297571e-02 -1.87957004e-01]
  [-8.98696482e-02 -3.74381810e-01]
  [-8.02885816e-02 -2.52006322e-01]
  [-8.17558989e-02 -2.06851378e-01]
  [-1.15272388e-01 -8.83838087e-02]
  [-2.76609957e-01  1.04908645e+00]
  [-2.78891981e-01  1.25232363e+00]
  [-9.68297571e-02 -1.87957004e-01]
  [-9.68297571e-02 -1.87957004e-01]
  [-4.52431291e-02 -2.30143622e-01]]

 [[-9.68297571e-02 -1.87957004e-01]
  [-9.68297571e-02 -1.87957004e-01]
  [-9.68297571e-02 -1.87957004e-01]
  [-9.68297571e-02 -1.87957004e-01]
  [-9.68297571e-02 -1.87957004e-01]
  [-9.68297571e-02 -1.87957004e-01]
  [-9.68297571e-02 -1.87957004e-01]
  [-1.17874935e-01 -1.60127029e-01]
  [-2.11964324e-01 -3.60319167e-02]
  [-3.87710005e-01  2.06158400e+00]
  [-8.45374092e-02  2.11757526e-01]
  [-9.68297571e-02 -1.87957004e-01]
  [-9.68297571e-02 -1.87957004e-01]
  [-4.52431291e-02 -2.30143622e-01]]

 [[-9.68297571e-02 -1.87957004e-01]
  [-9.68297571e-02 -1.87957004e-01]
  [-9.68297571e-02 -1.87957004e-01]
  [-9.68297571e-02 -1.87957004e-01]
  [-9.68297571e-02 -1.87957004e-01]
  [-9.68297571e-02 -1.87957004e-01]
  [-9.68297571e-02 -1.87957004e-01]
  [-9.34461206e-02 -4.57467437e-01]
  [-2.73328096e-01  1.21067750e+00]
  [-2.57599592e-01  1.07737994e+00]
  [-9.68297571e-02 -1.87957004e-01]
  [-9.68297571e-02 -1.87957004e-01]
  [-9.68297571e-02 -1.87957004e-01]
  [-4.52431291e-02 -2.30143622e-01]]

 [[-9.68297571e-02 -1.87957004e-01]
  [-9.68297571e-02 -1.87957004e-01]
  [-9.68297571e-02 -1.87957004e-01]
  [-9.68297571e-02 -1.87957004e-01]
  [-9.68297571e-02 -1.87957004e-01]
  [-9.68297571e-02 -1.87957004e-01]
  [-1.22353882e-01 -1.59294203e-01]
  [-2.13689581e-01  2.20246930e-02]
  [-4.03858751e-01  2.01176786e+00]
  [-8.57123286e-02 -7.45807961e-02]
  [-9.68297571e-02 -1.87957004e-01]
  [-9.68297571e-02 -1.87957004e-01]
  [-9.68297571e-02 -1.87957004e-01]
  [-4.52431291e-02 -2.30143622e-01]]

 [[-9.68297571e-02 -1.87957004e-01]
  [-9.68297571e-02 -1.87957004e-01]
  [-9.68297571e-02 -1.87957004e-01]
  [-9.68297571e-02 -1.87957004e-01]
  [-9.68297571e-02 -1.87957004e-01]
  [-9.79898497e-02 -1.86049879e-01]
  [-1.24198586e-01 -2.48198956e-01]
  [-3.40757191e-01  1.51539385e+00]
  [-2.26131931e-01  9.29048777e-01]
  [-9.68297571e-02 -1.87957004e-01]
  [-9.68297571e-02 -1.87957004e-01]
  [-9.68297571e-02 -1.87957004e-01]
  [-9.68297571e-02 -1.87957004e-01]
  [-4.52431291e-02 -2.30143622e-01]]

 [[-9.68297571e-02 -1.87957004e-01]
  [-9.68297571e-02 -1.87957004e-01]
  [-9.68297571e-02 -1.87957004e-01]
  [-9.68297571e-02 -1.87957004e-01]
  [-9.68297571e-02 -1.87957004e-01]
  [-1.34446114e-01 -1.18401684e-01]
  [-2.69028455e-01  8.23004544e-01]
  [-3.06509465e-01  1.54211760e+00]
  [-8.42401683e-02 -1.14613809e-01]
  [-9.68297571e-02 -1.87957004e-01]
  [-9.68297571e-02 -1.87957004e-01]
  [-9.68297571e-02 -1.87957004e-01]
  [-9.68297571e-02 -1.87957004e-01]
  [-4.52431291e-02 -2.30143622e-01]]

 [[-9.68297571e-02 -1.87957004e-01]
  [-9.68297571e-02 -1.87957004e-01]
  [-9.68297571e-02 -1.87957004e-01]
  [-9.68297571e-02 -1.87957004e-01]
  [-1.18434802e-01 -1.60022929e-01]
  [-2.15567395e-01 -7.62832072e-03]
  [-4.15799111e-01  2.14116311e+00]
  [-1.48804039e-01  5.01477957e-01]
  [-9.68297571e-02 -1.87957004e-01]
  [-9.68297571e-02 -1.87957004e-01]
  [-9.68297571e-02 -1.87957004e-01]
  [-9.68297571e-02 -1.87957004e-01]
  [-9.68297571e-02 -1.87957004e-01]
  [-4.52431291e-02 -2.30143622e-01]]

 [[-9.68297571e-02 -1.87957004e-01]
  [-9.68297571e-02 -1.87957004e-01]
  [-9.68297571e-02 -1.87957004e-01]
  [-9.68297571e-02 -1.87957004e-01]
  [-6.82201236e-02 -4.93415207e-01]
  [-2.52540469e-01  1.01922894e+00]
  [-3.52977574e-01  1.93616855e+00]
  [-7.60617703e-02  1.45800725e-01]
  [-9.68297571e-02 -1.87957004e-01]
  [-9.68297571e-02 -1.87957004e-01]
  [-9.68297571e-02 -1.87957004e-01]
  [-9.68297571e-02 -1.87957004e-01]
  [-9.68297571e-02 -1.87957004e-01]
  [-4.52431291e-02 -2.30143622e-01]]

 [[-1.07085526e-01  6.63776025e-02]
  [-1.07085526e-01  6.63776025e-02]
  [-1.07085526e-01  6.63776025e-02]
  [-1.07085526e-01  6.63776025e-02]
  [-9.76269618e-02 -2.24923372e-01]
  [-7.41340220e-02  8.99017528e-02]
  [-1.39219150e-01  4.25050735e-01]
  [-1.07085526e-01  6.63776025e-02]
  [-1.07085526e-01  6.63776025e-02]
  [-1.07085526e-01  6.63776025e-02]
  [-1.07085526e-01  6.63776025e-02]
  [-1.07085526e-01  6.63776025e-02]
  [-1.07085526e-01  6.63776025e-02]
  [-6.01844564e-02  1.14543433e-03]]]