[[[[0.         0.        ]
   [0.         0.        ]
   [0.         0.        ]
   [0.         0.        ]
   [0.         0.        ]
   [0.         0.        ]
   [0.         0.        ]
   [0.         0.        ]
   [0.         0.        ]
   [0.         0.        ]
   [0.         0.        ]
   [0.         0.        ]
   [0.         0.        ]
   [0.         0.        ]]

  [[0.         0.        ]
   [0.         0.        ]
   [0.         0.        ]
   [0.         0.        ]
   [0.         0.        ]
   [0.         0.        ]
   [0.         0.        ]
   [0.         0.        ]
   [0.         0.        ]
   [0.         0.        ]
   [0.         0.        ]
   [0.         0.        ]
   [0.         0.        ]
   [0.         0.        ]]

  [[0.         0.        ]
   [0.         0.        ]
   [0.         0.        ]
   [0.         0.        ]
   [0.         0.        ]
   [0.         0.        ]
   [0.         0.        ]
   [0.         0.        ]
   [0.         0.        ]
   [0.         0.        ]
   [0.         0.        ]
   [0.         0.        ]
   [0.         0.        ]
   [0.         0.        ]]

  [[0.         0.        ]
   [0.         0.        ]
   [0.         0.        ]
   [0.         1.3274993 ]
   [0.         1.5367385 ]
   [0.         1.1853502 ]
   [0.         0.6755869 ]
   [0.         0.6755869 ]
   [0.         0.6755869 ]
   [0.         0.6741294 ]
   [0.         0.5258075 ]
   [0.         0.        ]
   [0.         0.        ]
   [0.         0.        ]]

  [[0.         0.        ]
   [0.         0.        ]
   [0.         0.        ]
   [0.         0.5233462 ]
   [0.         0.5190531 ]
   [0.         1.0499755 ]
   [0.         1.3351307 ]
   [0.         1.5224363 ]
   [0.         1.5134934 ]
   [0.         1.4707551 ]
   [0.         2.0335634 ]
   [0.         0.        ]
   [0.         0.        ]
   [0.         0.        ]]

  [[0.         0.        ]
   [0.         0.        ]
   [0.         0.        ]
   [0.         0.        ]
   [0.         0.        ]
   [0.         0.        ]
   [0.         0.        ]
   [0.         0.        ]
   [0.         0.05038629]
   [0.         1.1878566 ]
   [0.         1.3910937 ]
   [0.         0.        ]
   [0.         0.        ]
   [0.         0.        ]]

  [[0.         0.        ]
   [0.         0.        ]
   [0.         0.        ]
   [0.         0.        ]
   [0.         0.        ]
   [0.         0.        ]
   [0.         0.        ]
   [0.         0.        ]
   [0.         0.10273819]
   [0.         2.200354  ]
   [0.         0.35052764]
   [0.         0.        ]
   [0.         0.        ]
   [0.         0.        ]]

  [[0.         0.        ]
   [0.         0.        ]
   [0.         0.        ]
   [0.         0.        ]
   [0.         0.        ]
   [0.         0.        ]
   [0.         0.        ]
   [0.         0.        ]
   [0.         1.3494476 ]
   [0.         1.21615   ]
   [0.         0.        ]
   [0.         0.        ]
   [0.         0.        ]
   [0.         0.        ]]

  [[0.         0.        ]
   [0.         0.        ]
   [0.         0.        ]
   [0.         0.        ]
   [0.         0.        ]
   [0.         0.        ]
   [0.         0.        ]
   [0.         0.1607948 ]
   [0.         2.150538  ]
   [0.         0.06418931]
   [0.         0.        ]
   [0.         0.        ]
   [0.         0.        ]
   [0.         0.        ]]

  [[0.         0.        ]
   [0.         0.        ]
   [0.         0.        ]
   [0.         0.        ]
   [0.         0.        ]
   [0.         0.        ]
   [0.         0.        ]
   [0.         1.654164  ]
   [0.         1.0678189 ]
   [0.         0.        ]
   [0.         0.        ]
   [0.         0.        ]
   [0.         0.        ]
   [0.         0.        ]]

  [[0.         0.        ]
   [0.         0.        ]
   [0.         0.        ]
   [0.         0.        ]
   [0.         0.        ]
   [0.         0.02036842]
   [0.         0.96177465]
   [0.         1.6808877 ]
   [0.         0.02415629]
   [0.         0.        ]
   [0.         0.        ]
   [0.         0.        ]
   [0.         0.        ]
   [0.         0.        ]]

  [[0.         0.        ]
   [0.         0.        ]
   [0.         0.        ]
   [0.         0.        ]
   [0.         0.        ]
   [0.         0.13114178]
   [0.         2.2799332 ]
   [0.         0.64024806]
   [0.         0.        ]
   [0.         0.        ]
   [0.         0.        ]
   [0.         0.        ]
   [0.         0.        ]
   [0.         0.        ]]

  [[0.         0.        ]
   [0.         0.        ]
   [0.         0.        ]
   [0.         0.        ]
   [0.         0.        ]
   [0.         1.157999  ]
   [0.         2.0749388 ]
   [0.         0.2845708 ]
   [0.         0.        ]
   [0.         0.        ]
   [0.         0.        ]
   [0.         0.        ]
   [0.         0.        ]
   [0.         0.        ]]

  [[0.         0.20514771]
   [0.         0.20514771]
   [0.         0.20514771]
   [0.         0.20514771]
   [0.         0.        ]
   [0.         0.22867185]
   [0.         0.56382084]
   [0.         0.20514771]
   [0.         0.20514771]
   [0.         0.20514771]
   [0.         0.20514771]
   [0.         0.20514771]
   [0.         0.20514771]
   [0.         0.13991554]]]]