[[[[0.         0.43203157 0.         0.        ]
   [0.         0.43203157 0.         0.        ]
   [0.         0.43203157 0.         0.        ]
   [0.         0.43203157 0.         0.        ]
   [0.         0.43203157 0.         0.        ]
   [0.         0.43203157 0.         0.        ]
   [0.         0.43203157 0.         0.        ]
   [0.         0.43203157 0.         0.        ]
   [0.         0.43203157 0.         0.        ]
   [0.         0.43203157 0.         0.        ]
   [0.         0.43203157 0.         0.        ]
   [0.         0.43203157 0.         0.        ]
   [0.         0.43203157 0.         0.        ]
   [0.         0.43203157 0.         0.        ]]

  [[0.         0.43203157 0.         0.        ]
   [0.         0.43203157 0.         0.        ]
   [0.         0.43203157 0.         0.        ]
   [0.         0.43203157 0.         0.        ]
   [0.         0.43203157 0.         0.        ]
   [0.         0.43203157 0.         0.        ]
   [0.         0.43203157 0.         0.        ]
   [0.         0.43203157 0.         0.        ]
   [0.         0.43203157 0.         0.        ]
   [0.         0.43203157 0.         0.        ]
   [0.         0.43203157 0.         0.        ]
   [0.         0.43203157 0.         0.        ]
   [0.         0.43203157 0.         0.        ]
   [0.         0.43203157 0.         0.        ]]

  [[0.         0.43203157 0.         0.        ]
   [0.         0.43203157 0.         0.        ]
   [0.         0.43203157 0.         0.        ]
   [0.         0.43203157 0.         0.        ]
   [0.         0.43203157 0.         0.        ]
   [0.         0.43203157 0.         0.        ]
   [0.         0.43203157 0.         0.        ]
   [0.         0.43203157 0.         0.        ]
   [0.         0.43203157 0.         0.        ]
   [0.         0.43203157 0.         0.        ]
   [0.         0.43203157 0.         0.        ]
   [0.         0.43203157 0.         0.        ]
   [0.         0.43203157 0.         0.        ]
   [0.         0.43203157 0.         0.        ]]

  [[0.         0.43203157 0.         0.        ]
   [0.         0.43203157 0.         0.        ]
   [0.         0.43203157 0.         0.        ]
   [0.         2.0202518  0.         1.24263   ]
   [0.         1.7970426  0.         1.0653352 ]
   [0.         0.9471301  0.         0.390251  ]
   [0.         0.43203157 0.         0.        ]
   [0.         0.43203157 0.         0.        ]
   [0.         0.43203157 0.         0.        ]
   [0.         0.43203157 0.         0.        ]
   [0.         0.43203157 0.         0.        ]
   [0.         0.43203157 0.         0.        ]
   [0.         0.43203157 0.         0.        ]
   [0.         0.43203157 0.         0.        ]]

  [[0.         0.43203157 0.         0.        ]
   [0.         0.43203157 0.         0.        ]
   [0.         0.43203157 0.         0.        ]
   [0.         2.6126153  0.         1.7131432 ]
   [0.         2.6126153  0.         1.7131432 ]
   [0.         2.6126153  0.         1.7131432 ]
   [0.         2.6126153  0.         1.7131432 ]
   [0.         2.6126153  0.         1.7131432 ]
   [0.         2.6126153  0.         1.7131432 ]
   [0.         2.6126153  0.         1.7131432 ]
   [0.         2.6126153  0.         1.7131432 ]
   [0.         0.43203157 0.         0.        ]
   [0.         0.43203157 0.         0.        ]
   [0.         0.43203157 0.         0.        ]]

  [[0.         0.43203157 0.         0.        ]
   [0.         0.43203157 0.         0.        ]
   [0.         0.43203157 0.         0.        ]
   [0.         0.43203157 0.         0.        ]
   [0.         0.43203157 0.         0.        ]
   [0.         0.5779761  0.         0.09703267]
   [0.         0.9986399  0.         0.4311652 ]
   [0.         1.0072248  0.         0.43798423]
   [0.         1.0072248  0.         0.43798423]
   [0.         2.6040304  0.         1.7063242 ]
   [0.         2.6126153  0.         1.7131432 ]
   [0.         0.43203157 0.         0.        ]
   [0.         0.43203157 0.         0.        ]
   [0.         0.43203157 0.         0.        ]]

  [[0.         0.43203157 0.         0.        ]
   [0.         0.43203157 0.         0.        ]
   [0.         0.43203157 0.         0.        ]
   [0.         0.43203157 0.         0.        ]
   [0.         0.43203157 0.         0.        ]
   [0.         0.43203157 0.         0.        ]
   [0.         0.43203157 0.         0.        ]
   [0.         0.43203157 0.         0.        ]
   [0.         1.5394933  0.         0.8607642 ]
   [0.         2.6212     0.         1.7199621 ]
   [0.         1.1445844  0.         0.54708874]
   [0.         0.43203157 0.         0.        ]
   [0.         0.43203157 0.         0.        ]
   [0.         0.43203157 0.         0.        ]]

  [[0.         0.43203157 0.         0.        ]
   [0.         0.43203157 0.         0.        ]
   [0.         0.43203157 0.         0.        ]
   [0.         0.43203157 0.         0.        ]
   [0.         0.43203157 0.         0.        ]
   [0.         0.43203157 0.         0.        ]
   [0.         0.43203157 0.         0.        ]
   [0.         0.43203157 0.         0.        ]
   [0.         2.6126153  0.         1.7131432 ]
   [0.         2.6126153  0.         1.7131432 ]
   [0.         0.43203157 0.         0.        ]
   [0.         0.43203157 0.         0.        ]
   [0.         0.43203157 0.         0.        ]
   [0.         0.43203157 0.         0.        ]]

  [[0.         0.43203157 0.         0.        ]
   [0.         0.43203157 0.         0.        ]
   [0.         0.43203157 0.         0.        ]
   [0.         0.43203157 0.         0.        ]
   [0.         0.43203157 0.         0.        ]
   [0.         0.43203157 0.         0.        ]
   [0.         0.43203157 0.         0.        ]
   [0.         1.5137384  0.         0.8403071 ]
   [0.         2.6126153  0.         1.7131432 ]
   [0.         0.92996013 0.         0.37661296]
   [0.         0.43203157 0.         0.        ]
   [0.         0.43203157 0.         0.        ]
   [0.         0.43203157 0.         0.        ]
   [0.         0.43203157 0.         0.        ]]

  [[0.         0.43203157 0.         0.        ]
   [0.         0.43203157 0.         0.        ]
   [0.         0.43203157 0.         0.        ]
   [0.         0.43203157 0.         0.        ]
   [0.         0.43203157 0.         0.        ]
   [0.         0.43203157 0.         0.        ]
   [0.         0.59514606 0.         0.11067073]
   [0.         2.6126153  0.         1.7131432 ]
   [0.         2.4924257  0.         1.6176767 ]
   [0.         0.43203157 0.         0.        ]
   [0.         0.43203157 0.         0.        ]
   [0.         0.43203157 0.         0.        ]
   [0.         0.43203157 0.         0.        ]
   [0.         0.43203157 0.         0.        ]]

  [[0.         0.43203157 0.         0.        ]
   [0.         0.43203157 0.         0.        ]
   [0.         0.43203157 0.         0.        ]
   [0.         0.43203157 0.         0.        ]
   [0.         0.43203157 0.         0.        ]
   [0.         0.43203157 0.         0.        ]
   [0.         2.6126153  0.         1.7131432 ]
   [0.         2.6126153  0.         1.7131432 ]
   [0.         0.7325057  0.         0.21977523]
   [0.         0.43203157 0.         0.        ]
   [0.         0.43203157 0.         0.        ]
   [0.         0.43203157 0.         0.        ]
   [0.         0.43203157 0.         0.        ]
   [0.         0.43203157 0.         0.        ]]

  [[0.         0.43203157 0.         0.        ]
   [0.         0.43203157 0.         0.        ]
   [0.         0.43203157 0.         0.        ]
   [0.         0.43203157 0.         0.        ]
   [0.         0.43203157 0.         0.        ]
   [0.         1.5738332  0.         0.88804036]
   [0.         2.6126153  0.         1.7131432 ]
   [0.         1.4193037  0.         0.7652978 ]
   [0.         0.43203157 0.         0.        ]
   [0.         0.43203157 0.         0.        ]
   [0.         0.43203157 0.         0.        ]
   [0.         0.43203157 0.         0.        ]
   [0.         0.43203157 0.         0.        ]
   [0.         0.43203157 0.         0.        ]]

  [[0.         0.43203157 0.         0.        ]
   [0.         0.43203157 0.         0.        ]
   [0.         0.43203157 0.         0.        ]
   [0.         0.43203157 0.         0.        ]
   [0.         0.43203157 0.         0.        ]
   [0.         2.6126153  0.         1.7131432 ]
   [0.         2.6126153  0.         1.7131432 ]
   [0.         0.8784503  0.         0.33569878]
   [0.         0.43203157 0.         0.        ]
   [0.         0.43203157 0.         0.        ]
   [0.         0.43203157 0.         0.        ]
   [0.         0.43203157 0.         0.        ]
   [0.         0.43203157 0.         0.        ]
   [0.         0.43203157 0.         0.        ]]

  [[0.         0.43203157 0.         0.        ]
   [0.         0.43203157 0.         0.        ]
   [0.         0.43203157 0.         0.        ]
   [0.         0.43203157 0.         0.        ]
   [0.         0.43203157 0.         0.        ]
   [0.         2.6126153  0.         1.7131432 ]
   [0.         2.2091215  0.         1.3926487 ]
   [0.         0.43203157 0.         0.        ]
   [0.         0.43203157 0.         0.        ]
   [0.         0.43203157 0.         0.        ]
   [0.         0.43203157 0.         0.        ]
   [0.         0.43203157 0.         0.        ]
   [0.         0.43203157 0.         0.        ]
   [0.         0.43203157 0.         0.        ]]]]