[[[[0.         0.         0.06855882 0.03673283 0.0659426  0.
    0.         0.17717849]
   [0.         0.         0.06855882 0.03673283 0.0659426  0.
    0.         0.17717849]
   [0.         0.         0.06855882 0.03673283 0.0659426  0.
    0.         0.17717849]
   [0.         0.         0.06855882 0.03673283 0.0659426  0.
    0.         0.17717849]
   [0.         0.         0.06855882 0.03673283 0.0659426  0.
    0.         0.17717849]
   [0.         0.         0.06855882 0.03673283 0.0659426  0.
    0.         0.17717849]
   [0.         0.         0.06855882 0.03673283 0.0659426  0.
    0.         0.17717849]
   [0.         0.         0.06855882 0.03673283 0.0659426  0.
    0.         0.17717849]
   [0.         0.         0.06855882 0.03673283 0.0659426  0.
    0.         0.17717849]
   [0.         0.         0.06855882 0.03673283 0.0659426  0.
    0.         0.17717849]
   [0.         0.         0.06855882 0.03673283 0.0659426  0.
    0.         0.17717849]
   [0.         0.         0.06855882 0.03673283 0.0659426  0.
    0.         0.17717849]
   [0.         0.         0.06855882 0.03673283 0.0659426  0.
    0.         0.17717849]
   [0.         0.         0.06855882 0.03673283 0.0659426  0.
    0.         0.17717849]]

  [[0.         0.         0.06855882 0.03673283 0.0659426  0.
    0.         0.17717849]
   [0.         0.         0.06855882 0.03673283 0.0659426  0.
    0.         0.17717849]
   [0.         0.         0.06855882 0.03673283 0.0659426  0.
    0.         0.17717849]
   [0.         0.         0.06855882 0.03673283 0.0659426  0.
    0.         0.17717849]
   [0.         0.         0.06855882 0.03673283 0.0659426  0.
    0.         0.17717849]
   [0.         0.         0.06855882 0.03673283 0.0659426  0.
    0.         0.17717849]
   [0.         0.         0.06855882 0.03673283 0.0659426  0.
    0.         0.17717849]
   [0.         0.         0.06855882 0.03673283 0.0659426  0.
    0.         0.17717849]
   [0.         0.         0.06855882 0.03673283 0.0659426  0.
    0.         0.17717849]
   [0.         0.         0.06855882 0.03673283 0.0659426  0.
    0.         0.17717849]
   [0.         0.         0.06855882 0.03673283 0.0659426  0.
    0.         0.17717849]
   [0.         0.         0.06855882 0.03673283 0.0659426  0.
    0.         0.17717849]
   [0.         0.         0.06855882 0.03673283 0.0659426  0.
    0.         0.17717849]
   [0.         0.         0.06855882 0.03673283 0.0659426  0.
    0.         0.17717849]]

  [[0.         0.         0.06855882 0.03673283 0.0659426  0.
    0.         0.17717849]
   [0.         0.         0.06855882 0.03673283 0.0659426  0.
    0.         0.17717849]
   [0.         0.         0.06855882 0.03673283 0.0659426  0.
    0.         0.17717849]
   [0.         0.         0.06855882 0.03673283 0.0659426  0.
    0.         0.17717849]
   [0.         0.         0.06855882 0.03673283 0.0659426  0.
    0.         0.17717849]
   [0.         0.         0.06855882 0.03673283 0.0659426  0.
    0.         0.17717849]
   [0.         0.         0.06855882 0.03673283 0.0659426  0.
    0.         0.17717849]
   [0.         0.         0.06855882 0.03673283 0.0659426  0.
    0.         0.17717849]
   [0.         0.         0.06855882 0.03673283 0.0659426  0.
    0.         0.17717849]
   [0.         0.         0.06855882 0.03673283 0.0659426  0.
    0.         0.17717849]
   [0.         0.         0.06855882 0.03673283 0.0659426  0.
    0.         0.17717849]
   [0.         0.         0.06855882 0.03673283 0.0659426  0.
    0.         0.17717849]
   [0.         0.         0.06855882 0.03673283 0.0659426  0.
    0.         0.17717849]
   [0.         0.         0.06855882 0.03673283 0.0659426  0.
    0.         0.17717849]]

  [[0.         0.         0.06855882 0.03673283 0.0659426  0.
    0.         0.17717849]
   [0.         0.         0.06855882 0.03673283 0.0659426  0.
    0.         0.17717849]
   [0.         0.         0.06855882 0.03673283 0.0659426  0.
    0.         0.17717849]
   [0.         0.         0.         0.         0.         0.
    0.23600388 1.8567117 ]
   [0.         0.         0.         0.         0.         0.
    0.18888721 1.6186761 ]
   [0.         0.         0.         0.         0.         0.
    0.0094813  0.71230924]
   [0.         0.         0.06855882 0.03673283 0.0659426  0.
    0.         0.17717849]
   [0.         0.         0.06855882 0.03673283 0.0659426  0.
    0.         0.17717849]
   [0.         0.         0.06855882 0.03673283 0.0659426  0.
    0.         0.17717849]
   [0.         0.         0.06855882 0.03673283 0.0659426  0.
    0.         0.17717849]
   [0.         0.         0.06855882 0.03673283 0.0659426  0.
    0.         0.17717849]
   [0.         0.         0.06855882 0.03673283 0.0659426  0.
    0.         0.17717849]
   [0.         0.         0.06855882 0.03673283 0.0659426  0.
    0.         0.17717849]
   [0.         0.         0.06855882 0.03673283 0.0659426  0.
    0.         0.17717849]]

  [[0.         0.         0.06855882 0.03673283 0.0659426  0.
    0.         0.17717849]
   [0.         0.         0.06855882 0.03673283 0.0659426  0.
    0.         0.17717849]
   [0.         0.         0.06855882 0.03673283 0.0659426  0.
    0.         0.17717849]
   [0.         0.         0.         0.         0.         0.
    0.3610444  2.4884222 ]
   [0.         0.         0.         0.         0.         0.
    0.3610444  2.4884222 ]
   [0.         0.         0.         0.         0.         0.
    0.3610444  2.4884222 ]
   [0.         0.         0.         0.         0.         0.
    0.3610444  2.4884222 ]
   [0.         0.         0.         0.         0.         0.
    0.3610444  2.4884222 ]
   [0.         0.         0.         0.         0.         0.
    0.3610444  2.4884222 ]
   [0.         0.         0.         0.         0.         0.
    0.3610444  2.4884222 ]
   [0.         0.         0.         0.         0.         0.
    0.3610444  2.4884222 ]
   [0.         0.         0.06855882 0.03673283 0.0659426  0.
    0.         0.17717849]
   [0.         0.         0.06855882 0.03673283 0.0659426  0.
    0.         0.17717849]
   [0.         0.         0.06855882 0.03673283 0.0659426  0.
    0.         0.17717849]]

  [[0.         0.         0.06855882 0.03673283 0.0659426  0.
    0.         0.17717849]
   [0.         0.         0.06855882 0.03673283 0.0659426  0.
    0.         0.17717849]
   [0.         0.         0.06855882 0.03673283 0.0659426  0.
    0.         0.17717849]
   [0.         0.         0.06855882 0.03673283 0.0659426  0.
    0.         0.17717849]
   [0.         0.         0.06855882 0.03673283 0.0659426  0.
    0.         0.17717849]
   [0.         0.         0.         0.         0.         0.
    0.         0.31863475]
   [0.         0.         0.         0.         0.         0.
    0.02035438 0.7672405 ]
   [0.         0.         0.         0.         0.         0.
    0.02216655 0.77639574]
   [0.         0.         0.         0.         0.         0.
    0.02216655 0.77639574]
   [0.         0.         0.         0.         0.         0.
    0.35923225 2.479267  ]
   [0.         0.         0.         0.         0.         0.
    0.3610444  2.4884222 ]
   [0.         0.         0.06855882 0.03673283 0.0659426  0.
    0.         0.17717849]
   [0.         0.         0.06855882 0.03673283 0.0659426  0.
    0.         0.17717849]
   [0.         0.         0.06855882 0.03673283 0.0659426  0.
    0.         0.17717849]]

  [[0.         0.         0.06855882 0.03673283 0.0659426  0.
    0.         0.17717849]
   [0.         0.         0.06855882 0.03673283 0.0659426  0.
    0.         0.17717849]
   [0.         0.         0.06855882 0.03673283 0.0659426  0.
    0.         0.17717849]
   [0.         0.         0.06855882 0.03673283 0.0659426  0.
    0.         0.17717849]
   [0.         0.         0.06855882 0.03673283 0.0659426  0.
    0.         0.17717849]
   [0.         0.         0.06855882 0.03673283 0.0659426  0.
    0.         0.17717849]
   [0.         0.         0.06855882 0.03673283 0.0659426  0.
    0.         0.17717849]
   [0.         0.         0.06855882 0.03673283 0.0659426  0.
    0.         0.17717849]
   [0.         0.         0.         0.         0.         0.
    0.13452178 1.3440194 ]
   [0.         0.         0.         0.         0.         0.
    0.36285657 2.4975772 ]
   [0.         0.         0.         0.         0.         0.
    0.05116144 0.9228793 ]
   [0.         0.         0.06855882 0.03673283 0.0659426  0.
    0.         0.17717849]
   [0.         0.         0.06855882 0.03673283 0.0659426  0.
    0.         0.17717849]
   [0.         0.         0.06855882 0.03673283 0.0659426  0.
    0.         0.17717849]]

  [[0.         0.         0.06855882 0.03673283 0.0659426  0.
    0.         0.17717849]
   [0.         0.         0.06855882 0.03673283 0.0659426  0.
    0.         0.17717849]
   [0.         0.         0.06855882 0.03673283 0.0659426  0.
    0.         0.17717849]
   [0.         0.         0.06855882 0.03673283 0.0659426  0.
    0.         0.17717849]
   [0.         0.         0.06855882 0.03673283 0.0659426  0.
    0.         0.17717849]
   [0.         0.         0.06855882 0.03673283 0.0659426  0.
    0.         0.17717849]
   [0.         0.         0.06855882 0.03673283 0.0659426  0.
    0.         0.17717849]
   [0.         0.         0.06855882 0.03673283 0.0659426  0.
    0.         0.17717849]
   [0.         0.         0.         0.         0.         0.
    0.3610444  2.4884222 ]
   [0.         0.         0.         0.         0.         0.
    0.3610444  2.4884222 ]
   [0.         0.         0.06855882 0.03673283 0.0659426  0.
    0.         0.17717849]
   [0.         0.         0.06855882 0.03673283 0.0659426  0.
    0.         0.17717849]
   [0.         0.         0.06855882 0.03673283 0.0659426  0.
    0.         0.17717849]
   [0.         0.         0.06855882 0.03673283 0.0659426  0.
    0.         0.17717849]]

  [[0.         0.         0.06855882 0.03673283 0.0659426  0.
    0.         0.17717849]
   [0.         0.         0.06855882 0.03673283 0.0659426  0.
    0.         0.17717849]
   [0.         0.         0.06855882 0.03673283 0.0659426  0.
    0.         0.17717849]
   [0.         0.         0.06855882 0.03673283 0.0659426  0.
    0.         0.17717849]
   [0.         0.         0.06855882 0.03673283 0.0659426  0.
    0.         0.17717849]
   [0.         0.         0.06855882 0.03673283 0.0659426  0.
    0.         0.17717849]
   [0.         0.         0.06855882 0.03673283 0.0659426  0.
    0.         0.17717849]
   [0.         0.         0.         0.         0.         0.
    0.12908524 1.3165538 ]
   [0.         0.         0.         0.         0.         0.
    0.3610444  2.4884222 ]
   [0.         0.         0.         0.         0.         0.
    0.00585693 0.6939988 ]
   [0.         0.         0.06855882 0.03673283 0.0659426  0.
    0.         0.17717849]
   [0.         0.         0.06855882 0.03673283 0.0659426  0.
    0.         0.17717849]
   [0.         0.         0.06855882 0.03673283 0.0659426  0.
    0.         0.17717849]
   [0.         0.         0.06855882 0.03673283 0.0659426  0.
    0.         0.17717849]]

  [[0.         0.         0.06855882 0.03673283 0.0659426  0.
    0.         0.17717849]
   [0.         0.         0.06855882 0.03673283 0.0659426  0.
    0.         0.17717849]
   [0.         0.         0.06855882 0.03673283 0.0659426  0.
    0.         0.17717849]
   [0.         0.         0.06855882 0.03673283 0.0659426  0.
    0.         0.17717849]
   [0.         0.         0.06855882 0.03673283 0.0659426  0.
    0.         0.17717849]
   [0.         0.         0.06855882 0.03673283 0.0659426  0.
    0.         0.17717849]
   [0.         0.         0.         0.         0.         0.
    0.         0.3369452 ]
   [0.         0.         0.         0.         0.         0.
    0.3610444  2.4884222 ]
   [0.         0.         0.         0.         0.         0.
    0.33567387 2.360249  ]
   [0.         0.         0.06855882 0.03673283 0.0659426  0.
    0.         0.17717849]
   [0.         0.         0.06855882 0.03673283 0.0659426  0.
    0.         0.17717849]
   [0.         0.         0.06855882 0.03673283 0.0659426  0.
    0.         0.17717849]
   [0.         0.         0.06855882 0.03673283 0.0659426  0.
    0.         0.17717849]
   [0.         0.         0.06855882 0.03673283 0.0659426  0.
    0.         0.17717849]]

  [[0.         0.         0.06855882 0.03673283 0.0659426  0.
    0.         0.17717849]
   [0.         0.         0.06855882 0.03673283 0.0659426  0.
    0.         0.17717849]
   [0.         0.         0.06855882 0.03673283 0.0659426  0.
    0.         0.17717849]
   [0.         0.         0.06855882 0.03673283 0.0659426  0.
    0.         0.17717849]
   [0.         0.         0.06855882 0.03673283 0.0659426  0.
    0.         0.17717849]
   [0.         0.         0.06855882 0.03673283 0.0659426  0.
    0.         0.17717849]
   [0.         0.         0.         0.         0.         0.
    0.3610444  2.4884222 ]
   [0.         0.         0.         0.         0.         0.
    0.3610444  2.4884222 ]
   [0.         0.         0.         0.         0.         0.
    0.         0.48342878]
   [0.         0.         0.06855882 0.03673283 0.0659426  0.
    0.         0.17717849]
   [0.         0.         0.06855882 0.03673283 0.0659426  0.
    0.         0.17717849]
   [0.         0.         0.06855882 0.03673283 0.0659426  0.
    0.         0.17717849]
   [0.         0.         0.06855882 0.03673283 0.0659426  0.
    0.         0.17717849]
   [0.         0.         0.06855882 0.03673283 0.0659426  0.
    0.         0.17717849]]

  [[0.         0.         0.06855882 0.03673283 0.0659426  0.
    0.         0.17717849]
   [0.         0.         0.06855882 0.03673283 0.0659426  0.
    0.         0.17717849]
   [0.         0.         0.06855882 0.03673283 0.0659426  0.
    0.         0.17717849]
   [0.         0.         0.06855882 0.03673283 0.0659426  0.
    0.         0.17717849]
   [0.         0.         0.06855882 0.03673283 0.0659426  0.
    0.         0.17717849]
   [0.         0.         0.         0.         0.         0.
    0.14177048 1.3806404 ]
   [0.         0.         0.         0.         0.         0.
    0.3610444  2.4884222 ]
   [0.         0.         0.         0.         0.         0.
    0.10915124 1.2158464 ]
   [0.         0.         0.06855882 0.03673283 0.0659426  0.
    0.         0.17717849]
   [0.         0.         0.06855882 0.03673283 0.0659426  0.
    0.         0.17717849]
   [0.         0.         0.06855882 0.03673283 0.0659426  0.
    0.         0.17717849]
   [0.         0.         0.06855882 0.03673283 0.0659426  0.
    0.         0.17717849]
   [0.         0.         0.06855882 0.03673283 0.0659426  0.
    0.         0.17717849]
   [0.         0.         0.06855882 0.03673283 0.0659426  0.
    0.         0.17717849]]

  [[0.         0.         0.06855882 0.03673283 0.0659426  0.
    0.         0.17717849]
   [0.         0.         0.06855882 0.03673283 0.0659426  0.
    0.         0.17717849]
   [0.         0.         0.06855882 0.03673283 0.0659426  0.
    0.         0.17717849]
   [0.         0.         0.06855882 0.03673283 0.0659426  0.
    0.         0.17717849]
   [0.         0.         0.06855882 0.03673283 0.0659426  0.
    0.         0.17717849]
   [0.         0.         0.         0.         0.         0.
    0.3610444  2.4884222 ]
   [0.         0.         0.         0.         0.         0.
    0.3610444  2.4884222 ]
   [0.         0.         0.         0.         0.         0.
    0.         0.63906753]
   [0.         0.         0.06855882 0.03673283 0.0659426  0.
    0.         0.17717849]
   [0.         0.         0.06855882 0.03673283 0.0659426  0.
    0.         0.17717849]
   [0.         0.         0.06855882 0.03673283 0.0659426  0.
    0.         0.17717849]
   [0.         0.         0.06855882 0.03673283 0.0659426  0.
    0.         0.17717849]
   [0.         0.         0.06855882 0.03673283 0.0659426  0.
    0.         0.17717849]
   [0.         0.         0.06855882 0.03673283 0.0659426  0.
    0.         0.17717849]]

  [[0.         0.         0.06855882 0.03673283 0.0659426  0.
    0.         0.17717849]
   [0.         0.         0.06855882 0.03673283 0.0659426  0.
    0.         0.17717849]
   [0.         0.         0.06855882 0.03673283 0.0659426  0.
    0.         0.17717849]
   [0.         0.         0.06855882 0.03673283 0.0659426  0.
    0.         0.17717849]
   [0.         0.         0.06855882 0.03673283 0.0659426  0.
    0.         0.17717849]
   [0.         0.         0.         0.         0.         0.
    0.3610444  2.4884222 ]
   [0.         0.         0.         0.         0.         0.
    0.2758719  2.0581267 ]
   [0.         0.         0.06855882 0.03673283 0.0659426  0.
    0.         0.17717849]
   [0.         0.         0.06855882 0.03673283 0.0659426  0.
    0.         0.17717849]
   [0.         0.         0.06855882 0.03673283 0.0659426  0.
    0.         0.17717849]
   [0.         0.         0.06855882 0.03673283 0.0659426  0.
    0.         0.17717849]
   [0.         0.         0.06855882 0.03673283 0.0659426  0.
    0.         0.17717849]
   [0.         0.         0.06855882 0.03673283 0.0659426  0.
    0.         0.17717849]
   [0.         0.         0.06855882 0.03673283 0.0659426  0.
    0.         0.17717849]]]]