[[[[0.         0.         0.25740385 0.         0.         0.
    0.         0.         0.         0.         0.         0.        ]
   [0.         0.         0.25740385 0.         0.         0.
    0.         0.         0.         0.         0.         0.        ]
   [0.         0.         0.25740385 0.         0.         0.
    0.         0.         0.         0.         0.         0.        ]
   [0.         0.         0.25740385 0.         0.         0.
    0.         0.         0.         0.         0.         0.        ]
   [0.         0.         0.25740385 0.         0.         0.
    0.         0.         0.         0.         0.         0.        ]
   [0.         0.         0.25740385 0.         0.         0.
    0.         0.         0.         0.         0.         0.        ]
   [0.         0.         0.25740385 0.         0.         0.
    0.         0.         0.         0.         0.         0.        ]]

  [[0.         0.         0.25740385 0.         0.         0.
    0.         0.         0.         0.         0.         0.        ]
   [0.         0.         0.25740385 0.         0.         0.
    0.         0.         0.         0.         0.         0.        ]
   [0.         0.         0.25740385 0.         0.         0.
    0.         0.         0.         0.         0.         0.        ]
   [0.         0.         0.25740385 0.         0.         0.
    0.         0.         0.         0.         0.         0.        ]
   [0.         0.         0.25740385 0.         0.         0.
    0.         0.         0.         0.         0.         0.        ]
   [0.         0.         0.25740385 0.         0.         0.
    0.         0.         0.         0.         0.         0.        ]
   [0.         0.         0.25740385 0.         0.         0.
    0.         0.         0.         0.         0.         0.        ]]

  [[0.         0.         0.25740385 0.         0.         0.
    0.         0.         0.         0.         0.         0.        ]
   [0.         0.         0.25740385 0.         0.         0.
    0.         0.         0.         0.         0.         0.        ]
   [0.         0.         0.         0.         0.         0.
    0.         0.         0.         0.4661702  0.         0.        ]
   [0.         0.         0.         0.         0.         0.
    0.         0.         0.         0.4661702  0.         0.        ]
   [0.         0.         0.         0.         0.         0.
    0.         0.         0.         0.4661702  0.         0.        ]
   [0.         0.         0.         0.         0.         0.
    0.         0.         0.         0.4661702  0.         0.        ]
   [0.         0.         0.25740385 0.         0.         0.
    0.         0.         0.         0.         0.         0.        ]]

  [[0.         0.         0.25740385 0.         0.         0.
    0.         0.         0.         0.         0.         0.        ]
   [0.         0.         0.25740385 0.         0.         0.
    0.         0.         0.         0.         0.         0.        ]
   [0.         0.         0.25740385 0.         0.         0.
    0.         0.         0.         0.         0.         0.        ]
   [0.         0.         0.25740385 0.         0.         0.
    0.         0.         0.         0.         0.         0.        ]
   [0.         0.         0.         0.         0.         0.
    0.         0.         0.         0.19946788 0.         0.        ]
   [0.         0.         0.         0.         0.         0.
    0.         0.         0.         0.10132144 0.         0.        ]
   [0.         0.         0.25740385 0.         0.         0.
    0.         0.         0.         0.         0.         0.        ]]

  [[0.         0.         0.25740385 0.         0.         0.
    0.         0.         0.         0.         0.         0.        ]
   [0.         0.         0.25740385 0.         0.         0.
    0.         0.         0.         0.         0.         0.        ]
   [0.         0.         0.25740385 0.         0.         0.
    0.         0.         0.         0.         0.         0.        ]
   [0.         0.         0.25740385 0.         0.         0.
    0.         0.         0.         0.         0.         0.        ]
   [0.         0.         0.         0.         0.         0.
    0.         0.         0.         0.4661702  0.         0.        ]
   [0.         0.         0.25740385 0.         0.         0.
    0.         0.         0.         0.         0.         0.        ]
   [0.         0.         0.25740385 0.         0.         0.
    0.         0.         0.         0.         0.         0.        ]]

  [[0.         0.         0.25740385 0.         0.         0.
    0.         0.         0.         0.         0.         0.        ]
   [0.         0.         0.25740385 0.         0.         0.
    0.         0.         0.         0.         0.         0.        ]
   [0.         0.         0.25740385 0.         0.         0.
    0.         0.         0.         0.         0.         0.        ]
   [0.         0.         0.         0.         0.         0.
    0.         0.         0.         0.4661702  0.         0.        ]
   [0.         0.         0.05027303 0.         0.         0.
    0.         0.         0.         0.00589283 0.         0.        ]
   [0.         0.         0.25740385 0.         0.         0.
    0.         0.         0.         0.         0.         0.        ]
   [0.         0.         0.25740385 0.         0.         0.
    0.         0.         0.         0.         0.         0.        ]]

  [[0.         0.         0.25740385 0.         0.         0.
    0.         0.         0.         0.         0.         0.        ]
   [0.         0.         0.25740385 0.         0.         0.
    0.         0.         0.         0.         0.         0.        ]
   [0.         0.         0.25740385 0.         0.         0.
    0.         0.         0.         0.         0.         0.        ]
   [0.         0.         0.         0.         0.         0.
    0.         0.         0.         0.4661702  0.         0.        ]
   [0.         0.         0.25740385 0.         0.         0.
    0.         0.         0.         0.         0.         0.        ]
   [0.         0.         0.25740385 0.         0.         0.
    0.         0.         0.         0.         0.         0.        ]
   [0.         0.         0.25740385 0.         0.         0.
    0.         0.         0.         0.         0.         0.        ]]]]