[[[[ 0.          0.          0.          0.          0.5454257
     0.4348268   0.64429533  0.34967276]
   [ 0.          0.          0.          0.          0.21812491
     0.65157074  0.9294437   0.93277836]
   [ 0.          0.          0.          0.          0.21812491
     0.65157074  0.9294437   0.93277836]
   [ 0.          0.          0.          0.          0.21812491
     0.65157074  0.9294437   0.93277836]
   [ 0.          0.          0.          0.          0.21812491
     0.65157074  0.9294437   0.93277836]
   [ 0.          0.          0.          0.          0.21812491
     0.65157074  0.9294437   0.93277836]
   [ 0.          0.          0.          0.          0.21812491
     0.65157074  0.9294437   0.93277836]
   [ 0.          0.          0.          0.          0.21812491
     0.65157074  0.9294437   0.93277836]
   [ 0.          0.          0.          0.          0.21812491
     0.65157074  0.9294437   0.93277836]
   [ 0.          0.          0.          0.          0.21812491
     0.65157074  0.9294437   0.93277836]
   [ 0.          0.          0.          0.          0.21812491
     0.65157074  0.9294437   0.93277836]
   [ 0.          0.          0.          0.          0.21812491
     0.65157074  0.9294437   0.93277836]
   [ 0.          0.          0.          0.          0.21812491
     0.65157074  0.9294437   0.93277836]
   [ 0.          0.          0.          0.          0.
     0.31732792  0.9262781   1.0084205 ]]

  [[ 0.          0.          0.          0.          1.3339651
     0.8876306   0.6745856   0.31261373]
   [ 0.          0.          0.          0.          1.3852322
     1.28864     0.84483385  1.1984762 ]
   [ 0.          0.          0.          0.          1.3852322
     1.28864     0.84483385  1.1984762 ]
   [ 0.          0.          0.          0.          1.3852322
     1.28864     0.84483385  1.1984762 ]
   [ 0.          0.          0.          0.          1.3852322
     1.28864     0.84483385  1.1984762 ]
   [ 0.          0.          0.          0.          1.3852322
     1.28864     0.84483385  1.1984762 ]
   [ 0.          0.          0.          0.          1.3852322
     1.28864     0.84483385  1.1984762 ]
   [ 0.          0.          0.          0.          1.3852322
     1.28864     0.84483385  1.1984762 ]
   [ 0.          0.          0.          0.          1.3852322
     1.28864     0.84483385  1.1984762 ]
   [ 0.          0.          0.          0.          1.3852322
     1.28864     0.84483385  1.1984762 ]
   [ 0.          0.          0.          0.          1.3852322
     1.28864     0.84483385  1.1984762 ]
   [ 0.          0.          0.          0.          1.3852322
     1.28864     0.84483385  1.1984762 ]
   [ 0.          0.          0.          0.          1.3852322
     1.28864     0.84483385  1.1984762 ]
   [ 0.          0.          0.          0.          0.7507063
     0.68822736  0.841046    1.462812  ]]

  [[ 0.          0.          0.          0.          1.3339651
     0.8876306   0.6745856   0.31261373]
   [ 0.          0.          0.          0.          1.3852322
     1.28864     0.84483385  1.1984762 ]
   [ 0.          0.          0.          0.          0.
     2.309917    1.734075    0.        ]
   [ 0.          0.          0.          0.          0.
     3.0871546   3.8967094   0.        ]
   [ 0.          0.          0.          0.          0.
     3.1449537   4.509433    1.5852834 ]
   [ 0.          0.          0.          0.          0.
     2.2154257   2.7903514   2.402781  ]
   [ 0.          0.          0.          0.          0.05147302
     1.523066    1.2983744   1.7518438 ]
   [ 0.          0.          0.          0.          1.3852322
     1.28864     0.84483385  1.1984762 ]
   [ 0.          0.          0.          0.          1.3852322
     1.28864     0.84483385  1.1984762 ]
   [ 0.          0.          0.          0.          1.3852322
     1.28864     0.84483385  1.1984762 ]
   [ 0.          0.          0.          0.          1.3852322
     1.28864     0.84483385  1.1984762 ]
   [ 0.          0.          0.          0.          1.3852322
     1.28864     0.84483385  1.1984762 ]
   [ 0.          0.          0.          0.          1.3852322
     1.28864     0.84483385  1.1984762 ]
   [ 0.          0.          0.          0.          0.7507063
     0.68822736  0.841046    1.462812  ]]

  [[ 0.          0.          0.          0.          1.3339651
     0.8876306   0.6745856   0.31261373]
   [ 0.          0.          0.          0.          1.3852322
     1.28864     0.84483385  1.1984762 ]
   [ 0.          0.          0.          0.          0.528441
     4.5941706   0.          0.        ]
   [ 0.          0.          0.          0.          0.
     7.3328624   2.3870783   0.        ]
   [ 0.          0.          0.          0.          0.
     8.480118    4.952108    1.5589863 ]
   [ 0.          0.          0.          0.          0.
     6.737213    6.2366357   1.8474413 ]
   [ 0.          0.          0.          0.          0.
     5.4287786   6.90465     0.48692423]
   [ 0.          0.          0.          0.          0.
     4.98261     7.165963    0.        ]
   [ 0.          0.          0.          0.          0.
     4.98261     7.165963    0.        ]
   [ 0.          0.          0.          0.          0.
     4.98261     7.165963    0.        ]
   [ 0.          0.          0.          0.          0.
     3.5772517   5.942476    2.3530421 ]
   [ 0.          0.          0.          0.          0.
     2.3075614   2.7931128   3.5761652 ]
   [ 0.          0.          0.          0.          1.3852322
     1.28864     0.84483385  1.1984762 ]
   [ 0.          0.          0.          0.          0.7507063
     0.68822736  0.841046    1.462812  ]]

  [[ 0.          0.          0.          0.          1.3339651
     0.8876306   0.6745856   0.31261373]
   [ 0.          0.          0.          0.          1.3852322
     1.28864     0.84483385  1.1984762 ]
   [ 0.          0.          0.          0.          5.0427227
     6.132967    0.          0.        ]
   [ 0.          0.          0.          0.          6.517176
     9.897935    0.          0.        ]
   [ 0.          0.          0.          0.          5.985779
    11.945332    0.          2.8685434 ]
   [ 0.          0.          0.          0.          2.9177203
    10.463087    0.          2.2834053 ]
   [ 0.          0.          0.          0.          0.
     9.443165    0.          0.7270617 ]
   [ 0.          0.          0.          0.          0.
     9.176089    0.          0.52195936]
   [ 0.          0.          0.          0.          0.
    10.215483    0.          0.        ]
   [ 0.          0.          0.          0.          0.
    11.158401    0.16154997  0.        ]
   [ 0.          0.          0.          0.          0.
     7.894915    3.8349807   6.1909566 ]
   [ 0.          0.          0.          0.          0.
     4.2359004   1.6354734   6.496478  ]
   [ 0.          0.          0.          0.          1.3852322
     1.28864     0.84483385  1.1984762 ]
   [ 0.          0.          0.          0.          0.7507063
     0.68822736  0.841046    1.462812  ]]

  [[ 0.          0.          0.          0.          1.3339651
     0.8876306   0.6745856   0.31261373]
   [ 0.          0.          0.          0.          1.3852322
     1.28864     0.84483385  1.1984762 ]
   [ 0.          0.          0.          0.          4.3853436
     4.356109    0.          0.        ]
   [ 0.          0.          0.          0.          8.082652
     6.678732    0.          0.        ]
   [ 0.          0.          0.          0.         11.488692
     8.867686    0.          1.5731161 ]
   [ 0.          0.          0.          0.         11.722134
     9.5194845   0.          0.81960905]
   [ 0.          0.          0.          0.         11.477365
    10.112566    0.          1.163867  ]
   [ 0.          0.          0.          0.         10.25556
    11.205978    0.          0.4546622 ]
   [ 0.          0.          0.          0.          8.621999
    14.4825      0.          0.        ]
   [ 0.          0.          0.          0.          4.6241207
    16.44924     0.          0.        ]
   [ 0.          0.          0.          0.          0.
    11.386216    0.         11.349444  ]
   [ 0.          0.          0.          0.          1.5572029
     5.5744      0.          7.73374   ]
   [ 0.          0.          0.          0.          1.3852322
     1.28864     0.84483385  1.1984762 ]
   [ 0.          0.          0.          0.          0.7507063
     0.68822736  0.841046    1.462812  ]]

  [[ 0.          0.          0.          0.          1.3339651
     0.8876306   0.6745856   0.31261373]
   [ 0.          0.          0.          0.          1.3852322
     1.28864     0.84483385  1.1984762 ]
   [ 0.          0.          0.          0.          1.3852322
     1.28864     0.84483385  1.1984762 ]
   [ 0.          0.          0.          0.          1.3852322
     1.28864     0.84483385  1.1984762 ]
   [ 0.          0.          0.          0.          1.5757715
     1.4762045   0.7418262   0.9787308 ]
   [ 0.          0.          0.          0.          2.386407
     2.2128737   0.19415958  0.34920478]
   [ 0.          0.          0.          0.          3.3223302
     2.8005748   0.          0.79736257]
   [ 0.          0.          0.          0.          2.7957683
     5.9288597   0.          0.        ]
   [ 0.          0.          0.          0.          1.8299565
    11.979637    0.          0.        ]
   [ 0.          0.          0.          0.          0.
    13.703883    0.          1.9285214 ]
   [ 0.          0.          0.          0.          1.0093668
     9.358479    0.         11.1173725 ]
   [ 0.          0.          0.          0.          4.2868805
     3.940518    0.          4.9878755 ]
   [ 0.          0.          0.          0.          1.3852322
     1.28864     0.84483385  1.1984762 ]
   [ 0.          0.          0.          0.          0.7507063
     0.68822736  0.841046    1.462812  ]]

  [[ 0.          0.          0.          0.          1.3339651
     0.8876306   0.6745856   0.31261373]
   [ 0.          0.          0.          0.          1.3852322
     1.28864     0.84483385  1.1984762 ]
   [ 0.          0.          0.          0.          1.3852322
     1.28864     0.84483385  1.1984762 ]
   [ 0.          0.          0.          0.          1.3852322
     1.28864     0.84483385  1.1984762 ]
   [ 0.          0.          0.          0.          1.3852322
     1.28864     0.84483385  1.1984762 ]
   [ 0.          0.          0.          0.          1.3852322
     1.28864     0.84483385  1.1984762 ]
   [ 0.          0.          0.          0.          0.43831962
     1.9814997   1.4482703   0.        ]
   [ 0.          0.          0.          0.          0.74670684
     7.482474    0.          0.        ]
   [ 0.          0.          0.          0.          0.09573621
    12.634398    0.          0.        ]
   [ 0.          0.          0.          0.          0.
    11.257613    0.          8.880786  ]
   [ 0.          0.          0.          0.          3.3413668
     6.2300625   0.          7.986516  ]
   [ 0.          0.          0.          0.          2.4565141
     1.9438169   0.          2.1184602 ]
   [ 0.          0.          0.          0.          1.3852322
     1.28864     0.84483385  1.1984762 ]
   [ 0.          0.          0.          0.          0.7507063
     0.68822736  0.841046    1.462812  ]]

  [[ 0.          0.          0.          0.          1.3339651
     0.8876306   0.6745856   0.31261373]
   [ 0.          0.          0.          0.          1.3852322
     1.28864     0.84483385  1.1984762 ]
   [ 0.          0.          0.          0.          1.3852322
     1.28864     0.84483385  1.1984762 ]
   [ 0.          0.          0.          0.          1.3852322
     1.28864     0.84483385  1.1984762 ]
   [ 0.          0.          0.          0.          1.3852322
     1.28864     0.84483385  1.1984762 ]
   [ 0.          0.          0.          0.          1.2605566
     1.3858956   0.92994666  1.0327568 ]
   [ 0.          0.          0.          0.          0.
     4.06808     0.5899166   0.        ]
   [ 0.          0.          0.          0.          0.
    10.81566     0.          0.        ]
   [ 0.          0.          0.          0.          0.
    12.824474    0.          1.6387327 ]
   [ 0.          0.          0.          0.          1.4399146
     9.064984    0.         10.893849  ]
   [ 0.          0.          0.          0.          4.4135323
     3.7495165   0.          4.6989555 ]
   [ 0.          0.          0.          0.          1.3852322
     1.28864     0.84483385  1.1984762 ]
   [ 0.          0.          0.          0.          1.3852322
     1.28864     0.84483385  1.1984762 ]
   [ 0.          0.          0.          0.          0.7507063
     0.68822736  0.841046    1.462812  ]]

  [[ 0.          0.          0.          0.          1.3339651
     0.8876306   0.6745856   0.31261373]
   [ 0.          0.          0.          0.          1.3852322
     1.28864     0.84483385  1.1984762 ]
   [ 0.          0.          0.          0.          1.3852322
     1.28864     0.84483385  1.1984762 ]
   [ 0.          0.          0.          0.          1.3852322
     1.28864     0.84483385  1.1984762 ]
   [ 0.          0.          0.          0.          1.3852322
     1.28864     0.84483385  1.1984762 ]
   [ 0.          0.          0.          0.          0.
     2.8736932   1.8394495   0.        ]
   [ 0.          0.          0.          0.          0.
     8.254005    0.81802106  0.        ]
   [ 0.          0.          0.          0.          0.
    12.972039    0.          0.        ]
   [ 0.          0.          0.          0.          0.
    10.671716    0.          9.269521  ]
   [ 0.          0.          0.          0.          3.5630407
     5.7919526   0.          7.4512634 ]
   [ 0.          0.          0.          0.          2.129191
     1.7428211   0.          1.8369818 ]
   [ 0.          0.          0.          0.          1.3852322
     1.28864     0.84483385  1.1984762 ]
   [ 0.          0.          0.          0.          1.3852322
     1.28864     0.84483385  1.1984762 ]
   [ 0.          0.          0.          0.          0.7507063
     0.68822736  0.841046    1.462812  ]]

  [[ 0.          0.          0.          0.          1.3339651
     0.8876306   0.6745856   0.31261373]
   [ 0.          0.          0.          0.          1.3852322
     1.28864     0.84483385  1.1984762 ]
   [ 0.          0.          0.          0.          1.3852322
     1.28864     0.84483385  1.1984762 ]
   [ 0.          0.          0.          0.          1.3852322
     1.28864     0.84483385  1.1984762 ]
   [ 0.          0.          0.          0.          0.38452837
     2.0204644   1.4821794   0.        ]
   [ 0.          0.          0.          0.          0.
     6.181086    0.13936631  0.        ]
   [ 0.          0.          0.          0.          0.
    11.955384    0.          0.        ]
   [ 0.          0.          0.          0.          0.
    12.90459     0.          4.51237   ]
   [ 0.          0.          0.          0.          4.196241
     8.212354    0.          9.552424  ]
   [ 0.          0.          0.          0.          4.346751
     3.4612372   0.          4.2755213 ]
   [ 0.          0.          0.          0.          1.3852322
     1.28864     0.84483385  1.1984762 ]
   [ 0.          0.          0.          0.          1.3852322
     1.28864     0.84483385  1.1984762 ]
   [ 0.          0.          0.          0.          1.3852322
     1.28864     0.84483385  1.1984762 ]
   [ 0.          0.          0.          0.          0.7507063
     0.68822736  0.841046    1.462812  ]]

  [[ 0.          0.          0.          0.          1.3339651
     0.8876306   0.6745856   0.31261373]
   [ 0.          0.          0.          0.          1.3852322
     1.28864     0.84483385  1.1984762 ]
   [ 0.          0.          0.          0.          1.3852322
     1.28864     0.84483385  1.1984762 ]
   [ 0.          0.          0.          0.          1.3852322
     1.28864     0.84483385  1.1984762 ]
   [ 0.          0.          0.          0.          0.22576793
     4.0552263   0.2762079   0.        ]
   [ 0.          0.          0.          0.          0.
    10.891397    0.          0.        ]
   [ 0.          0.          0.          0.          0.
    13.82022     0.          0.20679209]
   [ 0.          0.          0.          0.          0.63247174
    10.320597    0.         10.508574  ]
   [ 0.          0.          0.          0.          3.4683323
     4.6939945   0.          6.032287  ]
   [ 0.          0.          0.          0.          1.8280532
     1.5579051   0.25609776  1.5780214 ]
   [ 0.          0.          0.          0.          1.3852322
     1.28864     0.84483385  1.1984762 ]
   [ 0.          0.          0.          0.          1.3852322
     1.28864     0.84483385  1.1984762 ]
   [ 0.          0.          0.          0.          1.3852322
     1.28864     0.84483385  1.1984762 ]
   [ 0.          0.          0.          0.          0.7507063
     0.68822736  0.841046    1.462812  ]]

  [[ 0.          0.          0.          0.          1.3339651
     0.8876306   0.6745856   0.31261373]
   [ 0.          0.          0.          0.          1.3852322
     1.28864     0.84483385  1.1984762 ]
   [ 0.          0.          0.          0.          1.3852322
     1.28864     0.84483385  1.1984762 ]
   [ 0.          0.          0.          0.          1.3852322
     1.28864     0.84483385  1.1984762 ]
   [ 0.          0.          0.          0.          2.495754
     6.9064474   0.          0.        ]
   [ 0.          0.          0.          0.          1.8509493
    12.987141    0.          0.        ]
   [ 0.          0.          0.          0.          0.
    12.942021    0.          6.905916  ]
   [ 0.          0.          0.          0.          0.18768762
     7.5952187   0.          9.750272  ]
   [ 0.          0.          0.          0.          2.624011
     2.5861394   0.          3.0645936 ]
   [ 0.          0.          0.          0.          1.3852322
     1.28864     0.84483385  1.1984762 ]
   [ 0.          0.          0.          0.          1.3852322
     1.28864     0.84483385  1.1984762 ]
   [ 0.          0.          0.          0.          1.3852322
     1.28864     0.84483385  1.1984762 ]
   [ 0.          0.          0.          0.          1.3852322
     1.28864     0.84483385  1.1984762 ]
   [ 0.          0.          0.          0.          0.7507063
     0.68822736  0.841046    1.462812  ]]

  [[ 0.          0.          0.          0.          1.4533124
     0.69636136  0.2795291   0.3718568 ]
   [ 0.          0.          0.          0.          1.7941899
     1.0428542   0.2209788   0.9816798 ]
   [ 0.          0.          0.          0.          1.7941899
     1.0428542   0.2209788   0.9816798 ]
   [ 0.          0.          0.          0.          1.7941899
     1.0428542   0.2209788   0.9816798 ]
   [ 0.          0.          0.          0.          6.269657
     6.7256346   0.          0.        ]
   [ 0.          0.          0.          0.          8.788306
    10.954502    0.          0.        ]
   [ 0.          0.          0.          0.          7.3964343
     9.88395     0.          8.242103  ]
   [ 0.          0.          0.          0.          4.809482
     5.105489    0.          6.4997993 ]
   [ 0.          0.          0.          0.          2.4595912
     1.4487963   0.          1.5526305 ]
   [ 0.          0.          0.          0.          1.7941899
     1.0428542   0.2209788   0.9816798 ]
   [ 0.          0.          0.          0.          1.7941899
     1.0428542   0.2209788   0.9816798 ]
   [ 0.          0.          0.          0.          1.7941899
     1.0428542   0.2209788   0.9816798 ]
   [ 0.          0.          0.          0.          1.7941899
     1.0428542   0.2209788   0.9816798 ]
   [ 0.          0.          0.          0.          1.1604047
     0.5680519   0.33515716  1.2198417 ]]]]