[[[[0.00000000e+00 4.32031572e-01 0.00000000e+00 0.00000000e+00]
   [0.00000000e+00 4.32031572e-01 0.00000000e+00 0.00000000e+00]
   [0.00000000e+00 4.32031572e-01 0.00000000e+00 0.00000000e+00]
   [0.00000000e+00 4.32031572e-01 0.00000000e+00 0.00000000e+00]
   [0.00000000e+00 4.32031572e-01 0.00000000e+00 0.00000000e+00]
   [0.00000000e+00 4.32031572e-01 0.00000000e+00 0.00000000e+00]
   [0.00000000e+00 4.32031572e-01 0.00000000e+00 0.00000000e+00]
   [0.00000000e+00 4.32031572e-01 0.00000000e+00 0.00000000e+00]
   [0.00000000e+00 4.32031572e-01 0.00000000e+00 0.00000000e+00]
   [0.00000000e+00 4.32031572e-01 0.00000000e+00 0.00000000e+00]
   [0.00000000e+00 4.32031572e-01 0.00000000e+00 0.00000000e+00]
   [0.00000000e+00 4.32031572e-01 0.00000000e+00 0.00000000e+00]
   [0.00000000e+00 4.32031572e-01 0.00000000e+00 0.00000000e+00]
   [0.00000000e+00 4.32031572e-01 0.00000000e+00 0.00000000e+00]
   [0.00000000e+00 4.32031572e-01 0.00000000e+00 0.00000000e+00]
   [0.00000000e+00 4.32031572e-01 0.00000000e+00 0.00000000e+00]
   [0.00000000e+00 4.32031572e-01 0.00000000e+00 0.00000000e+00]
   [0.00000000e+00 4.32031572e-01 0.00000000e+00 0.00000000e+00]
   [0.00000000e+00 4.32031572e-01 0.00000000e+00 0.00000000e+00]
   [0.00000000e+00 4.32031572e-01 0.00000000e+00 0.00000000e+00]
   [0.00000000e+00 4.32031572e-01 0.00000000e+00 0.00000000e+00]
   [0.00000000e+00 4.32031572e-01 0.00000000e+00 0.00000000e+00]
   [0.00000000e+00 4.32031572e-01 0.00000000e+00 0.00000000e+00]
   [0.00000000e+00 4.32031572e-01 0.00000000e+00 0.00000000e+00]
   [0.00000000e+00 4.32031572e-01 0.00000000e+00 0.00000000e+00]
   [0.00000000e+00 4.32031572e-01 0.00000000e+00 0.00000000e+00]
   [0.00000000e+00 4.32031572e-01 0.00000000e+00 0.00000000e+00]
   [0.00000000e+00 4.32031572e-01 0.00000000e+00 0.00000000e+00]]

  [[0.00000000e+00 4.32031572e-01 0.00000000e+00 0.00000000e+00]
   [0.00000000e+00 4.32031572e-01 0.00000000e+00 0.00000000e+00]
   [0.00000000e+00 4.32031572e-01 0.00000000e+00 0.00000000e+00]
   [0.00000000e+00 4.32031572e-01 0.00000000e+00 0.00000000e+00]
   [0.00000000e+00 4.32031572e-01 0.00000000e+00 0.00000000e+00]
   [0.00000000e+00 4.32031572e-01 0.00000000e+00 0.00000000e+00]
   [0.00000000e+00 4.32031572e-01 0.00000000e+00 0.00000000e+00]
   [0.00000000e+00 4.32031572e-01 0.00000000e+00 0.00000000e+00]
   [0.00000000e+00 4.32031572e-01 0.00000000e+00 0.00000000e+00]
   [0.00000000e+00 4.32031572e-01 0.00000000e+00 0.00000000e+00]
   [0.00000000e+00 4.32031572e-01 0.00000000e+00 0.00000000e+00]
   [0.00000000e+00 4.32031572e-01 0.00000000e+00 0.00000000e+00]
   [0.00000000e+00 4.32031572e-01 0.00000000e+00 0.00000000e+00]
   [0.00000000e+00 4.32031572e-01 0.00000000e+00 0.00000000e+00]
   [0.00000000e+00 4.32031572e-01 0.00000000e+00 0.00000000e+00]
   [0.00000000e+00 4.32031572e-01 0.00000000e+00 0.00000000e+00]
   [0.00000000e+00 4.32031572e-01 0.00000000e+00 0.00000000e+00]
   [0.00000000e+00 4.32031572e-01 0.00000000e+00 0.00000000e+00]
   [0.00000000e+00 4.32031572e-01 0.00000000e+00 0.00000000e+00]
   [0.00000000e+00 4.32031572e-01 0.00000000e+00 0.00000000e+00]
   [0.00000000e+00 4.32031572e-01 0.00000000e+00 0.00000000e+00]
   [0.00000000e+00 4.32031572e-01 0.00000000e+00 0.00000000e+00]
   [0.00000000e+00 4.32031572e-01 0.00000000e+00 0.00000000e+00]
   [0.00000000e+00 4.32031572e-01 0.00000000e+00 0.00000000e+00]
   [0.00000000e+00 4.32031572e-01 0.00000000e+00 0.00000000e+00]
   [0.00000000e+00 4.32031572e-01 0.00000000e+00 0.00000000e+00]
   [0.00000000e+00 4.32031572e-01 0.00000000e+00 0.00000000e+00]
   [0.00000000e+00 4.32031572e-01 0.00000000e+00 0.00000000e+00]]

  [[0.00000000e+00 4.32031572e-01 0.00000000e+00 0.00000000e+00]
   [0.00000000e+00 4.32031572e-01 0.00000000e+00 0.00000000e+00]
   [0.00000000e+00 4.32031572e-01 0.00000000e+00 0.00000000e+00]
   [0.00000000e+00 4.32031572e-01 0.00000000e+00 0.00000000e+00]
   [0.00000000e+00 4.32031572e-01 0.00000000e+00 0.00000000e+00]
   [0.00000000e+00 4.32031572e-01 0.00000000e+00 0.00000000e+00]
   [0.00000000e+00 4.32031572e-01 0.00000000e+00 0.00000000e+00]
   [0.00000000e+00 4.32031572e-01 0.00000000e+00 0.00000000e+00]
   [0.00000000e+00 4.32031572e-01 0.00000000e+00 0.00000000e+00]
   [0.00000000e+00 4.32031572e-01 0.00000000e+00 0.00000000e+00]
   [0.00000000e+00 4.32031572e-01 0.00000000e+00 0.00000000e+00]
   [0.00000000e+00 4.32031572e-01 0.00000000e+00 0.00000000e+00]
   [0.00000000e+00 4.32031572e-01 0.00000000e+00 0.00000000e+00]
   [0.00000000e+00 4.32031572e-01 0.00000000e+00 0.00000000e+00]
   [0.00000000e+00 4.32031572e-01 0.00000000e+00 0.00000000e+00]
   [0.00000000e+00 4.32031572e-01 0.00000000e+00 0.00000000e+00]
   [0.00000000e+00 4.32031572e-01 0.00000000e+00 0.00000000e+00]
   [0.00000000e+00 4.32031572e-01 0.00000000e+00 0.00000000e+00]
   [0.00000000e+00 4.32031572e-01 0.00000000e+00 0.00000000e+00]
   [0.00000000e+00 4.32031572e-01 0.00000000e+00 0.00000000e+00]
   [0.00000000e+00 4.32031572e-01 0.00000000e+00 0.00000000e+00]
   [0.00000000e+00 4.32031572e-01 0.00000000e+00 0.00000000e+00]
   [0.00000000e+00 4.32031572e-01 0.00000000e+00 0.00000000e+00]
   [0.00000000e+00 4.32031572e-01 0.00000000e+00 0.00000000e+00]
   [0.00000000e+00 4.32031572e-01 0.00000000e+00 0.00000000e+00]
   [0.00000000e+00 4.32031572e-01 0.00000000e+00 0.00000000e+00]
   [0.00000000e+00 4.32031572e-01 0.00000000e+00 0.00000000e+00]
   [0.00000000e+00 4.32031572e-01 0.00000000e+00 0.00000000e+00]]

  [[0.00000000e+00 4.32031572e-01 0.00000000e+00 0.00000000e+00]
   [0.00000000e+00 4.32031572e-01 0.00000000e+00 0.00000000e+00]
   [0.00000000e+00 4.32031572e-01 0.00000000e+00 0.00000000e+00]
   [0.00000000e+00 4.32031572e-01 0.00000000e+00 0.00000000e+00]
   [0.00000000e+00 4.32031572e-01 0.00000000e+00 0.00000000e+00]
   [0.00000000e+00 4.32031572e-01 0.00000000e+00 0.00000000e+00]
   [0.00000000e+00 4.32031572e-01 0.00000000e+00 0.00000000e+00]
   [0.00000000e+00 4.32031572e-01 0.00000000e+00 0.00000000e+00]
   [0.00000000e+00 4.32031572e-01 0.00000000e+00 0.00000000e+00]
   [0.00000000e+00 4.32031572e-01 0.00000000e+00 0.00000000e+00]
   [0.00000000e+00 4.32031572e-01 0.00000000e+00 0.00000000e+00]
   [0.00000000e+00 4.32031572e-01 0.00000000e+00 0.00000000e+00]
   [0.00000000e+00 4.32031572e-01 0.00000000e+00 0.00000000e+00]
   [0.00000000e+00 4.32031572e-01 0.00000000e+00 0.00000000e+00]
   [0.00000000e+00 4.32031572e-01 0.00000000e+00 0.00000000e+00]
   [0.00000000e+00 4.32031572e-01 0.00000000e+00 0.00000000e+00]
   [0.00000000e+00 4.32031572e-01 0.00000000e+00 0.00000000e+00]
   [0.00000000e+00 4.32031572e-01 0.00000000e+00 0.00000000e+00]
   [0.00000000e+00 4.32031572e-01 0.00000000e+00 0.00000000e+00]
   [0.00000000e+00 4.32031572e-01 0.00000000e+00 0.00000000e+00]
   [0.00000000e+00 4.32031572e-01 0.00000000e+00 0.00000000e+00]
   [0.00000000e+00 4.32031572e-01 0.00000000e+00 0.00000000e+00]
   [0.00000000e+00 4.32031572e-01 0.00000000e+00 0.00000000e+00]
   [0.00000000e+00 4.32031572e-01 0.00000000e+00 0.00000000e+00]
   [0.00000000e+00 4.32031572e-01 0.00000000e+00 0.00000000e+00]
   [0.00000000e+00 4.32031572e-01 0.00000000e+00 0.00000000e+00]
   [0.00000000e+00 4.32031572e-01 0.00000000e+00 0.00000000e+00]
   [0.00000000e+00 4.32031572e-01 0.00000000e+00 0.00000000e+00]]

  [[0.00000000e+00 4.32031572e-01 0.00000000e+00 0.00000000e+00]
   [0.00000000e+00 4.32031572e-01 0.00000000e+00 0.00000000e+00]
   [0.00000000e+00 4.32031572e-01 0.00000000e+00 0.00000000e+00]
   [0.00000000e+00 4.32031572e-01 0.00000000e+00 0.00000000e+00]
   [0.00000000e+00 4.32031572e-01 0.00000000e+00 0.00000000e+00]
   [0.00000000e+00 4.32031572e-01 0.00000000e+00 0.00000000e+00]
   [0.00000000e+00 4.32031572e-01 0.00000000e+00 0.00000000e+00]
   [0.00000000e+00 4.32031572e-01 0.00000000e+00 0.00000000e+00]
   [0.00000000e+00 4.32031572e-01 0.00000000e+00 0.00000000e+00]
   [0.00000000e+00 4.32031572e-01 0.00000000e+00 0.00000000e+00]
   [0.00000000e+00 4.32031572e-01 0.00000000e+00 0.00000000e+00]
   [0.00000000e+00 4.32031572e-01 0.00000000e+00 0.00000000e+00]
   [0.00000000e+00 4.32031572e-01 0.00000000e+00 0.00000000e+00]
   [0.00000000e+00 4.32031572e-01 0.00000000e+00 0.00000000e+00]
   [0.00000000e+00 4.32031572e-01 0.00000000e+00 0.00000000e+00]
   [0.00000000e+00 4.32031572e-01 0.00000000e+00 0.00000000e+00]
   [0.00000000e+00 4.32031572e-01 0.00000000e+00 0.00000000e+00]
   [0.00000000e+00 4.32031572e-01 0.00000000e+00 0.00000000e+00]
   [0.00000000e+00 4.32031572e-01 0.00000000e+00 0.00000000e+00]
   [0.00000000e+00 4.32031572e-01 0.00000000e+00 0.00000000e+00]
   [0.00000000e+00 4.32031572e-01 0.00000000e+00 0.00000000e+00]
   [0.00000000e+00 4.32031572e-01 0.00000000e+00 0.00000000e+00]
   [0.00000000e+00 4.32031572e-01 0.00000000e+00 0.00000000e+00]
   [0.00000000e+00 4.32031572e-01 0.00000000e+00 0.00000000e+00]
   [0.00000000e+00 4.32031572e-01 0.00000000e+00 0.00000000e+00]
   [0.00000000e+00 4.32031572e-01 0.00000000e+00 0.00000000e+00]
   [0.00000000e+00 4.32031572e-01 0.00000000e+00 0.00000000e+00]
   [0.00000000e+00 4.32031572e-01 0.00000000e+00 0.00000000e+00]]

  [[0.00000000e+00 4.32031572e-01 0.00000000e+00 0.00000000e+00]
   [0.00000000e+00 4.32031572e-01 0.00000000e+00 0.00000000e+00]
   [0.00000000e+00 4.32031572e-01 0.00000000e+00 0.00000000e+00]
   [0.00000000e+00 4.32031572e-01 0.00000000e+00 0.00000000e+00]
   [0.00000000e+00 4.32031572e-01 0.00000000e+00 0.00000000e+00]
   [0.00000000e+00 4.32031572e-01 0.00000000e+00 0.00000000e+00]
   [0.00000000e+00 4.32031572e-01 0.00000000e+00 0.00000000e+00]
   [0.00000000e+00 4.32031572e-01 0.00000000e+00 0.00000000e+00]
   [0.00000000e+00 4.32031572e-01 0.00000000e+00 0.00000000e+00]
   [0.00000000e+00 4.32031572e-01 0.00000000e+00 0.00000000e+00]
   [0.00000000e+00 4.32031572e-01 0.00000000e+00 0.00000000e+00]
   [0.00000000e+00 4.32031572e-01 0.00000000e+00 0.00000000e+00]
   [0.00000000e+00 4.32031572e-01 0.00000000e+00 0.00000000e+00]
   [0.00000000e+00 4.32031572e-01 0.00000000e+00 0.00000000e+00]
   [0.00000000e+00 4.32031572e-01 0.00000000e+00 0.00000000e+00]
   [0.00000000e+00 4.32031572e-01 0.00000000e+00 0.00000000e+00]
   [0.00000000e+00 4.32031572e-01 0.00000000e+00 0.00000000e+00]
   [0.00000000e+00 4.32031572e-01 0.00000000e+00 0.00000000e+00]
   [0.00000000e+00 4.32031572e-01 0.00000000e+00 0.00000000e+00]
   [0.00000000e+00 4.32031572e-01 0.00000000e+00 0.00000000e+00]
   [0.00000000e+00 4.32031572e-01 0.00000000e+00 0.00000000e+00]
   [0.00000000e+00 4.32031572e-01 0.00000000e+00 0.00000000e+00]
   [0.00000000e+00 4.32031572e-01 0.00000000e+00 0.00000000e+00]
   [0.00000000e+00 4.32031572e-01 0.00000000e+00 0.00000000e+00]
   [0.00000000e+00 4.32031572e-01 0.00000000e+00 0.00000000e+00]
   [0.00000000e+00 4.32031572e-01 0.00000000e+00 0.00000000e+00]
   [0.00000000e+00 4.32031572e-01 0.00000000e+00 0.00000000e+00]
   [0.00000000e+00 4.32031572e-01 0.00000000e+00 0.00000000e+00]]

  [[0.00000000e+00 4.32031572e-01 0.00000000e+00 0.00000000e+00]
   [0.00000000e+00 4.32031572e-01 0.00000000e+00 0.00000000e+00]
   [0.00000000e+00 4.32031572e-01 0.00000000e+00 0.00000000e+00]
   [0.00000000e+00 4.32031572e-01 0.00000000e+00 0.00000000e+00]
   [0.00000000e+00 4.32031572e-01 0.00000000e+00 0.00000000e+00]
   [0.00000000e+00 4.32031572e-01 0.00000000e+00 0.00000000e+00]
   [0.00000000e+00 4.32031572e-01 0.00000000e+00 0.00000000e+00]
   [0.00000000e+00 4.32031572e-01 0.00000000e+00 0.00000000e+00]
   [0.00000000e+00 4.32031572e-01 0.00000000e+00 0.00000000e+00]
   [0.00000000e+00 4.32031572e-01 0.00000000e+00 0.00000000e+00]
   [0.00000000e+00 4.32031572e-01 0.00000000e+00 0.00000000e+00]
   [0.00000000e+00 4.32031572e-01 0.00000000e+00 0.00000000e+00]
   [0.00000000e+00 4.32031572e-01 0.00000000e+00 0.00000000e+00]
   [0.00000000e+00 4.32031572e-01 0.00000000e+00 0.00000000e+00]
   [0.00000000e+00 4.32031572e-01 0.00000000e+00 0.00000000e+00]
   [0.00000000e+00 4.32031572e-01 0.00000000e+00 0.00000000e+00]
   [0.00000000e+00 4.32031572e-01 0.00000000e+00 0.00000000e+00]
   [0.00000000e+00 4.32031572e-01 0.00000000e+00 0.00000000e+00]
   [0.00000000e+00 4.32031572e-01 0.00000000e+00 0.00000000e+00]
   [0.00000000e+00 4.32031572e-01 0.00000000e+00 0.00000000e+00]
   [0.00000000e+00 4.32031572e-01 0.00000000e+00 0.00000000e+00]
   [0.00000000e+00 4.32031572e-01 0.00000000e+00 0.00000000e+00]
   [0.00000000e+00 4.32031572e-01 0.00000000e+00 0.00000000e+00]
   [0.00000000e+00 4.32031572e-01 0.00000000e+00 0.00000000e+00]
   [0.00000000e+00 4.32031572e-01 0.00000000e+00 0.00000000e+00]
   [0.00000000e+00 4.32031572e-01 0.00000000e+00 0.00000000e+00]
   [0.00000000e+00 4.32031572e-01 0.00000000e+00 0.00000000e+00]
   [0.00000000e+00 4.32031572e-01 0.00000000e+00 0.00000000e+00]]

  [[0.00000000e+00 4.32031572e-01 0.00000000e+00 0.00000000e+00]
   [0.00000000e+00 4.32031572e-01 0.00000000e+00 0.00000000e+00]
   [0.00000000e+00 4.32031572e-01 0.00000000e+00 0.00000000e+00]
   [0.00000000e+00 4.32031572e-01 0.00000000e+00 0.00000000e+00]
   [0.00000000e+00 4.32031572e-01 0.00000000e+00 0.00000000e+00]
   [0.00000000e+00 4.32031572e-01 0.00000000e+00 0.00000000e+00]
   [0.00000000e+00 1.15316939e+00 0.00000000e+00 5.53907812e-01]
   [0.00000000e+00 2.02025175e+00 0.00000000e+00 1.24263000e+00]
   [0.00000000e+00 1.79704261e+00 0.00000000e+00 1.06533515e+00]
   [0.00000000e+00 1.72836280e+00 0.00000000e+00 1.01078296e+00]
   [0.00000000e+00 9.47130084e-01 0.00000000e+00 3.90251011e-01]
   [0.00000000e+00 7.41090655e-01 0.00000000e+00 2.26594269e-01]
   [0.00000000e+00 4.32031572e-01 0.00000000e+00 0.00000000e+00]
   [0.00000000e+00 4.32031572e-01 0.00000000e+00 0.00000000e+00]
   [0.00000000e+00 4.32031572e-01 0.00000000e+00 0.00000000e+00]
   [0.00000000e+00 4.32031572e-01 0.00000000e+00 0.00000000e+00]
   [0.00000000e+00 4.32031572e-01 0.00000000e+00 0.00000000e+00]
   [0.00000000e+00 4.32031572e-01 0.00000000e+00 0.00000000e+00]
   [0.00000000e+00 4.32031572e-01 0.00000000e+00 0.00000000e+00]
   [0.00000000e+00 4.32031572e-01 0.00000000e+00 0.00000000e+00]
   [0.00000000e+00 4.32031572e-01 0.00000000e+00 0.00000000e+00]
   [0.00000000e+00 4.32031572e-01 0.00000000e+00 0.00000000e+00]
   [0.00000000e+00 4.32031572e-01 0.00000000e+00 0.00000000e+00]
   [0.00000000e+00 4.32031572e-01 0.00000000e+00 0.00000000e+00]
   [0.00000000e+00 4.32031572e-01 0.00000000e+00 0.00000000e+00]
   [0.00000000e+00 4.32031572e-01 0.00000000e+00 0.00000000e+00]
   [0.00000000e+00 4.32031572e-01 0.00000000e+00 0.00000000e+00]
   [0.00000000e+00 4.32031572e-01 0.00000000e+00 0.00000000e+00]]

  [[0.00000000e+00 4.32031572e-01 0.00000000e+00 0.00000000e+00]
   [0.00000000e+00 4.32031572e-01 0.00000000e+00 0.00000000e+00]
   [0.00000000e+00 4.32031572e-01 0.00000000e+00 0.00000000e+00]
   [0.00000000e+00 4.32031572e-01 0.00000000e+00 0.00000000e+00]
   [0.00000000e+00 4.32031572e-01 0.00000000e+00 0.00000000e+00]
   [0.00000000e+00 4.32031572e-01 0.00000000e+00 0.00000000e+00]
   [0.00000000e+00 2.33789611e+00 0.00000000e+00 1.49493420e+00]
   [0.00000000e+00 2.61261535e+00 0.00000000e+00 1.71314323e+00]
   [0.00000000e+00 2.61261535e+00 0.00000000e+00 1.71314323e+00]
   [0.00000000e+00 2.61261535e+00 0.00000000e+00 1.71314323e+00]
   [0.00000000e+00 2.61261535e+00 0.00000000e+00 1.71314323e+00]
   [0.00000000e+00 2.50101066e+00 0.00000000e+00 1.62449574e+00]
   [0.00000000e+00 2.13185668e+00 0.00000000e+00 1.33127749e+00]
   [0.00000000e+00 2.13185668e+00 0.00000000e+00 1.33127749e+00]
   [0.00000000e+00 2.13185668e+00 0.00000000e+00 1.33127749e+00]
   [0.00000000e+00 2.13185668e+00 0.00000000e+00 1.33127749e+00]
   [0.00000000e+00 2.13185668e+00 0.00000000e+00 1.33127749e+00]
   [0.00000000e+00 2.13185668e+00 0.00000000e+00 1.33127749e+00]
   [0.00000000e+00 2.13185668e+00 0.00000000e+00 1.33127749e+00]
   [0.00000000e+00 2.13185668e+00 0.00000000e+00 1.33127749e+00]
   [0.00000000e+00 1.89147735e+00 0.00000000e+00 1.14034450e+00]
   [0.00000000e+00 8.78450274e-01 0.00000000e+00 3.35698783e-01]
   [0.00000000e+00 4.32031572e-01 0.00000000e+00 0.00000000e+00]
   [0.00000000e+00 4.32031572e-01 0.00000000e+00 0.00000000e+00]
   [0.00000000e+00 4.32031572e-01 0.00000000e+00 0.00000000e+00]
   [0.00000000e+00 4.32031572e-01 0.00000000e+00 0.00000000e+00]
   [0.00000000e+00 4.32031572e-01 0.00000000e+00 0.00000000e+00]
   [0.00000000e+00 4.32031572e-01 0.00000000e+00 0.00000000e+00]]

  [[0.00000000e+00 4.32031572e-01 0.00000000e+00 0.00000000e+00]
   [0.00000000e+00 4.32031572e-01 0.00000000e+00 0.00000000e+00]
   [0.00000000e+00 4.32031572e-01 0.00000000e+00 0.00000000e+00]
   [0.00000000e+00 4.32031572e-01 0.00000000e+00 0.00000000e+00]
   [0.00000000e+00 4.32031572e-01 0.00000000e+00 0.00000000e+00]
   [0.00000000e+00 4.32031572e-01 0.00000000e+00 0.00000000e+00]
   [0.00000000e+00 1.00722480e+00 0.00000000e+00 4.37984228e-01]
   [0.00000000e+00 1.41071868e+00 0.00000000e+00 7.58478761e-01]
   [0.00000000e+00 1.05014968e+00 0.00000000e+00 4.72079396e-01]
   [0.00000000e+00 1.41071868e+00 0.00000000e+00 7.58478761e-01]
   [0.00000000e+00 1.83138251e+00 0.00000000e+00 1.09261131e+00]
   [0.00000000e+00 2.38082099e+00 0.00000000e+00 1.52902937e+00]
   [0.00000000e+00 2.61261535e+00 0.00000000e+00 1.71314323e+00]
   [0.00000000e+00 2.36365104e+00 0.00000000e+00 1.51539135e+00]
   [0.00000000e+00 2.61261535e+00 0.00000000e+00 1.71314323e+00]
   [0.00000000e+00 2.61261535e+00 0.00000000e+00 1.71314323e+00]
   [0.00000000e+00 2.61261535e+00 0.00000000e+00 1.71314323e+00]
   [0.00000000e+00 2.57827544e+00 0.00000000e+00 1.68586707e+00]
   [0.00000000e+00 2.39799094e+00 0.00000000e+00 1.54266739e+00]
   [0.00000000e+00 2.61261535e+00 0.00000000e+00 1.71314323e+00]
   [0.00000000e+00 2.61261535e+00 0.00000000e+00 1.71314323e+00]
   [0.00000000e+00 1.63392806e+00 0.00000000e+00 9.35773551e-01]
   [0.00000000e+00 4.32031572e-01 0.00000000e+00 0.00000000e+00]
   [0.00000000e+00 4.32031572e-01 0.00000000e+00 0.00000000e+00]
   [0.00000000e+00 4.32031572e-01 0.00000000e+00 0.00000000e+00]
   [0.00000000e+00 4.32031572e-01 0.00000000e+00 0.00000000e+00]
   [0.00000000e+00 4.32031572e-01 0.00000000e+00 0.00000000e+00]
   [0.00000000e+00 4.32031572e-01 0.00000000e+00 0.00000000e+00]]

  [[0.00000000e+00 4.32031572e-01 0.00000000e+00 0.00000000e+00]
   [0.00000000e+00 4.32031572e-01 0.00000000e+00 0.00000000e+00]
   [0.00000000e+00 4.32031572e-01 0.00000000e+00 0.00000000e+00]
   [0.00000000e+00 4.32031572e-01 0.00000000e+00 0.00000000e+00]
   [0.00000000e+00 4.32031572e-01 0.00000000e+00 0.00000000e+00]
   [0.00000000e+00 4.32031572e-01 0.00000000e+00 0.00000000e+00]
   [0.00000000e+00 4.32031572e-01 0.00000000e+00 0.00000000e+00]
   [0.00000000e+00 4.32031572e-01 0.00000000e+00 0.00000000e+00]
   [0.00000000e+00 4.32031572e-01 0.00000000e+00 0.00000000e+00]
   [0.00000000e+00 4.32031572e-01 0.00000000e+00 0.00000000e+00]
   [0.00000000e+00 4.32031572e-01 0.00000000e+00 0.00000000e+00]
   [0.00000000e+00 5.77976108e-01 0.00000000e+00 9.70326662e-02]
   [0.00000000e+00 9.98639882e-01 0.00000000e+00 4.31165189e-01]
   [0.00000000e+00 5.52221239e-01 0.00000000e+00 7.65755624e-02]
   [0.00000000e+00 1.00722480e+00 0.00000000e+00 4.37984228e-01]
   [0.00000000e+00 1.00722480e+00 0.00000000e+00 4.37984228e-01]
   [0.00000000e+00 1.00722480e+00 0.00000000e+00 4.37984228e-01]
   [0.00000000e+00 9.38545108e-01 0.00000000e+00 3.83432001e-01]
   [0.00000000e+00 6.12316012e-01 0.00000000e+00 1.24308795e-01]
   [0.00000000e+00 2.45808578e+00 0.00000000e+00 1.59040070e+00]
   [0.00000000e+00 2.61261535e+00 0.00000000e+00 1.71314323e+00]
   [0.00000000e+00 1.34203887e+00 0.00000000e+00 7.03926504e-01]
   [0.00000000e+00 4.32031572e-01 0.00000000e+00 0.00000000e+00]
   [0.00000000e+00 4.32031572e-01 0.00000000e+00 0.00000000e+00]
   [0.00000000e+00 4.32031572e-01 0.00000000e+00 0.00000000e+00]
   [0.00000000e+00 4.32031572e-01 0.00000000e+00 0.00000000e+00]
   [0.00000000e+00 4.32031572e-01 0.00000000e+00 0.00000000e+00]
   [0.00000000e+00 4.32031572e-01 0.00000000e+00 0.00000000e+00]]

  [[0.00000000e+00 4.32031572e-01 0.00000000e+00 0.00000000e+00]
   [0.00000000e+00 4.32031572e-01 0.00000000e+00 0.00000000e+00]
   [0.00000000e+00 4.32031572e-01 0.00000000e+00 0.00000000e+00]
   [0.00000000e+00 4.32031572e-01 0.00000000e+00 0.00000000e+00]
   [0.00000000e+00 4.32031572e-01 0.00000000e+00 0.00000000e+00]
   [0.00000000e+00 4.32031572e-01 0.00000000e+00 0.00000000e+00]
   [0.00000000e+00 4.32031572e-01 0.00000000e+00 0.00000000e+00]
   [0.00000000e+00 4.32031572e-01 0.00000000e+00 0.00000000e+00]
   [0.00000000e+00 4.32031572e-01 0.00000000e+00 0.00000000e+00]
   [0.00000000e+00 4.32031572e-01 0.00000000e+00 0.00000000e+00]
   [0.00000000e+00 4.32031572e-01 0.00000000e+00 0.00000000e+00]
   [0.00000000e+00 4.32031572e-01 0.00000000e+00 0.00000000e+00]
   [0.00000000e+00 4.32031572e-01 0.00000000e+00 0.00000000e+00]
   [0.00000000e+00 4.32031572e-01 0.00000000e+00 0.00000000e+00]
   [0.00000000e+00 4.32031572e-01 0.00000000e+00 0.00000000e+00]
   [0.00000000e+00 4.32031572e-01 0.00000000e+00 0.00000000e+00]
   [0.00000000e+00 4.32031572e-01 0.00000000e+00 0.00000000e+00]
   [0.00000000e+00 4.32031572e-01 0.00000000e+00 0.00000000e+00]
   [0.00000000e+00 1.14458442e+00 0.00000000e+00 5.47088742e-01]
   [0.00000000e+00 2.60403037e+00 0.00000000e+00 1.70632422e+00]
   [0.00000000e+00 2.22629142e+00 0.00000000e+00 1.40628684e+00]
   [0.00000000e+00 5.86561084e-01 0.00000000e+00 1.03851691e-01]
   [0.00000000e+00 4.32031572e-01 0.00000000e+00 0.00000000e+00]
   [0.00000000e+00 4.32031572e-01 0.00000000e+00 0.00000000e+00]
   [0.00000000e+00 4.32031572e-01 0.00000000e+00 0.00000000e+00]
   [0.00000000e+00 4.32031572e-01 0.00000000e+00 0.00000000e+00]
   [0.00000000e+00 4.32031572e-01 0.00000000e+00 0.00000000e+00]
   [0.00000000e+00 4.32031572e-01 0.00000000e+00 0.00000000e+00]]

  [[0.00000000e+00 4.32031572e-01 0.00000000e+00 0.00000000e+00]
   [0.00000000e+00 4.32031572e-01 0.00000000e+00 0.00000000e+00]
   [0.00000000e+00 4.32031572e-01 0.00000000e+00 0.00000000e+00]
   [0.00000000e+00 4.32031572e-01 0.00000000e+00 0.00000000e+00]
   [0.00000000e+00 4.32031572e-01 0.00000000e+00 0.00000000e+00]
   [0.00000000e+00 4.32031572e-01 0.00000000e+00 0.00000000e+00]
   [0.00000000e+00 4.32031572e-01 0.00000000e+00 0.00000000e+00]
   [0.00000000e+00 4.32031572e-01 0.00000000e+00 0.00000000e+00]
   [0.00000000e+00 4.32031572e-01 0.00000000e+00 0.00000000e+00]
   [0.00000000e+00 4.32031572e-01 0.00000000e+00 0.00000000e+00]
   [0.00000000e+00 4.32031572e-01 0.00000000e+00 0.00000000e+00]
   [0.00000000e+00 4.32031572e-01 0.00000000e+00 0.00000000e+00]
   [0.00000000e+00 4.32031572e-01 0.00000000e+00 0.00000000e+00]
   [0.00000000e+00 4.32031572e-01 0.00000000e+00 0.00000000e+00]
   [0.00000000e+00 4.32031572e-01 0.00000000e+00 0.00000000e+00]
   [0.00000000e+00 4.32031572e-01 0.00000000e+00 0.00000000e+00]
   [0.00000000e+00 4.32031572e-01 0.00000000e+00 0.00000000e+00]
   [0.00000000e+00 6.20900989e-01 0.00000000e+00 1.31127819e-01]
   [0.00000000e+00 2.43233085e+00 0.00000000e+00 1.56994355e+00]
   [0.00000000e+00 2.62120008e+00 0.00000000e+00 1.71996212e+00]
   [0.00000000e+00 1.14458442e+00 0.00000000e+00 5.47088742e-01]
   [0.00000000e+00 4.32031572e-01 0.00000000e+00 0.00000000e+00]
   [0.00000000e+00 4.32031572e-01 0.00000000e+00 0.00000000e+00]
   [0.00000000e+00 4.32031572e-01 0.00000000e+00 0.00000000e+00]
   [0.00000000e+00 4.32031572e-01 0.00000000e+00 0.00000000e+00]
   [0.00000000e+00 4.32031572e-01 0.00000000e+00 0.00000000e+00]
   [0.00000000e+00 4.32031572e-01 0.00000000e+00 0.00000000e+00]
   [0.00000000e+00 4.32031572e-01 0.00000000e+00 0.00000000e+00]]

  [[0.00000000e+00 4.32031572e-01 0.00000000e+00 0.00000000e+00]
   [0.00000000e+00 4.32031572e-01 0.00000000e+00 0.00000000e+00]
   [0.00000000e+00 4.32031572e-01 0.00000000e+00 0.00000000e+00]
   [0.00000000e+00 4.32031572e-01 0.00000000e+00 0.00000000e+00]
   [0.00000000e+00 4.32031572e-01 0.00000000e+00 0.00000000e+00]
   [0.00000000e+00 4.32031572e-01 0.00000000e+00 0.00000000e+00]
   [0.00000000e+00 4.32031572e-01 0.00000000e+00 0.00000000e+00]
   [0.00000000e+00 4.32031572e-01 0.00000000e+00 0.00000000e+00]
   [0.00000000e+00 4.32031572e-01 0.00000000e+00 0.00000000e+00]
   [0.00000000e+00 4.32031572e-01 0.00000000e+00 0.00000000e+00]
   [0.00000000e+00 4.32031572e-01 0.00000000e+00 0.00000000e+00]
   [0.00000000e+00 4.32031572e-01 0.00000000e+00 0.00000000e+00]
   [0.00000000e+00 4.32031572e-01 0.00000000e+00 0.00000000e+00]
   [0.00000000e+00 4.32031572e-01 0.00000000e+00 0.00000000e+00]
   [0.00000000e+00 4.32031572e-01 0.00000000e+00 0.00000000e+00]
   [0.00000000e+00 4.32031572e-01 0.00000000e+00 0.00000000e+00]
   [0.00000000e+00 4.32031572e-01 0.00000000e+00 0.00000000e+00]
   [0.00000000e+00 1.53949332e+00 0.00000000e+00 8.60764205e-01]
   [0.00000000e+00 2.61261535e+00 0.00000000e+00 1.71314323e+00]
   [0.00000000e+00 2.47525573e+00 0.00000000e+00 1.60403872e+00]
   [0.00000000e+00 8.09770465e-01 0.00000000e+00 2.81146497e-01]
   [0.00000000e+00 4.32031572e-01 0.00000000e+00 0.00000000e+00]
   [0.00000000e+00 4.32031572e-01 0.00000000e+00 0.00000000e+00]
   [0.00000000e+00 4.32031572e-01 0.00000000e+00 0.00000000e+00]
   [0.00000000e+00 4.32031572e-01 0.00000000e+00 0.00000000e+00]
   [0.00000000e+00 4.32031572e-01 0.00000000e+00 0.00000000e+00]
   [0.00000000e+00 4.32031572e-01 0.00000000e+00 0.00000000e+00]
   [0.00000000e+00 4.32031572e-01 0.00000000e+00 0.00000000e+00]]

  [[0.00000000e+00 4.32031572e-01 0.00000000e+00 0.00000000e+00]
   [0.00000000e+00 4.32031572e-01 0.00000000e+00 0.00000000e+00]
   [0.00000000e+00 4.32031572e-01 0.00000000e+00 0.00000000e+00]
   [0.00000000e+00 4.32031572e-01 0.00000000e+00 0.00000000e+00]
   [0.00000000e+00 4.32031572e-01 0.00000000e+00 0.00000000e+00]
   [0.00000000e+00 4.32031572e-01 0.00000000e+00 0.00000000e+00]
   [0.00000000e+00 4.32031572e-01 0.00000000e+00 0.00000000e+00]
   [0.00000000e+00 4.32031572e-01 0.00000000e+00 0.00000000e+00]
   [0.00000000e+00 4.32031572e-01 0.00000000e+00 0.00000000e+00]
   [0.00000000e+00 4.32031572e-01 0.00000000e+00 0.00000000e+00]
   [0.00000000e+00 4.32031572e-01 0.00000000e+00 0.00000000e+00]
   [0.00000000e+00 4.32031572e-01 0.00000000e+00 0.00000000e+00]
   [0.00000000e+00 4.32031572e-01 0.00000000e+00 0.00000000e+00]
   [0.00000000e+00 4.32031572e-01 0.00000000e+00 0.00000000e+00]
   [0.00000000e+00 4.32031572e-01 0.00000000e+00 0.00000000e+00]
   [0.00000000e+00 4.32031572e-01 0.00000000e+00 0.00000000e+00]
   [0.00000000e+00 9.38545108e-01 0.00000000e+00 3.83432001e-01]
   [0.00000000e+00 2.56969047e+00 0.00000000e+00 1.67904806e+00]
   [0.00000000e+00 2.61261535e+00 0.00000000e+00 1.71314323e+00]
   [0.00000000e+00 9.64300036e-01 0.00000000e+00 4.03889090e-01]
   [0.00000000e+00 4.32031572e-01 0.00000000e+00 0.00000000e+00]
   [0.00000000e+00 4.32031572e-01 0.00000000e+00 0.00000000e+00]
   [0.00000000e+00 4.32031572e-01 0.00000000e+00 0.00000000e+00]
   [0.00000000e+00 4.32031572e-01 0.00000000e+00 0.00000000e+00]
   [0.00000000e+00 4.32031572e-01 0.00000000e+00 0.00000000e+00]
   [0.00000000e+00 4.32031572e-01 0.00000000e+00 0.00000000e+00]
   [0.00000000e+00 4.32031572e-01 0.00000000e+00 0.00000000e+00]
   [0.00000000e+00 4.32031572e-01 0.00000000e+00 0.00000000e+00]]

  [[0.00000000e+00 4.32031572e-01 0.00000000e+00 0.00000000e+00]
   [0.00000000e+00 4.32031572e-01 0.00000000e+00 0.00000000e+00]
   [0.00000000e+00 4.32031572e-01 0.00000000e+00 0.00000000e+00]
   [0.00000000e+00 4.32031572e-01 0.00000000e+00 0.00000000e+00]
   [0.00000000e+00 4.32031572e-01 0.00000000e+00 0.00000000e+00]
   [0.00000000e+00 4.32031572e-01 0.00000000e+00 0.00000000e+00]
   [0.00000000e+00 4.32031572e-01 0.00000000e+00 0.00000000e+00]
   [0.00000000e+00 4.32031572e-01 0.00000000e+00 0.00000000e+00]
   [0.00000000e+00 4.32031572e-01 0.00000000e+00 0.00000000e+00]
   [0.00000000e+00 4.32031572e-01 0.00000000e+00 0.00000000e+00]
   [0.00000000e+00 4.32031572e-01 0.00000000e+00 0.00000000e+00]
   [0.00000000e+00 4.32031572e-01 0.00000000e+00 0.00000000e+00]
   [0.00000000e+00 4.32031572e-01 0.00000000e+00 0.00000000e+00]
   [0.00000000e+00 4.32031572e-01 0.00000000e+00 0.00000000e+00]
   [0.00000000e+00 4.32031572e-01 0.00000000e+00 0.00000000e+00]
   [0.00000000e+00 4.32031572e-01 0.00000000e+00 0.00000000e+00]
   [0.00000000e+00 1.57383323e+00 0.00000000e+00 8.88040364e-01]
   [0.00000000e+00 2.61261535e+00 0.00000000e+00 1.71314323e+00]
   [0.00000000e+00 2.03742170e+00 0.00000000e+00 1.25626802e+00]
   [0.00000000e+00 4.74956453e-01 0.00000000e+00 1.52042806e-02]
   [0.00000000e+00 4.32031572e-01 0.00000000e+00 0.00000000e+00]
   [0.00000000e+00 4.32031572e-01 0.00000000e+00 0.00000000e+00]
   [0.00000000e+00 4.32031572e-01 0.00000000e+00 0.00000000e+00]
   [0.00000000e+00 4.32031572e-01 0.00000000e+00 0.00000000e+00]
   [0.00000000e+00 4.32031572e-01 0.00000000e+00 0.00000000e+00]
   [0.00000000e+00 4.32031572e-01 0.00000000e+00 0.00000000e+00]
   [0.00000000e+00 4.32031572e-01 0.00000000e+00 0.00000000e+00]
   [0.00000000e+00 4.32031572e-01 0.00000000e+00 0.00000000e+00]]

  [[0.00000000e+00 4.32031572e-01 0.00000000e+00 0.00000000e+00]
   [0.00000000e+00 4.32031572e-01 0.00000000e+00 0.00000000e+00]
   [0.00000000e+00 4.32031572e-01 0.00000000e+00 0.00000000e+00]
   [0.00000000e+00 4.32031572e-01 0.00000000e+00 0.00000000e+00]
   [0.00000000e+00 4.32031572e-01 0.00000000e+00 0.00000000e+00]
   [0.00000000e+00 4.32031572e-01 0.00000000e+00 0.00000000e+00]
   [0.00000000e+00 4.32031572e-01 0.00000000e+00 0.00000000e+00]
   [0.00000000e+00 4.32031572e-01 0.00000000e+00 0.00000000e+00]
   [0.00000000e+00 4.32031572e-01 0.00000000e+00 0.00000000e+00]
   [0.00000000e+00 4.32031572e-01 0.00000000e+00 0.00000000e+00]
   [0.00000000e+00 4.32031572e-01 0.00000000e+00 0.00000000e+00]
   [0.00000000e+00 4.32031572e-01 0.00000000e+00 0.00000000e+00]
   [0.00000000e+00 4.32031572e-01 0.00000000e+00 0.00000000e+00]
   [0.00000000e+00 4.32031572e-01 0.00000000e+00 0.00000000e+00]
   [0.00000000e+00 4.32031572e-01 0.00000000e+00 0.00000000e+00]
   [0.00000000e+00 5.09296358e-01 0.00000000e+00 4.24804091e-02]
   [0.00000000e+00 2.19195151e+00 0.00000000e+00 1.37901068e+00]
   [0.00000000e+00 2.56110549e+00 0.00000000e+00 1.67222905e+00]
   [0.00000000e+00 9.29960132e-01 0.00000000e+00 3.76612961e-01]
   [0.00000000e+00 4.32031572e-01 0.00000000e+00 0.00000000e+00]
   [0.00000000e+00 4.32031572e-01 0.00000000e+00 0.00000000e+00]
   [0.00000000e+00 4.32031572e-01 0.00000000e+00 0.00000000e+00]
   [0.00000000e+00 4.32031572e-01 0.00000000e+00 0.00000000e+00]
   [0.00000000e+00 4.32031572e-01 0.00000000e+00 0.00000000e+00]
   [0.00000000e+00 4.32031572e-01 0.00000000e+00 0.00000000e+00]
   [0.00000000e+00 4.32031572e-01 0.00000000e+00 0.00000000e+00]
   [0.00000000e+00 4.32031572e-01 0.00000000e+00 0.00000000e+00]
   [0.00000000e+00 4.32031572e-01 0.00000000e+00 0.00000000e+00]]

  [[0.00000000e+00 4.32031572e-01 0.00000000e+00 0.00000000e+00]
   [0.00000000e+00 4.32031572e-01 0.00000000e+00 0.00000000e+00]
   [0.00000000e+00 4.32031572e-01 0.00000000e+00 0.00000000e+00]
   [0.00000000e+00 4.32031572e-01 0.00000000e+00 0.00000000e+00]
   [0.00000000e+00 4.32031572e-01 0.00000000e+00 0.00000000e+00]
   [0.00000000e+00 4.32031572e-01 0.00000000e+00 0.00000000e+00]
   [0.00000000e+00 4.32031572e-01 0.00000000e+00 0.00000000e+00]
   [0.00000000e+00 4.32031572e-01 0.00000000e+00 0.00000000e+00]
   [0.00000000e+00 4.32031572e-01 0.00000000e+00 0.00000000e+00]
   [0.00000000e+00 4.32031572e-01 0.00000000e+00 0.00000000e+00]
   [0.00000000e+00 4.32031572e-01 0.00000000e+00 0.00000000e+00]
   [0.00000000e+00 4.32031572e-01 0.00000000e+00 0.00000000e+00]
   [0.00000000e+00 4.32031572e-01 0.00000000e+00 0.00000000e+00]
   [0.00000000e+00 4.32031572e-01 0.00000000e+00 0.00000000e+00]
   [0.00000000e+00 4.32031572e-01 0.00000000e+00 0.00000000e+00]
   [0.00000000e+00 1.51373839e+00 0.00000000e+00 8.40307117e-01]
   [0.00000000e+00 2.61261535e+00 0.00000000e+00 1.71314323e+00]
   [0.00000000e+00 1.99449682e+00 0.00000000e+00 1.22217286e+00]
   [0.00000000e+00 4.32031572e-01 0.00000000e+00 0.00000000e+00]
   [0.00000000e+00 4.32031572e-01 0.00000000e+00 0.00000000e+00]
   [0.00000000e+00 4.32031572e-01 0.00000000e+00 0.00000000e+00]
   [0.00000000e+00 4.32031572e-01 0.00000000e+00 0.00000000e+00]
   [0.00000000e+00 4.32031572e-01 0.00000000e+00 0.00000000e+00]
   [0.00000000e+00 4.32031572e-01 0.00000000e+00 0.00000000e+00]
   [0.00000000e+00 4.32031572e-01 0.00000000e+00 0.00000000e+00]
   [0.00000000e+00 4.32031572e-01 0.00000000e+00 0.00000000e+00]
   [0.00000000e+00 4.32031572e-01 0.00000000e+00 0.00000000e+00]
   [0.00000000e+00 4.32031572e-01 0.00000000e+00 0.00000000e+00]]

  [[0.00000000e+00 4.32031572e-01 0.00000000e+00 0.00000000e+00]
   [0.00000000e+00 4.32031572e-01 0.00000000e+00 0.00000000e+00]
   [0.00000000e+00 4.32031572e-01 0.00000000e+00 0.00000000e+00]
   [0.00000000e+00 4.32031572e-01 0.00000000e+00 0.00000000e+00]
   [0.00000000e+00 4.32031572e-01 0.00000000e+00 0.00000000e+00]
   [0.00000000e+00 4.32031572e-01 0.00000000e+00 0.00000000e+00]
   [0.00000000e+00 4.32031572e-01 0.00000000e+00 0.00000000e+00]
   [0.00000000e+00 4.32031572e-01 0.00000000e+00 0.00000000e+00]
   [0.00000000e+00 4.32031572e-01 0.00000000e+00 0.00000000e+00]
   [0.00000000e+00 4.32031572e-01 0.00000000e+00 0.00000000e+00]
   [0.00000000e+00 4.32031572e-01 0.00000000e+00 0.00000000e+00]
   [0.00000000e+00 4.32031572e-01 0.00000000e+00 0.00000000e+00]
   [0.00000000e+00 4.32031572e-01 0.00000000e+00 0.00000000e+00]
   [0.00000000e+00 4.32031572e-01 0.00000000e+00 0.00000000e+00]
   [0.00000000e+00 1.07590461e+00 0.00000000e+00 4.92536455e-01]
   [0.00000000e+00 2.58686042e+00 0.00000000e+00 1.69268608e+00]
   [0.00000000e+00 2.49242568e+00 0.00000000e+00 1.61767673e+00]
   [0.00000000e+00 9.21375155e-01 0.00000000e+00 3.69793922e-01]
   [0.00000000e+00 4.32031572e-01 0.00000000e+00 0.00000000e+00]
   [0.00000000e+00 4.32031572e-01 0.00000000e+00 0.00000000e+00]
   [0.00000000e+00 4.32031572e-01 0.00000000e+00 0.00000000e+00]
   [0.00000000e+00 4.32031572e-01 0.00000000e+00 0.00000000e+00]
   [0.00000000e+00 4.32031572e-01 0.00000000e+00 0.00000000e+00]
   [0.00000000e+00 4.32031572e-01 0.00000000e+00 0.00000000e+00]
   [0.00000000e+00 4.32031572e-01 0.00000000e+00 0.00000000e+00]
   [0.00000000e+00 4.32031572e-01 0.00000000e+00 0.00000000e+00]
   [0.00000000e+00 4.32031572e-01 0.00000000e+00 0.00000000e+00]
   [0.00000000e+00 4.32031572e-01 0.00000000e+00 0.00000000e+00]]

  [[0.00000000e+00 4.32031572e-01 0.00000000e+00 0.00000000e+00]
   [0.00000000e+00 4.32031572e-01 0.00000000e+00 0.00000000e+00]
   [0.00000000e+00 4.32031572e-01 0.00000000e+00 0.00000000e+00]
   [0.00000000e+00 4.32031572e-01 0.00000000e+00 0.00000000e+00]
   [0.00000000e+00 4.32031572e-01 0.00000000e+00 0.00000000e+00]
   [0.00000000e+00 4.32031572e-01 0.00000000e+00 0.00000000e+00]
   [0.00000000e+00 4.32031572e-01 0.00000000e+00 0.00000000e+00]
   [0.00000000e+00 4.32031572e-01 0.00000000e+00 0.00000000e+00]
   [0.00000000e+00 4.32031572e-01 0.00000000e+00 0.00000000e+00]
   [0.00000000e+00 4.32031572e-01 0.00000000e+00 0.00000000e+00]
   [0.00000000e+00 4.32031572e-01 0.00000000e+00 0.00000000e+00]
   [0.00000000e+00 4.32031572e-01 0.00000000e+00 0.00000000e+00]
   [0.00000000e+00 4.32031572e-01 0.00000000e+00 0.00000000e+00]
   [0.00000000e+00 5.95146060e-01 0.00000000e+00 1.10670730e-01]
   [0.00000000e+00 2.32931113e+00 0.00000000e+00 1.48811519e+00]
   [0.00000000e+00 2.61261535e+00 0.00000000e+00 1.71314323e+00]
   [0.00000000e+00 1.85713744e+00 0.00000000e+00 1.11306834e+00]
   [0.00000000e+00 4.32031572e-01 0.00000000e+00 0.00000000e+00]
   [0.00000000e+00 4.32031572e-01 0.00000000e+00 0.00000000e+00]
   [0.00000000e+00 4.32031572e-01 0.00000000e+00 0.00000000e+00]
   [0.00000000e+00 4.32031572e-01 0.00000000e+00 0.00000000e+00]
   [0.00000000e+00 4.32031572e-01 0.00000000e+00 0.00000000e+00]
   [0.00000000e+00 4.32031572e-01 0.00000000e+00 0.00000000e+00]
   [0.00000000e+00 4.32031572e-01 0.00000000e+00 0.00000000e+00]
   [0.00000000e+00 4.32031572e-01 0.00000000e+00 0.00000000e+00]
   [0.00000000e+00 4.32031572e-01 0.00000000e+00 0.00000000e+00]
   [0.00000000e+00 4.32031572e-01 0.00000000e+00 0.00000000e+00]
   [0.00000000e+00 4.32031572e-01 0.00000000e+00 0.00000000e+00]]

  [[0.00000000e+00 4.32031572e-01 0.00000000e+00 0.00000000e+00]
   [0.00000000e+00 4.32031572e-01 0.00000000e+00 0.00000000e+00]
   [0.00000000e+00 4.32031572e-01 0.00000000e+00 0.00000000e+00]
   [0.00000000e+00 4.32031572e-01 0.00000000e+00 0.00000000e+00]
   [0.00000000e+00 4.32031572e-01 0.00000000e+00 0.00000000e+00]
   [0.00000000e+00 4.32031572e-01 0.00000000e+00 0.00000000e+00]
   [0.00000000e+00 4.32031572e-01 0.00000000e+00 0.00000000e+00]
   [0.00000000e+00 4.32031572e-01 0.00000000e+00 0.00000000e+00]
   [0.00000000e+00 4.32031572e-01 0.00000000e+00 0.00000000e+00]
   [0.00000000e+00 4.32031572e-01 0.00000000e+00 0.00000000e+00]
   [0.00000000e+00 4.32031572e-01 0.00000000e+00 0.00000000e+00]
   [0.00000000e+00 4.32031572e-01 0.00000000e+00 0.00000000e+00]
   [0.00000000e+00 4.57786500e-01 0.00000000e+00 1.56622007e-03]
   [0.00000000e+00 2.17478156e+00 0.00000000e+00 1.36537266e+00]
   [0.00000000e+00 2.61261535e+00 0.00000000e+00 1.71314323e+00]
   [0.00000000e+00 2.31214118e+00 0.00000000e+00 1.47447705e+00]
   [0.00000000e+00 7.32505679e-01 0.00000000e+00 2.19775230e-01]
   [0.00000000e+00 4.32031572e-01 0.00000000e+00 0.00000000e+00]
   [0.00000000e+00 4.32031572e-01 0.00000000e+00 0.00000000e+00]
   [0.00000000e+00 4.32031572e-01 0.00000000e+00 0.00000000e+00]
   [0.00000000e+00 4.32031572e-01 0.00000000e+00 0.00000000e+00]
   [0.00000000e+00 4.32031572e-01 0.00000000e+00 0.00000000e+00]
   [0.00000000e+00 4.32031572e-01 0.00000000e+00 0.00000000e+00]
   [0.00000000e+00 4.32031572e-01 0.00000000e+00 0.00000000e+00]
   [0.00000000e+00 4.32031572e-01 0.00000000e+00 0.00000000e+00]
   [0.00000000e+00 4.32031572e-01 0.00000000e+00 0.00000000e+00]
   [0.00000000e+00 4.32031572e-01 0.00000000e+00 0.00000000e+00]
   [0.00000000e+00 4.32031572e-01 0.00000000e+00 0.00000000e+00]]

  [[0.00000000e+00 4.32031572e-01 0.00000000e+00 0.00000000e+00]
   [0.00000000e+00 4.32031572e-01 0.00000000e+00 0.00000000e+00]
   [0.00000000e+00 4.32031572e-01 0.00000000e+00 0.00000000e+00]
   [0.00000000e+00 4.32031572e-01 0.00000000e+00 0.00000000e+00]
   [0.00000000e+00 4.32031572e-01 0.00000000e+00 0.00000000e+00]
   [0.00000000e+00 4.32031572e-01 0.00000000e+00 0.00000000e+00]
   [0.00000000e+00 4.32031572e-01 0.00000000e+00 0.00000000e+00]
   [0.00000000e+00 4.32031572e-01 0.00000000e+00 0.00000000e+00]
   [0.00000000e+00 4.32031572e-01 0.00000000e+00 0.00000000e+00]
   [0.00000000e+00 4.32031572e-01 0.00000000e+00 0.00000000e+00]
   [0.00000000e+00 4.32031572e-01 0.00000000e+00 0.00000000e+00]
   [0.00000000e+00 4.32031572e-01 0.00000000e+00 0.00000000e+00]
   [0.00000000e+00 7.58260608e-01 0.00000000e+00 2.40232334e-01]
   [0.00000000e+00 2.61261535e+00 0.00000000e+00 1.71314323e+00]
   [0.00000000e+00 2.61261535e+00 0.00000000e+00 1.71314323e+00]
   [0.00000000e+00 1.09307456e+00 0.00000000e+00 5.06174564e-01]
   [0.00000000e+00 4.32031572e-01 0.00000000e+00 0.00000000e+00]
   [0.00000000e+00 4.32031572e-01 0.00000000e+00 0.00000000e+00]
   [0.00000000e+00 4.32031572e-01 0.00000000e+00 0.00000000e+00]
   [0.00000000e+00 4.32031572e-01 0.00000000e+00 0.00000000e+00]
   [0.00000000e+00 4.32031572e-01 0.00000000e+00 0.00000000e+00]
   [0.00000000e+00 4.32031572e-01 0.00000000e+00 0.00000000e+00]
   [0.00000000e+00 4.32031572e-01 0.00000000e+00 0.00000000e+00]
   [0.00000000e+00 4.32031572e-01 0.00000000e+00 0.00000000e+00]
   [0.00000000e+00 4.32031572e-01 0.00000000e+00 0.00000000e+00]
   [0.00000000e+00 4.32031572e-01 0.00000000e+00 0.00000000e+00]
   [0.00000000e+00 4.32031572e-01 0.00000000e+00 0.00000000e+00]
   [0.00000000e+00 4.32031572e-01 0.00000000e+00 0.00000000e+00]]

  [[0.00000000e+00 4.32031572e-01 0.00000000e+00 0.00000000e+00]
   [0.00000000e+00 4.32031572e-01 0.00000000e+00 0.00000000e+00]
   [0.00000000e+00 4.32031572e-01 0.00000000e+00 0.00000000e+00]
   [0.00000000e+00 4.32031572e-01 0.00000000e+00 0.00000000e+00]
   [0.00000000e+00 4.32031572e-01 0.00000000e+00 0.00000000e+00]
   [0.00000000e+00 4.32031572e-01 0.00000000e+00 0.00000000e+00]
   [0.00000000e+00 4.32031572e-01 0.00000000e+00 0.00000000e+00]
   [0.00000000e+00 4.32031572e-01 0.00000000e+00 0.00000000e+00]
   [0.00000000e+00 4.32031572e-01 0.00000000e+00 0.00000000e+00]
   [0.00000000e+00 4.32031572e-01 0.00000000e+00 0.00000000e+00]
   [0.00000000e+00 4.32031572e-01 0.00000000e+00 0.00000000e+00]
   [0.00000000e+00 6.98165774e-01 0.00000000e+00 1.92499116e-01]
   [0.00000000e+00 2.35506606e+00 0.00000000e+00 1.50857222e+00]
   [0.00000000e+00 2.61261535e+00 0.00000000e+00 1.71314323e+00]
   [0.00000000e+00 1.41930366e+00 0.00000000e+00 7.65297771e-01]
   [0.00000000e+00 4.40616548e-01 0.00000000e+00 0.00000000e+00]
   [0.00000000e+00 4.32031572e-01 0.00000000e+00 0.00000000e+00]
   [0.00000000e+00 4.32031572e-01 0.00000000e+00 0.00000000e+00]
   [0.00000000e+00 4.32031572e-01 0.00000000e+00 0.00000000e+00]
   [0.00000000e+00 4.32031572e-01 0.00000000e+00 0.00000000e+00]
   [0.00000000e+00 4.32031572e-01 0.00000000e+00 0.00000000e+00]
   [0.00000000e+00 4.32031572e-01 0.00000000e+00 0.00000000e+00]
   [0.00000000e+00 4.32031572e-01 0.00000000e+00 0.00000000e+00]
   [0.00000000e+00 4.32031572e-01 0.00000000e+00 0.00000000e+00]
   [0.00000000e+00 4.32031572e-01 0.00000000e+00 0.00000000e+00]
   [0.00000000e+00 4.32031572e-01 0.00000000e+00 0.00000000e+00]
   [0.00000000e+00 4.32031572e-01 0.00000000e+00 0.00000000e+00]
   [0.00000000e+00 4.32031572e-01 0.00000000e+00 0.00000000e+00]]

  [[0.00000000e+00 4.32031572e-01 0.00000000e+00 0.00000000e+00]
   [0.00000000e+00 4.32031572e-01 0.00000000e+00 0.00000000e+00]
   [0.00000000e+00 4.32031572e-01 0.00000000e+00 0.00000000e+00]
   [0.00000000e+00 4.32031572e-01 0.00000000e+00 0.00000000e+00]
   [0.00000000e+00 4.32031572e-01 0.00000000e+00 0.00000000e+00]
   [0.00000000e+00 4.32031572e-01 0.00000000e+00 0.00000000e+00]
   [0.00000000e+00 4.32031572e-01 0.00000000e+00 0.00000000e+00]
   [0.00000000e+00 4.32031572e-01 0.00000000e+00 0.00000000e+00]
   [0.00000000e+00 4.32031572e-01 0.00000000e+00 0.00000000e+00]
   [0.00000000e+00 4.32031572e-01 0.00000000e+00 0.00000000e+00]
   [0.00000000e+00 4.32031572e-01 0.00000000e+00 0.00000000e+00]
   [0.00000000e+00 1.57383323e+00 0.00000000e+00 8.88040364e-01]
   [0.00000000e+00 2.61261535e+00 0.00000000e+00 1.71314323e+00]
   [0.00000000e+00 2.61261535e+00 0.00000000e+00 1.71314323e+00]
   [0.00000000e+00 8.78450274e-01 0.00000000e+00 3.35698783e-01]
   [0.00000000e+00 4.32031572e-01 0.00000000e+00 0.00000000e+00]
   [0.00000000e+00 4.32031572e-01 0.00000000e+00 0.00000000e+00]
   [0.00000000e+00 4.32031572e-01 0.00000000e+00 0.00000000e+00]
   [0.00000000e+00 4.32031572e-01 0.00000000e+00 0.00000000e+00]
   [0.00000000e+00 4.32031572e-01 0.00000000e+00 0.00000000e+00]
   [0.00000000e+00 4.32031572e-01 0.00000000e+00 0.00000000e+00]
   [0.00000000e+00 4.32031572e-01 0.00000000e+00 0.00000000e+00]
   [0.00000000e+00 4.32031572e-01 0.00000000e+00 0.00000000e+00]
   [0.00000000e+00 4.32031572e-01 0.00000000e+00 0.00000000e+00]
   [0.00000000e+00 4.32031572e-01 0.00000000e+00 0.00000000e+00]
   [0.00000000e+00 4.32031572e-01 0.00000000e+00 0.00000000e+00]
   [0.00000000e+00 4.32031572e-01 0.00000000e+00 0.00000000e+00]
   [0.00000000e+00 4.32031572e-01 0.00000000e+00 0.00000000e+00]]

  [[0.00000000e+00 4.32031572e-01 0.00000000e+00 0.00000000e+00]
   [0.00000000e+00 4.32031572e-01 0.00000000e+00 0.00000000e+00]
   [0.00000000e+00 4.32031572e-01 0.00000000e+00 0.00000000e+00]
   [0.00000000e+00 4.32031572e-01 0.00000000e+00 0.00000000e+00]
   [0.00000000e+00 4.32031572e-01 0.00000000e+00 0.00000000e+00]
   [0.00000000e+00 4.32031572e-01 0.00000000e+00 0.00000000e+00]
   [0.00000000e+00 4.32031572e-01 0.00000000e+00 0.00000000e+00]
   [0.00000000e+00 4.32031572e-01 0.00000000e+00 0.00000000e+00]
   [0.00000000e+00 4.32031572e-01 0.00000000e+00 0.00000000e+00]
   [0.00000000e+00 4.32031572e-01 0.00000000e+00 0.00000000e+00]
   [0.00000000e+00 9.55715060e-01 0.00000000e+00 3.97070050e-01]
   [0.00000000e+00 2.50959563e+00 0.00000000e+00 1.63131487e+00]
   [0.00000000e+00 2.61261535e+00 0.00000000e+00 1.71314323e+00]
   [0.00000000e+00 2.61261535e+00 0.00000000e+00 1.71314323e+00]
   [0.00000000e+00 8.78450274e-01 0.00000000e+00 3.35698783e-01]
   [0.00000000e+00 4.32031572e-01 0.00000000e+00 0.00000000e+00]
   [0.00000000e+00 4.32031572e-01 0.00000000e+00 0.00000000e+00]
   [0.00000000e+00 4.32031572e-01 0.00000000e+00 0.00000000e+00]
   [0.00000000e+00 4.32031572e-01 0.00000000e+00 0.00000000e+00]
   [0.00000000e+00 4.32031572e-01 0.00000000e+00 0.00000000e+00]
   [0.00000000e+00 4.32031572e-01 0.00000000e+00 0.00000000e+00]
   [0.00000000e+00 4.32031572e-01 0.00000000e+00 0.00000000e+00]
   [0.00000000e+00 4.32031572e-01 0.00000000e+00 0.00000000e+00]
   [0.00000000e+00 4.32031572e-01 0.00000000e+00 0.00000000e+00]
   [0.00000000e+00 4.32031572e-01 0.00000000e+00 0.00000000e+00]
   [0.00000000e+00 4.32031572e-01 0.00000000e+00 0.00000000e+00]
   [0.00000000e+00 4.32031572e-01 0.00000000e+00 0.00000000e+00]
   [0.00000000e+00 4.32031572e-01 0.00000000e+00 0.00000000e+00]]

  [[0.00000000e+00 4.32031572e-01 0.00000000e+00 0.00000000e+00]
   [0.00000000e+00 4.32031572e-01 0.00000000e+00 0.00000000e+00]
   [0.00000000e+00 4.32031572e-01 0.00000000e+00 0.00000000e+00]
   [0.00000000e+00 4.32031572e-01 0.00000000e+00 0.00000000e+00]
   [0.00000000e+00 4.32031572e-01 0.00000000e+00 0.00000000e+00]
   [0.00000000e+00 4.32031572e-01 0.00000000e+00 0.00000000e+00]
   [0.00000000e+00 4.32031572e-01 0.00000000e+00 0.00000000e+00]
   [0.00000000e+00 4.32031572e-01 0.00000000e+00 0.00000000e+00]
   [0.00000000e+00 4.32031572e-01 0.00000000e+00 0.00000000e+00]
   [0.00000000e+00 4.32031572e-01 0.00000000e+00 0.00000000e+00]
   [0.00000000e+00 1.47081351e+00 0.00000000e+00 8.06212008e-01]
   [0.00000000e+00 2.61261535e+00 0.00000000e+00 1.71314323e+00]
   [0.00000000e+00 2.61261535e+00 0.00000000e+00 1.71314323e+00]
   [0.00000000e+00 2.31214118e+00 0.00000000e+00 1.47447705e+00]
   [0.00000000e+00 7.75430560e-01 0.00000000e+00 2.53870368e-01]
   [0.00000000e+00 4.32031572e-01 0.00000000e+00 0.00000000e+00]
   [0.00000000e+00 4.32031572e-01 0.00000000e+00 0.00000000e+00]
   [0.00000000e+00 4.32031572e-01 0.00000000e+00 0.00000000e+00]
   [0.00000000e+00 4.32031572e-01 0.00000000e+00 0.00000000e+00]
   [0.00000000e+00 4.32031572e-01 0.00000000e+00 0.00000000e+00]
   [0.00000000e+00 4.32031572e-01 0.00000000e+00 0.00000000e+00]
   [0.00000000e+00 4.32031572e-01 0.00000000e+00 0.00000000e+00]
   [0.00000000e+00 4.32031572e-01 0.00000000e+00 0.00000000e+00]
   [0.00000000e+00 4.32031572e-01 0.00000000e+00 0.00000000e+00]
   [0.00000000e+00 4.32031572e-01 0.00000000e+00 0.00000000e+00]
   [0.00000000e+00 4.32031572e-01 0.00000000e+00 0.00000000e+00]
   [0.00000000e+00 4.32031572e-01 0.00000000e+00 0.00000000e+00]
   [0.00000000e+00 4.32031572e-01 0.00000000e+00 0.00000000e+00]]

  [[0.00000000e+00 4.32031572e-01 0.00000000e+00 0.00000000e+00]
   [0.00000000e+00 4.32031572e-01 0.00000000e+00 0.00000000e+00]
   [0.00000000e+00 4.32031572e-01 0.00000000e+00 0.00000000e+00]
   [0.00000000e+00 4.32031572e-01 0.00000000e+00 0.00000000e+00]
   [0.00000000e+00 4.32031572e-01 0.00000000e+00 0.00000000e+00]
   [0.00000000e+00 4.32031572e-01 0.00000000e+00 0.00000000e+00]
   [0.00000000e+00 4.32031572e-01 0.00000000e+00 0.00000000e+00]
   [0.00000000e+00 4.32031572e-01 0.00000000e+00 0.00000000e+00]
   [0.00000000e+00 4.32031572e-01 0.00000000e+00 0.00000000e+00]
   [0.00000000e+00 4.32031572e-01 0.00000000e+00 0.00000000e+00]
   [0.00000000e+00 1.47081351e+00 0.00000000e+00 8.06212008e-01]
   [0.00000000e+00 2.61261535e+00 0.00000000e+00 1.71314323e+00]
   [0.00000000e+00 2.20912147e+00 0.00000000e+00 1.39264870e+00]
   [0.00000000e+00 5.86561084e-01 0.00000000e+00 1.03851691e-01]
   [0.00000000e+00 4.32031572e-01 0.00000000e+00 0.00000000e+00]
   [0.00000000e+00 4.32031572e-01 0.00000000e+00 0.00000000e+00]
   [0.00000000e+00 4.32031572e-01 0.00000000e+00 0.00000000e+00]
   [0.00000000e+00 4.32031572e-01 0.00000000e+00 0.00000000e+00]
   [0.00000000e+00 4.32031572e-01 0.00000000e+00 0.00000000e+00]
   [0.00000000e+00 4.32031572e-01 0.00000000e+00 0.00000000e+00]
   [0.00000000e+00 4.32031572e-01 0.00000000e+00 0.00000000e+00]
   [0.00000000e+00 4.32031572e-01 0.00000000e+00 0.00000000e+00]
   [0.00000000e+00 4.32031572e-01 0.00000000e+00 0.00000000e+00]
   [0.00000000e+00 4.32031572e-01 0.00000000e+00 0.00000000e+00]
   [0.00000000e+00 4.32031572e-01 0.00000000e+00 0.00000000e+00]
   [0.00000000e+00 4.32031572e-01 0.00000000e+00 0.00000000e+00]
   [0.00000000e+00 4.32031572e-01 0.00000000e+00 0.00000000e+00]
   [0.00000000e+00 4.32031572e-01 0.00000000e+00 0.00000000e+00]]

  [[0.00000000e+00 4.32031572e-01 0.00000000e+00 0.00000000e+00]
   [0.00000000e+00 4.32031572e-01 0.00000000e+00 0.00000000e+00]
   [0.00000000e+00 4.32031572e-01 0.00000000e+00 0.00000000e+00]
   [0.00000000e+00 4.32031572e-01 0.00000000e+00 0.00000000e+00]
   [0.00000000e+00 4.32031572e-01 0.00000000e+00 0.00000000e+00]
   [0.00000000e+00 4.32031572e-01 0.00000000e+00 0.00000000e+00]
   [0.00000000e+00 4.32031572e-01 0.00000000e+00 0.00000000e+00]
   [0.00000000e+00 4.32031572e-01 0.00000000e+00 0.00000000e+00]
   [0.00000000e+00 4.32031572e-01 0.00000000e+00 0.00000000e+00]
   [0.00000000e+00 4.32031572e-01 0.00000000e+00 0.00000000e+00]
   [0.00000000e+00 4.32031572e-01 0.00000000e+00 0.00000000e+00]
   [0.00000000e+00 4.32031572e-01 0.00000000e+00 0.00000000e+00]
   [0.00000000e+00 4.32031572e-01 0.00000000e+00 0.00000000e+00]
   [0.00000000e+00 4.32031572e-01 0.00000000e+00 0.00000000e+00]
   [0.00000000e+00 4.32031572e-01 0.00000000e+00 0.00000000e+00]
   [0.00000000e+00 4.32031572e-01 0.00000000e+00 0.00000000e+00]
   [0.00000000e+00 4.32031572e-01 0.00000000e+00 0.00000000e+00]
   [0.00000000e+00 4.32031572e-01 0.00000000e+00 0.00000000e+00]
   [0.00000000e+00 4.32031572e-01 0.00000000e+00 0.00000000e+00]
   [0.00000000e+00 4.32031572e-01 0.00000000e+00 0.00000000e+00]
   [0.00000000e+00 4.32031572e-01 0.00000000e+00 0.00000000e+00]
   [0.00000000e+00 4.32031572e-01 0.00000000e+00 0.00000000e+00]
   [0.00000000e+00 4.32031572e-01 0.00000000e+00 0.00000000e+00]
   [0.00000000e+00 4.32031572e-01 0.00000000e+00 0.00000000e+00]
   [0.00000000e+00 4.32031572e-01 0.00000000e+00 0.00000000e+00]
   [0.00000000e+00 4.32031572e-01 0.00000000e+00 0.00000000e+00]
   [0.00000000e+00 4.32031572e-01 0.00000000e+00 0.00000000e+00]
   [0.00000000e+00 4.32031572e-01 0.00000000e+00 0.00000000e+00]]]]