[[[[ 3.56524587e+00  3.16358399e+00 -2.29424572e+00 -2.19723248e+00
    -2.10834599e+00  1.27978325e+01  3.68486834e+00  4.78881979e+00
    -5.86738825e+00  2.02737379e+00  8.98594201e-01  2.00540185e+00]
   [ 4.28068209e+00 -1.76184189e+00 -3.15048194e+00 -3.03735042e+00
     3.02672553e+00  1.29851179e+01  4.38402474e-01  9.24793816e+00
    -8.46487617e+00  1.01891603e+01  6.49729443e+00  1.03111858e+01]
   [ 6.92896366e+00  7.75201857e-01 -3.27215123e+00 -3.50942683e+00
     9.74820709e+00  9.92288589e+00  3.87751770e+00  7.53841352e+00
    -1.16375160e+01  9.76773643e+00  1.05500870e+01  9.87132931e+00]
   [ 8.16597366e+00  4.96336412e+00 -2.86610317e+00 -3.33403659e+00
     5.02415419e+00  1.06721001e+01  6.35999155e+00  4.72431993e+00
    -8.87812233e+00  4.28475237e+00  5.67863035e+00  5.36996937e+00]
   [ 7.84677076e+00  6.22191525e+00 -2.84346366e+00 -3.07731915e+00
     3.34864140e+00  1.24547758e+01  7.05764723e+00  5.01140594e+00
    -8.14097309e+00  2.74041224e+00  3.97089219e+00  3.63155293e+00]
   [ 7.84677076e+00  6.22191525e+00 -2.84346366e+00 -3.07731915e+00
     3.34864140e+00  1.24547758e+01  7.05764723e+00  5.01140594e+00
    -8.14097309e+00  2.74041224e+00  3.97089219e+00  3.63155293e+00]
   [ 3.88908887e+00  3.68268704e+00 -1.62749588e+00 -1.38776505e+00
     4.31227970e+00  6.69015837e+00  4.89499140e+00  3.85787010e+00
    -6.14724398e+00  2.21521306e+00  2.85503578e+00  3.38618374e+00]]

  [[ 8.77820873e+00 -1.82076645e+00 -3.20160007e+00 -4.26933384e+00
    -1.20276651e+01  2.26421089e+01 -9.44967270e-01 -4.90558434e+00
     1.34447312e+00 -8.42153072e+00  2.48325288e-01 -9.12606335e+00]
   [ 1.07411404e+01 -1.75076904e+01 -7.19628668e+00 -9.47307396e+00
    -2.79856415e+01  4.51760559e+01 -7.68191624e+00 -1.87105389e+01
     1.27064543e+01 -2.68002357e+01  1.44410026e+00 -2.71462288e+01]
   [ 6.31110477e+00 -2.24536724e+01 -8.41815948e+00 -8.64524174e+00
    -1.68914356e+01  4.02387619e+01 -9.41988850e+00 -1.91177216e+01
    -2.51395136e-01 -2.23437557e+01  3.91047668e+00 -2.01679230e+01]
   [ 2.12159228e+00 -2.74908752e+01 -5.75860596e+00 -6.89534903e+00
    -2.17759418e+01  3.23003426e+01 -1.87165699e+01 -2.37050877e+01
     6.59003496e-01 -1.89016151e+01 -4.74440718e+00 -2.02802372e+01]
   [ 4.32729864e+00 -1.85067673e+01 -8.01261139e+00 -8.31269550e+00
    -1.38541451e+01  2.95121555e+01 -1.37259636e+01 -1.84485302e+01
    -6.94560957e+00 -1.33397779e+01  3.13299632e+00 -1.66371708e+01]
   [ 1.44876366e+01 -3.34879684e+00 -6.53508425e+00 -5.66477346e+00
     1.59251089e+01  1.59981518e+01  1.74364603e+00 -5.08381891e+00
    -1.98162079e+01 -1.14584692e-01  1.96022873e+01  3.53571200e+00]
   [ 2.92430735e+00  5.51199389e+00 -1.83716094e+00 -1.54618597e+00
     3.98338914e+00  8.29574871e+00  4.92899466e+00  3.58270979e+00
    -5.95973492e+00  1.21711946e+00  2.14965916e+00  2.49801803e+00]]

  [[ 1.56212580e+00  9.76104927e+00 -3.49672270e+00 -3.24198151e+00
    -1.26822443e+01  2.52542381e+01 -3.11640048e+00 -9.61665916e+00
    -1.74175680e+00 -7.04831839e+00 -5.61260605e+00 -9.11573505e+00]
   [-1.24791613e+01  2.57682590e+01 -8.00211525e+00 -8.49890995e+00
    -2.17987156e+01  5.48409424e+01 -9.08660793e+00 -1.47742233e+01
     6.99549818e+00 -1.30466747e+01 -2.21494827e+01 -1.51154890e+01]
   [-8.11942291e+00  2.72857895e+01 -9.82922459e+00 -1.26790781e+01
    -1.28313646e+01  6.16122894e+01 -1.19216943e+00  1.06672096e+00
     9.82219696e+00 -3.67515826e+00 -2.41679325e+01 -2.74867892e+00]
   [-1.07627153e+01 -7.31943417e+00 -8.95713139e+00 -1.22210903e+01
    -3.58390198e+01  6.08949394e+01 -2.05440025e+01 -1.32119150e+01
     2.34877186e+01 -1.60438328e+01 -1.51084442e+01 -1.73919086e+01]
   [-1.36259995e+01 -1.68438625e+01 -1.46291113e+01 -1.66987782e+01
    -8.57610893e+00  3.57360115e+01 -1.83200436e+01 -1.89950542e+01
     1.36429873e+01 -1.85801945e+01  3.84157791e+01 -1.71210461e+01]
   [ 1.92496071e+01  7.51780272e-01 -1.01055975e+01 -8.90715313e+00
     4.01496010e+01  1.18090181e+01  1.10726576e+01  5.85045290e+00
    -2.06477718e+01  6.78419113e+00  5.29643860e+01  2.43674412e+01]
   [ 2.92430735e+00  5.51199389e+00 -1.83716094e+00 -1.54618597e+00
     3.98338914e+00  8.29574871e+00  4.92899466e+00  3.58270979e+00
    -5.95973492e+00  1.21711946e+00  2.14965916e+00  2.49801803e+00]]

  [[ 4.32673693e+00  9.14102173e+00 -2.91114688e+00 -2.90685892e+00
    -1.31354392e+00  1.62056255e+01  5.43838930e+00  2.14946604e+00
    -6.38408756e+00 -6.16270959e-01 -3.07507873e-01 -6.18781865e-01]
   [ 5.52918243e+00  9.21840668e+00 -3.09555554e+00 -3.17272091e+00
     1.06190431e+00  1.61182690e+01  5.73464584e+00  2.44254351e+00
    -7.47185421e+00  2.11641163e-01  2.06361675e+00  9.23361301e-01]
   [-1.22800970e+00  2.83163810e+00 -2.44518614e+00 -2.52096653e+00
    -9.66165352e+00  1.96148930e+01 -3.46287608e+00 -5.26555920e+00
    -2.19090056e+00 -6.50144148e+00 -1.31347740e+00 -6.91522837e+00]
   [-1.56091375e+01 -3.54366302e+01 -5.04543352e+00 -7.20709372e+00
    -5.16366196e+01  3.10384388e+01 -4.36110420e+01 -4.43950081e+01
     2.35068607e+01 -3.79510651e+01  1.13213615e+01 -4.53028679e+01]
   [-4.26606703e+00 -1.14572124e+01 -1.68779659e+01 -1.40099745e+01
     2.05335789e+01  2.31331902e+01 -1.46564989e+01 -1.93562069e+01
    -2.55628967e+00 -2.00384617e+01  6.26978798e+01 -6.05174589e+00]
   [ 9.75445652e+00  1.56112614e+01 -6.32961988e+00 -5.24662018e+00
     2.80454273e+01  1.87027187e+01  1.11989069e+01  1.50166054e+01
    -1.18214273e+01  8.40739727e+00  2.58637104e+01  1.93563271e+01]
   [ 2.92430735e+00  5.51199389e+00 -1.83716094e+00 -1.54618597e+00
     3.98338914e+00  8.29574871e+00  4.92899466e+00  3.58270979e+00
    -5.95973492e+00  1.21711946e+00  2.14965916e+00  2.49801803e+00]]

  [[ 4.32673693e+00  9.14102173e+00 -2.91114688e+00 -2.90685892e+00
    -1.31354392e+00  1.62056255e+01  5.43838930e+00  2.14946604e+00
    -6.38408756e+00 -6.16270959e-01 -3.07507873e-01 -6.18781865e-01]
   [ 3.54236984e+00  6.54713058e+00 -2.70440793e+00 -2.62052226e+00
    -6.47039711e-01  1.58474684e+01  4.07960224e+00  3.42893314e+00
    -6.73201704e+00  9.02443051e-01  1.63340771e+00  1.74667871e+00]
   [-2.33390021e+00 -2.52467766e+01 -2.38622332e+00 -4.64693546e+00
    -3.10692234e+01  2.04111805e+01 -2.06868286e+01 -1.81516590e+01
     9.36738873e+00 -1.64357014e+01  8.00237179e+00 -2.09620762e+01]
   [-7.66047287e+00 -3.22687569e+01 -1.33779831e+01 -1.36832829e+01
    -1.90303345e+01  2.33905506e+01 -3.50390663e+01 -4.24905853e+01
     1.41605291e+01 -3.41178246e+01  4.62868958e+01 -3.56852989e+01]
   [ 7.37561131e+00  1.00939188e+01 -1.22023649e+01 -8.73102379e+00
     3.69316444e+01  2.29706211e+01  6.38800287e+00  6.86750507e+00
    -1.51153412e+01  9.39000607e-01  4.95664444e+01  2.12645340e+01]
   [ 5.16607857e+00  1.28255625e+01 -3.38287449e+00 -3.65188456e+00
     5.21527386e+00  1.69932041e+01  6.84288979e+00  5.06203747e+00
    -7.17932510e+00  1.11317444e+00  4.85396194e+00  2.96467495e+00]
   [ 2.92430735e+00  5.51199389e+00 -1.83716094e+00 -1.54618597e+00
     3.98338914e+00  8.29574871e+00  4.92899466e+00  3.58270979e+00
    -5.95973492e+00  1.21711946e+00  2.14965916e+00  2.49801803e+00]]

  [[ 4.32673693e+00  9.14102173e+00 -2.91114688e+00 -2.90685892e+00
    -1.31354392e+00  1.62056255e+01  5.43838930e+00  2.14946604e+00
    -6.38408756e+00 -6.16270959e-01 -3.07507873e-01 -6.18781865e-01]
   [ 5.94979000e+00 -3.81000423e+00 -2.91450047e+00 -3.86432624e+00
    -1.11688385e+01  1.96418457e+01 -2.20471764e+00 -4.13541842e+00
    -2.64347255e-01 -7.00287962e+00  3.67185402e+00 -7.42205524e+00]
   [-1.13101397e+01 -4.08516121e+01 -7.74104977e+00 -9.27589798e+00
    -4.81706963e+01  2.85262928e+01 -4.17352486e+01 -4.55479774e+01
     2.46660080e+01 -4.03649368e+01  2.37220440e+01 -4.71978073e+01]
   [-3.54433608e+00 -1.02866144e+01 -1.66467171e+01 -1.23091803e+01
     2.86415787e+01  2.01740112e+01 -1.32052584e+01 -1.70333920e+01
    -7.15911674e+00 -1.36597557e+01  6.44329147e+01  3.34610534e+00]
   [ 6.50673962e+00  1.76303024e+01 -5.32471371e+00 -4.86269760e+00
     1.90128078e+01  1.98405972e+01  9.64578152e+00  1.09379740e+01
    -9.99727058e+00  4.73271465e+00  1.69974689e+01  1.24186783e+01]
   [ 5.75851679e+00  9.24231434e+00 -3.08543921e+00 -3.17557549e+00
     1.58497393e+00  1.58143520e+01  6.20021915e+00  3.02084184e+00
    -7.70103693e+00  5.53437293e-01  2.39431238e+00  1.39973438e+00]
   [ 2.92430735e+00  5.51199389e+00 -1.83716094e+00 -1.54618597e+00
     3.98338914e+00  8.29574871e+00  4.92899466e+00  3.58270979e+00
    -5.95973492e+00  1.21711946e+00  2.14965916e+00  2.49801803e+00]]

  [[-9.19651151e-01  9.43194103e+00 -1.41064715e+00 -1.87711000e+00
    -2.28820229e+00  1.02936869e+01  3.97192955e+00  1.70864379e+00
    -3.73799157e+00  1.07921135e+00 -3.43605900e+00  7.60522127e-01]
   [-1.24642289e+00  8.41437912e+00 -2.56798410e+00 -3.24697495e+00
    -1.35436134e+01  1.93221245e+01 -4.90663481e+00 -9.63577271e+00
     8.32337081e-01 -4.64309502e+00 -6.31939268e+00 -6.98806667e+00]
   [-1.79916134e+01  1.98765240e+01 -8.74710274e+00 -9.69732475e+00
    -1.20543175e+01  3.40710106e+01 -6.42937136e+00 -2.63592815e+00
     4.57222128e+00 -3.73030090e+00 -2.62127936e-01 -2.86663365e+00]
   [-1.79646313e+00  2.15188541e+01 -7.36649132e+00 -6.64657402e+00
     3.04562206e+01  1.70228024e+01  1.19804020e+01  2.53234482e+01
    -1.21085386e+01  2.03049946e+01  2.52215710e+01  3.36652222e+01]
   [-4.48691249e-01  1.17082224e+01 -1.61689544e+00 -2.24764085e+00
     1.96638095e+00  1.08877306e+01  4.99563980e+00  4.28317928e+00
    -4.18299627e+00  2.92437482e+00 -6.56438529e-01  3.78137589e+00]
   [-4.06133115e-01  1.00775795e+01 -1.44095492e+00 -2.02074695e+00
    -7.44263649e-01  1.02958078e+01  4.69328356e+00  2.86240244e+00
    -4.26249933e+00  2.16654038e+00 -2.29820776e+00  2.24885201e+00]
   [ 1.25776688e-02  6.30599833e+00 -8.72015715e-01 -1.32370067e+00
     1.08880091e+00  5.41609716e+00  4.14080381e+00  3.81855726e+00
    -3.37550497e+00  2.32400918e+00 -8.82397711e-01  2.76750183e+00]]]]