[[[[ 3.8349924   3.4882212   0.          0.          0.
    13.046016    4.172477    5.1004763   0.          2.478461
     0.7725362   2.4371026 ]
   [ 4.5504284   0.          0.          0.          3.338037
    13.233301    0.9260108   9.559595    0.         10.640247
     6.3712363  10.742887  ]
   [ 7.19871     1.099839    0.          0.         10.059519
    10.171069    4.365126    7.85007     0.         10.218823
    10.424029   10.30303   ]
   [ 8.43572     5.288001    0.          0.          5.3354654
    10.920283    6.8476      5.0359764   0.          4.7358394
     5.5525723   5.80167   ]
   [ 8.116517    6.546552    0.          0.          3.6599529
    12.702959    7.5452557   5.3230624   0.          3.1914995
     3.844834    4.063254  ]
   [ 8.116517    6.546552    0.          0.          3.6599529
    12.702959    7.5452557   5.3230624   0.          3.1914995
     3.844834    4.063254  ]
   [ 4.1588354   4.007324    0.          0.          4.623591
     6.9383416   5.3826      4.1695266   0.          2.6663003
     2.7289777   3.8178844 ]]

  [[ 9.0479555   0.          0.          0.          0.
    22.890293    0.          0.          1.3048131   0.
     0.12226729  0.        ]
   [11.010887    0.          0.          0.          0.
    45.42424     0.          0.         12.666795    0.
     1.3180423   0.        ]
   [ 6.580851    0.          0.          0.          0.
    40.486946    0.          0.          0.          0.
     3.7844186   0.        ]
   [ 2.3913388   0.          0.          0.          0.
    32.548527    0.          0.          0.6193436   0.
     0.          0.        ]
   [ 4.597045    0.          0.          0.          0.
    29.76034     0.          0.          0.          0.
     3.0069382   0.        ]
   [14.757383    0.          0.          0.         16.23642
    16.246336    2.2312543   0.          0.          0.33650246
    19.476229    3.9674127 ]
   [ 3.194054    5.836631    0.          0.          4.2947006
     8.543932    5.416603    3.8943665   0.          1.6682066
     2.023601    2.9297187 ]]

  [[ 1.8318722  10.085687    0.          0.          0.
    25.502422    0.          0.          0.          0.
     0.          0.        ]
   [ 0.         26.092896    0.          0.          0.
    55.089127    0.          0.          6.955838    0.
     0.          0.        ]
   [ 0.         27.610426    0.          0.          0.
    61.860474    0.          1.3783777   9.782537    0.
     0.          0.        ]
   [ 0.          0.          0.          0.          0.
    61.143124    0.          0.         23.44806     0.
     0.          0.        ]
   [ 0.          0.          0.          0.          0.
    35.984196    0.          0.         13.603328    0.
    38.289722    0.        ]
   [19.519354    1.0764173   0.          0.         40.46091
    12.057201   11.560266    6.1621094   0.          7.235278
    52.83833    24.799143  ]
   [ 3.194054    5.836631    0.          0.          4.2947006
     8.543932    5.416603    3.8943665   0.          1.6682066
     2.023601    2.9297187 ]]

  [[ 4.596483    9.465659    0.          0.          0.
    16.45381     5.9259977   2.4611228   0.          0.
     0.          0.        ]
   [ 5.7989287   9.543044    0.          0.          1.3732158
    16.366453    6.2222543   2.7542002   0.          0.6627283
     1.9375588   1.355062  ]
   [ 0.          3.1562753   0.          0.          0.
    19.863077    0.          0.          0.          0.
     0.          0.        ]
   [ 0.          0.          0.          0.          0.
    31.286623    0.          0.         23.467201    0.
    11.195304    0.        ]
   [ 0.          0.          0.          0.         20.84489
    23.381374    0.          0.          0.          0.
    62.571823    0.        ]
   [10.024203   15.935899    0.          0.         28.356739
    18.950903   11.686515   15.328262    0.          8.858484
    25.737652   19.788029  ]
   [ 3.194054    5.836631    0.          0.          4.2947006
     8.543932    5.416603    3.8943665   0.          1.6682066
     2.023601    2.9297187 ]]

  [[ 4.596483    9.465659    0.          0.          0.
    16.45381     5.9259977   2.4611228   0.          0.
     0.          0.        ]
   [ 3.8121164   6.8717675   0.          0.          0.
    16.095652    4.5672107   3.7405899   0.          1.3535302
     1.5073497   2.1783795 ]
   [ 0.          0.          0.          0.          0.
    20.659365    0.          0.          9.327729    0.
     7.8763137   0.        ]
   [ 0.          0.          0.          0.          0.
    23.638735    0.          0.         14.12087     0.
    46.16084     0.        ]
   [ 7.6453576  10.418556    0.          0.         37.242954
    23.218805    6.8756113   7.1791615   0.          1.3900877
    49.440388   21.696236  ]
   [ 5.435825   13.1502      0.          0.          5.526585
    17.241388    7.330498    5.373694    0.          1.5642616
     4.727904    3.3963757 ]
   [ 3.194054    5.836631    0.          0.          4.2947006
     8.543932    5.416603    3.8943665   0.          1.6682066
     2.023601    2.9297187 ]]

  [[ 4.596483    9.465659    0.          0.          0.
    16.45381     5.9259977   2.4611228   0.          0.
     0.          0.        ]
   [ 6.2195363   0.          0.          0.          0.
    19.89003     0.          0.          0.          0.
     3.545796    0.        ]
   [ 0.          0.          0.          0.          0.
    28.774477    0.          0.         24.626348    0.
    23.595985    0.        ]
   [ 0.          0.          0.          0.         28.95289
    20.422195    0.          0.          0.          0.
    64.306854    3.777806  ]
   [ 6.776486   17.954939    0.          0.         19.32412
    20.088781   10.133389   11.249631    0.          5.1838017
    16.87141    12.850379  ]
   [ 6.028263    9.566952    0.          0.          1.8962854
    16.062536    6.6878276   3.3324986   0.          1.0045245
     2.2682543   1.8314352 ]
   [ 3.194054    5.836631    0.          0.          4.2947006
     8.543932    5.416603    3.8943665   0.          1.6682066
     2.023601    2.9297187 ]]

  [[ 0.          9.756578    0.          0.          0.
    10.54187     4.459538    2.0203004   0.          1.5302985
     0.          1.1922228 ]
   [ 0.          8.739017    0.          0.          0.
    19.570309    0.          0.          0.79267716  0.
     0.          0.        ]
   [ 0.         20.20116     0.          0.          0.
    34.319195    0.          0.          4.5325613   0.
     0.          0.        ]
   [ 0.         21.84349     0.          0.         30.767532
    17.270987   12.46801    25.635105    0.         20.756083
    25.095512   34.096924  ]
   [ 0.         12.03286     0.          0.          2.2776923
    11.135914    5.483248    4.5948358   0.          3.375462
     0.          4.2130766 ]
   [ 0.         10.402217    0.          0.          0.
    10.543991    5.180892    3.1740592   0.          2.6176276
     0.          2.6805527 ]
   [ 0.28232414  6.6306353   0.          0.          1.4001124
     5.6642804   4.6284122   4.1302137   0.          2.7750964
     0.          3.1992025 ]]]]