[[[[-0.02868794  0.0149187   2.0095446 ]
   [-0.02868794  0.0149187   2.0095446 ]
   [-0.02868794  0.0149187   2.0095446 ]
   [-0.02868794  0.0149187   2.0095446 ]
   [-0.02868794  0.0149187   2.0095446 ]
   [-0.02868794  0.0149187   2.0095446 ]
   [-0.02868794  0.0149187   2.0095446 ]
   [-0.02868794  0.0149187   2.0095446 ]
   [-0.02868794  0.0149187   2.0095446 ]
   [-0.02868794  0.0149187   2.0095446 ]
   [-0.02868794  0.0149187   2.0095446 ]
   [-0.02868794  0.0149187   2.0095446 ]
   [-0.02868794  0.0149187   2.0095446 ]
   [-0.02868794  0.0149187   2.0095446 ]
   [-0.02868794  0.0149187   2.0095446 ]
   [-0.02868794  0.0149187   2.0095446 ]
   [-0.02868794  0.0149187   2.0095446 ]
   [-0.02868794  0.0149187   2.0095446 ]
   [-0.02868794  0.0149187   2.0095446 ]
   [-0.02868794  0.0149187   2.0095446 ]
   [-0.02868794  0.0149187   2.0095446 ]
   [-0.02868794  0.0149187   2.0095446 ]
   [-0.02868794  0.0149187   2.0095446 ]
   [-0.02868794  0.0149187   2.0095446 ]
   [-0.02868794  0.0149187   2.0095446 ]
   [-0.02868794  0.0149187   2.0095446 ]
   [-0.02868794  0.0149187   2.0095446 ]
   [-0.02868794  0.0149187   2.0095446 ]]

  [[-0.02868794  0.0149187   2.0095446 ]
   [-0.02868794  0.0149187   2.0095446 ]
   [-0.02868794  0.0149187   2.0095446 ]
   [-0.02868794  0.0149187   2.0095446 ]
   [-0.02868794  0.0149187   2.0095446 ]
   [-0.02868794  0.0149187   2.0095446 ]
   [-0.02868794  0.0149187   2.0095446 ]
   [-0.02868794  0.0149187   2.0095446 ]
   [-0.02868794  0.0149187   2.0095446 ]
   [-0.02868794  0.0149187   2.0095446 ]
   [-0.02868794  0.0149187   2.0095446 ]
   [-0.02868794  0.0149187   2.0095446 ]
   [-0.02868794  0.0149187   2.0095446 ]
   [-0.02868794  0.0149187   2.0095446 ]
   [-0.02868794  0.0149187   2.0095446 ]
   [-0.02868794  0.0149187   2.0095446 ]
   [-0.02868794  0.0149187   2.0095446 ]
   [-0.02868794  0.0149187   2.0095446 ]
   [-0.02868794  0.0149187   2.0095446 ]
   [-0.02868794  0.0149187   2.0095446 ]
   [-0.02868794  0.0149187   2.0095446 ]
   [-0.02868794  0.0149187   2.0095446 ]
   [-0.02868794  0.0149187   2.0095446 ]
   [-0.02868794  0.0149187   2.0095446 ]
   [-0.02868794  0.0149187   2.0095446 ]
   [-0.02868794  0.0149187   2.0095446 ]
   [-0.02868794  0.0149187   2.0095446 ]
   [-0.02868794  0.0149187   2.0095446 ]]

  [[-0.02868794  0.0149187   2.0095446 ]
   [-0.02868794  0.0149187   2.0095446 ]
   [-0.02868794  0.0149187   2.0095446 ]
   [-0.02868794  0.0149187   2.0095446 ]
   [-0.02868794  0.0149187   2.0095446 ]
   [-0.02868794  0.0149187   2.0095446 ]
   [-0.02868794  0.0149187   2.0095446 ]
   [-0.02868794  0.0149187   2.0095446 ]
   [-0.02868794  0.0149187   2.0095446 ]
   [-0.02868794  0.0149187   2.0095446 ]
   [-0.02868794  0.0149187   2.0095446 ]
   [-0.02868794  0.0149187   2.0095446 ]
   [-0.02868794  0.0149187   2.0095446 ]
   [-0.02868794  0.0149187   2.0095446 ]
   [-0.02868794  0.0149187   2.0095446 ]
   [-0.02868794  0.0149187   2.0095446 ]
   [-0.02868794  0.0149187   2.0095446 ]
   [-0.02868794  0.0149187   2.0095446 ]
   [-0.02868794  0.0149187   2.0095446 ]
   [-0.02868794  0.0149187   2.0095446 ]
   [-0.02868794  0.0149187   2.0095446 ]
   [-0.02868794  0.0149187   2.0095446 ]
   [-0.02868794  0.0149187   2.0095446 ]
   [-0.02868794  0.0149187   2.0095446 ]
   [-0.02868794  0.0149187   2.0095446 ]
   [-0.02868794  0.0149187   2.0095446 ]
   [-0.02868794  0.0149187   2.0095446 ]
   [-0.02868794  0.0149187   2.0095446 ]]

  [[-0.02868794  0.0149187   2.0095446 ]
   [-0.02868794  0.0149187   2.0095446 ]
   [-0.02868794  0.0149187   2.0095446 ]
   [-0.02868794  0.0149187   2.0095446 ]
   [-0.02868794  0.0149187   2.0095446 ]
   [-0.02868794  0.0149187   2.0095446 ]
   [-0.02868794  0.0149187   2.0095446 ]
   [-0.02868794  0.0149187   2.0095446 ]
   [-0.02868794  0.0149187   2.0095446 ]
   [-0.02868794  0.0149187   2.0095446 ]
   [-0.02868794  0.0149187   2.0095446 ]
   [-0.02868794  0.0149187   2.0095446 ]
   [-0.02868794  0.0149187   2.0095446 ]
   [-0.02868794  0.0149187   2.0095446 ]
   [-0.02868794  0.0149187   2.0095446 ]
   [-0.02868794  0.0149187   2.0095446 ]
   [-0.02868794  0.0149187   2.0095446 ]
   [-0.02868794  0.0149187   2.0095446 ]
   [-0.02868794  0.0149187   2.0095446 ]
   [-0.02868794  0.0149187   2.0095446 ]
   [-0.02868794  0.0149187   2.0095446 ]
   [-0.02868794  0.0149187   2.0095446 ]
   [-0.02868794  0.0149187   2.0095446 ]
   [-0.02868794  0.0149187   2.0095446 ]
   [-0.02868794  0.0149187   2.0095446 ]
   [-0.02868794  0.0149187   2.0095446 ]
   [-0.02868794  0.0149187   2.0095446 ]
   [-0.02868794  0.0149187   2.0095446 ]]

  [[-0.02868794  0.0149187   2.0095446 ]
   [-0.02868794  0.0149187   2.0095446 ]
   [-0.02868794  0.0149187   2.0095446 ]
   [-0.02868794  0.0149187   2.0095446 ]
   [-0.02868794  0.0149187   2.0095446 ]
   [-0.02868794  0.0149187   2.0095446 ]
   [-0.02868794  0.0149187   2.0095446 ]
   [-0.02868794  0.0149187   2.0095446 ]
   [-0.02868794  0.0149187   2.0095446 ]
   [-0.02868794  0.0149187   2.0095446 ]
   [-0.02868794  0.0149187   2.0095446 ]
   [-0.02868794  0.0149187   2.0095446 ]
   [-0.02868794  0.0149187   2.0095446 ]
   [-0.02868794  0.0149187   2.0095446 ]
   [-0.02868794  0.0149187   2.0095446 ]
   [-0.02868794  0.0149187   2.0095446 ]
   [-0.02868794  0.0149187   2.0095446 ]
   [-0.02868794  0.0149187   2.0095446 ]
   [-0.02868794  0.0149187   2.0095446 ]
   [-0.02868794  0.0149187   2.0095446 ]
   [-0.02868794  0.0149187   2.0095446 ]
   [-0.02868794  0.0149187   2.0095446 ]
   [-0.02868794  0.0149187   2.0095446 ]
   [-0.02868794  0.0149187   2.0095446 ]
   [-0.02868794  0.0149187   2.0095446 ]
   [-0.02868794  0.0149187   2.0095446 ]
   [-0.02868794  0.0149187   2.0095446 ]
   [-0.02868794  0.0149187   2.0095446 ]]

  [[-0.02868794  0.0149187   2.0095446 ]
   [-0.02868794  0.0149187   2.0095446 ]
   [-0.02868794  0.0149187   2.0095446 ]
   [-0.02868794  0.0149187   2.0095446 ]
   [-0.02868794  0.0149187   2.0095446 ]
   [-0.02868794  0.0149187   2.0095446 ]
   [-0.02868794  0.0149187   2.0095446 ]
   [-0.02868794  0.0149187   2.0095446 ]
   [-0.02868794  0.0149187   2.0095446 ]
   [-0.02868794  0.0149187   2.0095446 ]
   [-0.02868794  0.0149187   2.0095446 ]
   [-0.02868794  0.0149187   2.0095446 ]
   [-0.02868794  0.0149187   2.0095446 ]
   [-0.02868794  0.0149187   2.0095446 ]
   [-0.02868794  0.0149187   2.0095446 ]
   [-0.02868794  0.0149187   2.0095446 ]
   [-0.02868794  0.0149187   2.0095446 ]
   [-0.02868794  0.0149187   2.0095446 ]
   [-0.02868794  0.0149187   2.0095446 ]
   [-0.02868794  0.0149187   2.0095446 ]
   [-0.02868794  0.0149187   2.0095446 ]
   [-0.02868794  0.0149187   2.0095446 ]
   [-0.02868794  0.0149187   2.0095446 ]
   [-0.02868794  0.0149187   2.0095446 ]
   [-0.02868794  0.0149187   2.0095446 ]
   [-0.02868794  0.0149187   2.0095446 ]
   [-0.02868794  0.0149187   2.0095446 ]
   [-0.02868794  0.0149187   2.0095446 ]]

  [[-0.02868794  0.0149187   2.0095446 ]
   [-0.02868794  0.0149187   2.0095446 ]
   [-0.02868794  0.0149187   2.0095446 ]
   [-0.02868794  0.0149187   2.0095446 ]
   [-0.02868794  0.0149187   2.0095446 ]
   [-0.02868794  0.0149187   2.0095446 ]
   [-0.02868794  0.0149187   2.0095446 ]
   [-0.02868794  0.0149187   2.0095446 ]
   [-0.02868794  0.0149187   2.0095446 ]
   [-0.02868794  0.0149187   2.0095446 ]
   [-0.02868794  0.0149187   2.0095446 ]
   [-0.02868794  0.0149187   2.0095446 ]
   [-0.02868794  0.0149187   2.0095446 ]
   [-0.02868794  0.0149187   2.0095446 ]
   [-0.02868794  0.0149187   2.0095446 ]
   [-0.02868794  0.0149187   2.0095446 ]
   [-0.02868794  0.0149187   2.0095446 ]
   [-0.02868794  0.0149187   2.0095446 ]
   [-0.02868794  0.0149187   2.0095446 ]
   [-0.02868794  0.0149187   2.0095446 ]
   [-0.02868794  0.0149187   2.0095446 ]
   [-0.02868794  0.0149187   2.0095446 ]
   [-0.02868794  0.0149187   2.0095446 ]
   [-0.02868794  0.0149187   2.0095446 ]
   [-0.02868794  0.0149187   2.0095446 ]
   [-0.02868794  0.0149187   2.0095446 ]
   [-0.02868794  0.0149187   2.0095446 ]
   [-0.02868794  0.0149187   2.0095446 ]]

  [[-0.02868794  0.0149187   2.0095446 ]
   [-0.02868794  0.0149187   2.0095446 ]
   [-0.02868794  0.0149187   2.0095446 ]
   [-0.02868794  0.0149187   2.0095446 ]
   [-0.02868794  0.0149187   2.0095446 ]
   [-0.02868794  0.0149187   2.0095446 ]
   [-0.04630306  2.263037   -0.19926047]
   [-0.06748313  4.966131   -2.8550856 ]
   [-0.06203084  4.270285   -2.171408  ]
   [-0.0603532   4.0561786  -1.9610455 ]
   [-0.04127017  1.6207174   0.4318267 ]
   [-0.03623728  0.9783979   1.0629139 ]
   [-0.02868794  0.0149187   2.0095446 ]
   [-0.02868794  0.0149187   2.0095446 ]
   [-0.02868794  0.0149187   2.0095446 ]
   [-0.02868794  0.0149187   2.0095446 ]
   [-0.02868794  0.0149187   2.0095446 ]
   [-0.02868794  0.0149187   2.0095446 ]
   [-0.02868794  0.0149187   2.0095446 ]
   [-0.02868794  0.0149187   2.0095446 ]
   [-0.02868794  0.0149187   2.0095446 ]
   [-0.02868794  0.0149187   2.0095446 ]
   [-0.02868794  0.0149187   2.0095446 ]
   [-0.02868794  0.0149187   2.0095446 ]
   [-0.02868794  0.0149187   2.0095446 ]
   [-0.02868794  0.0149187   2.0095446 ]
   [-0.02868794  0.0149187   2.0095446 ]
   [-0.02868794  0.0149187   2.0095446 ]]

  [[-0.02868794  0.0149187   2.0095446 ]
   [-0.02868794  0.0149187   2.0095446 ]
   [-0.02868794  0.0149187   2.0095446 ]
   [-0.02868794  0.0149187   2.0095446 ]
   [-0.02868794  0.0149187   2.0095446 ]
   [-0.02868794  0.0149187   2.0095446 ]
   [-0.07524217  5.956374   -3.8280118 ]
   [-0.08195269  6.8128     -4.6694613 ]
   [-0.08195269  6.8128     -4.6694613 ]
   [-0.08195269  6.8128     -4.6694613 ]
   [-0.08195269  6.8128     -4.6694613 ]
   [-0.07922654  6.464877   -4.3276224 ]
   [-0.07020928  5.3140545  -3.196925  ]
   [-0.07020928  5.3140545  -3.196925  ]
   [-0.07020928  5.3140545  -3.196925  ]
   [-0.07020928  5.3140545  -3.196925  ]
   [-0.07020928  5.3140545  -3.196925  ]
   [-0.07020928  5.3140545  -3.196925  ]
   [-0.07020928  5.3140545  -3.196925  ]
   [-0.07020928  5.3140545  -3.196925  ]
   [-0.06433757  4.5646815  -2.460656  ]
   [-0.03959254  1.406611    0.642189  ]
   [-0.02868794  0.0149187   2.0095446 ]
   [-0.02868794  0.0149187   2.0095446 ]
   [-0.02868794  0.0149187   2.0095446 ]
   [-0.02868794  0.0149187   2.0095446 ]
   [-0.02868794  0.0149187   2.0095446 ]
   [-0.02868794  0.0149187   2.0095446 ]]

  [[-0.02868794  0.0149187   2.0095446 ]
   [-0.02868794  0.0149187   2.0095446 ]
   [-0.02868794  0.0149187   2.0095446 ]
   [-0.02868794  0.0149187   2.0095446 ]
   [-0.02868794  0.0149187   2.0095446 ]
   [-0.02868794  0.0149187   2.0095446 ]
   [-0.04273809  1.8080605   0.24775958]
   [-0.05259417  3.0659363  -0.9881196 ]
   [-0.04378661  1.9418771   0.11628318]
   [-0.05259417  3.0659363  -0.9881196 ]
   [-0.06286965  4.3773384  -2.2765892 ]
   [-0.07629069  6.090191   -3.9594882 ]
   [-0.08195269  6.8128     -4.6694613 ]
   [-0.07587128  6.036664   -3.9068978 ]
   [-0.08195269  6.8128     -4.6694613 ]
   [-0.08195269  6.8128     -4.6694613 ]
   [-0.08195269  6.8128     -4.6694613 ]
   [-0.08111387  6.7057467  -4.5642805 ]
   [-0.0767101   6.1437173  -4.0120792 ]
   [-0.08195269  6.8128     -4.6694613 ]
   [-0.08195269  6.8128     -4.6694613 ]
   [-0.05804647  3.7617824  -1.6717973 ]
   [-0.02868794  0.0149187   2.0095446 ]
   [-0.02868794  0.0149187   2.0095446 ]
   [-0.02868794  0.0149187   2.0095446 ]
   [-0.02868794  0.0149187   2.0095446 ]
   [-0.02868794  0.0149187   2.0095446 ]
   [-0.02868794  0.0149187   2.0095446 ]]

  [[-0.02868794  0.0149187   2.0095446 ]
   [-0.02868794  0.0149187   2.0095446 ]
   [-0.02868794  0.0149187   2.0095446 ]
   [-0.02868794  0.0149187   2.0095446 ]
   [-0.02868794  0.0149187   2.0095446 ]
   [-0.02868794  0.0149187   2.0095446 ]
   [-0.02868794  0.0149187   2.0095446 ]
   [-0.02868794  0.0149187   2.0095446 ]
   [-0.02868794  0.0149187   2.0095446 ]
   [-0.02868794  0.0149187   2.0095446 ]
   [-0.02868794  0.0149187   2.0095446 ]
   [-0.03225291  0.46989498  1.5625246 ]
   [-0.04252839  1.7812972   0.27405488]
   [-0.0316238   0.38960505  1.6414104 ]
   [-0.04273809  1.8080605   0.24775958]
   [-0.04273809  1.8080605   0.24775958]
   [-0.04273809  1.8080605   0.24775958]
   [-0.04106046  1.5939541   0.45812201]
   [-0.03309172  0.5769482   1.4573433 ]
   [-0.07817803  6.3310604  -4.196146  ]
   [-0.08195269  6.8128     -4.6694613 ]
   [-0.05091654  2.85183    -0.77775717]
   [-0.02868794  0.0149187   2.0095446 ]
   [-0.02868794  0.0149187   2.0095446 ]
   [-0.02868794  0.0149187   2.0095446 ]
   [-0.02868794  0.0149187   2.0095446 ]
   [-0.02868794  0.0149187   2.0095446 ]
   [-0.02868794  0.0149187   2.0095446 ]]

  [[-0.02868794  0.0149187   2.0095446 ]
   [-0.02868794  0.0149187   2.0095446 ]
   [-0.02868794  0.0149187   2.0095446 ]
   [-0.02868794  0.0149187   2.0095446 ]
   [-0.02868794  0.0149187   2.0095446 ]
   [-0.02868794  0.0149187   2.0095446 ]
   [-0.02868794  0.0149187   2.0095446 ]
   [-0.02868794  0.0149187   2.0095446 ]
   [-0.02868794  0.0149187   2.0095446 ]
   [-0.02868794  0.0149187   2.0095446 ]
   [-0.02868794  0.0149187   2.0095446 ]
   [-0.02868794  0.0149187   2.0095446 ]
   [-0.02868794  0.0149187   2.0095446 ]
   [-0.02868794  0.0149187   2.0095446 ]
   [-0.02868794  0.0149187   2.0095446 ]
   [-0.02868794  0.0149187   2.0095446 ]
   [-0.02868794  0.0149187   2.0095446 ]
   [-0.02868794  0.0149187   2.0095446 ]
   [-0.04609335  2.2362735  -0.17296505]
   [-0.08174299  6.7860365  -4.6431656 ]
   [-0.07251602  5.608451   -3.486173  ]
   [-0.03246261  0.4966583   1.5362293 ]
   [-0.02868794  0.0149187   2.0095446 ]
   [-0.02868794  0.0149187   2.0095446 ]
   [-0.02868794  0.0149187   2.0095446 ]
   [-0.02868794  0.0149187   2.0095446 ]
   [-0.02868794  0.0149187   2.0095446 ]
   [-0.02868794  0.0149187   2.0095446 ]]

  [[-0.02868794  0.0149187   2.0095446 ]
   [-0.02868794  0.0149187   2.0095446 ]
   [-0.02868794  0.0149187   2.0095446 ]
   [-0.02868794  0.0149187   2.0095446 ]
   [-0.02868794  0.0149187   2.0095446 ]
   [-0.02868794  0.0149187   2.0095446 ]
   [-0.02868794  0.0149187   2.0095446 ]
   [-0.02868794  0.0149187   2.0095446 ]
   [-0.02868794  0.0149187   2.0095446 ]
   [-0.02868794  0.0149187   2.0095446 ]
   [-0.02868794  0.0149187   2.0095446 ]
   [-0.02868794  0.0149187   2.0095446 ]
   [-0.02868794  0.0149187   2.0095446 ]
   [-0.02868794  0.0149187   2.0095446 ]
   [-0.02868794  0.0149187   2.0095446 ]
   [-0.02868794  0.0149187   2.0095446 ]
   [-0.02868794  0.0149187   2.0095446 ]
   [-0.03330143  0.60371155  1.431048  ]
   [-0.07754891  6.2507706  -4.11726   ]
   [-0.08216239  6.839563   -4.695756  ]
   [-0.04609335  2.2362735  -0.17296505]
   [-0.02868794  0.0149187   2.0095446 ]
   [-0.02868794  0.0149187   2.0095446 ]
   [-0.02868794  0.0149187   2.0095446 ]
   [-0.02868794  0.0149187   2.0095446 ]
   [-0.02868794  0.0149187   2.0095446 ]
   [-0.02868794  0.0149187   2.0095446 ]
   [-0.02868794  0.0149187   2.0095446 ]]

  [[-0.02868794  0.0149187   2.0095446 ]
   [-0.02868794  0.0149187   2.0095446 ]
   [-0.02868794  0.0149187   2.0095446 ]
   [-0.02868794  0.0149187   2.0095446 ]
   [-0.02868794  0.0149187   2.0095446 ]
   [-0.02868794  0.0149187   2.0095446 ]
   [-0.02868794  0.0149187   2.0095446 ]
   [-0.02868794  0.0149187   2.0095446 ]
   [-0.02868794  0.0149187   2.0095446 ]
   [-0.02868794  0.0149187   2.0095446 ]
   [-0.02868794  0.0149187   2.0095446 ]
   [-0.02868794  0.0149187   2.0095446 ]
   [-0.02868794  0.0149187   2.0095446 ]
   [-0.02868794  0.0149187   2.0095446 ]
   [-0.02868794  0.0149187   2.0095446 ]
   [-0.02868794  0.0149187   2.0095446 ]
   [-0.02868794  0.0149187   2.0095446 ]
   [-0.05573972  3.467386   -1.382549  ]
   [-0.08195269  6.8128     -4.6694613 ]
   [-0.07859743  6.3845873  -4.2487364 ]
   [-0.03791491  1.1925044   0.85255146]
   [-0.02868794  0.0149187   2.0095446 ]
   [-0.02868794  0.0149187   2.0095446 ]
   [-0.02868794  0.0149187   2.0095446 ]
   [-0.02868794  0.0149187   2.0095446 ]
   [-0.02868794  0.0149187   2.0095446 ]
   [-0.02868794  0.0149187   2.0095446 ]
   [-0.02868794  0.0149187   2.0095446 ]]

  [[-0.02868794  0.0149187   2.0095446 ]
   [-0.02868794  0.0149187   2.0095446 ]
   [-0.02868794  0.0149187   2.0095446 ]
   [-0.02868794  0.0149187   2.0095446 ]
   [-0.02868794  0.0149187   2.0095446 ]
   [-0.02868794  0.0149187   2.0095446 ]
   [-0.02868794  0.0149187   2.0095446 ]
   [-0.02868794  0.0149187   2.0095446 ]
   [-0.02868794  0.0149187   2.0095446 ]
   [-0.02868794  0.0149187   2.0095446 ]
   [-0.02868794  0.0149187   2.0095446 ]
   [-0.02868794  0.0149187   2.0095446 ]
   [-0.02868794  0.0149187   2.0095446 ]
   [-0.02868794  0.0149187   2.0095446 ]
   [-0.02868794  0.0149187   2.0095446 ]
   [-0.02868794  0.0149187   2.0095446 ]
   [-0.04106046  1.5939541   0.45812201]
   [-0.08090417  6.678983   -4.537985  ]
   [-0.08195269  6.8128     -4.6694613 ]
   [-0.04168957  1.674244    0.3792361 ]
   [-0.02868794  0.0149187   2.0095446 ]
   [-0.02868794  0.0149187   2.0095446 ]
   [-0.02868794  0.0149187   2.0095446 ]
   [-0.02868794  0.0149187   2.0095446 ]
   [-0.02868794  0.0149187   2.0095446 ]
   [-0.02868794  0.0149187   2.0095446 ]
   [-0.02868794  0.0149187   2.0095446 ]
   [-0.02868794  0.0149187   2.0095446 ]]

  [[-0.02868794  0.0149187   2.0095446 ]
   [-0.02868794  0.0149187   2.0095446 ]
   [-0.02868794  0.0149187   2.0095446 ]
   [-0.02868794  0.0149187   2.0095446 ]
   [-0.02868794  0.0149187   2.0095446 ]
   [-0.02868794  0.0149187   2.0095446 ]
   [-0.02868794  0.0149187   2.0095446 ]
   [-0.02868794  0.0149187   2.0095446 ]
   [-0.02868794  0.0149187   2.0095446 ]
   [-0.02868794  0.0149187   2.0095446 ]
   [-0.02868794  0.0149187   2.0095446 ]
   [-0.02868794  0.0149187   2.0095446 ]
   [-0.02868794  0.0149187   2.0095446 ]
   [-0.02868794  0.0149187   2.0095446 ]
   [-0.02868794  0.0149187   2.0095446 ]
   [-0.02868794  0.0149187   2.0095446 ]
   [-0.05657854  3.5744393  -1.48773   ]
   [-0.08195269  6.8128     -4.6694613 ]
   [-0.06790254  5.019658   -2.907676  ]
   [-0.02973646  0.14873526  1.8780681 ]
   [-0.02868794  0.0149187   2.0095446 ]
   [-0.02868794  0.0149187   2.0095446 ]
   [-0.02868794  0.0149187   2.0095446 ]
   [-0.02868794  0.0149187   2.0095446 ]
   [-0.02868794  0.0149187   2.0095446 ]
   [-0.02868794  0.0149187   2.0095446 ]
   [-0.02868794  0.0149187   2.0095446 ]
   [-0.02868794  0.0149187   2.0095446 ]]

  [[-0.02868794  0.0149187   2.0095446 ]
   [-0.02868794  0.0149187   2.0095446 ]
   [-0.02868794  0.0149187   2.0095446 ]
   [-0.02868794  0.0149187   2.0095446 ]
   [-0.02868794  0.0149187   2.0095446 ]
   [-0.02868794  0.0149187   2.0095446 ]
   [-0.02868794  0.0149187   2.0095446 ]
   [-0.02868794  0.0149187   2.0095446 ]
   [-0.02868794  0.0149187   2.0095446 ]
   [-0.02868794  0.0149187   2.0095446 ]
   [-0.02868794  0.0149187   2.0095446 ]
   [-0.02868794  0.0149187   2.0095446 ]
   [-0.02868794  0.0149187   2.0095446 ]
   [-0.02868794  0.0149187   2.0095446 ]
   [-0.02868794  0.0149187   2.0095446 ]
   [-0.03057528  0.2557885   1.772887  ]
   [-0.07167721  5.501398   -3.3809917 ]
   [-0.08069447  6.6522202  -4.511689  ]
   [-0.04085076  1.5671908   0.4844172 ]
   [-0.02868794  0.0149187   2.0095446 ]
   [-0.02868794  0.0149187   2.0095446 ]
   [-0.02868794  0.0149187   2.0095446 ]
   [-0.02868794  0.0149187   2.0095446 ]
   [-0.02868794  0.0149187   2.0095446 ]
   [-0.02868794  0.0149187   2.0095446 ]
   [-0.02868794  0.0149187   2.0095446 ]
   [-0.02868794  0.0149187   2.0095446 ]
   [-0.02868794  0.0149187   2.0095446 ]]

  [[-0.02868794  0.0149187   2.0095446 ]
   [-0.02868794  0.0149187   2.0095446 ]
   [-0.02868794  0.0149187   2.0095446 ]
   [-0.02868794  0.0149187   2.0095446 ]
   [-0.02868794  0.0149187   2.0095446 ]
   [-0.02868794  0.0149187   2.0095446 ]
   [-0.02868794  0.0149187   2.0095446 ]
   [-0.02868794  0.0149187   2.0095446 ]
   [-0.02868794  0.0149187   2.0095446 ]
   [-0.02868794  0.0149187   2.0095446 ]
   [-0.02868794  0.0149187   2.0095446 ]
   [-0.02868794  0.0149187   2.0095446 ]
   [-0.02868794  0.0149187   2.0095446 ]
   [-0.02868794  0.0149187   2.0095446 ]
   [-0.02868794  0.0149187   2.0095446 ]
   [-0.05511061  3.3870962  -1.303663  ]
   [-0.08195269  6.8128     -4.6694613 ]
   [-0.06685402  4.8858414  -2.7761996 ]
   [-0.02868794  0.0149187   2.0095446 ]
   [-0.02868794  0.0149187   2.0095446 ]
   [-0.02868794  0.0149187   2.0095446 ]
   [-0.02868794  0.0149187   2.0095446 ]
   [-0.02868794  0.0149187   2.0095446 ]
   [-0.02868794  0.0149187   2.0095446 ]
   [-0.02868794  0.0149187   2.0095446 ]
   [-0.02868794  0.0149187   2.0095446 ]
   [-0.02868794  0.0149187   2.0095446 ]
   [-0.02868794  0.0149187   2.0095446 ]]

  [[-0.02868794  0.0149187   2.0095446 ]
   [-0.02868794  0.0149187   2.0095446 ]
   [-0.02868794  0.0149187   2.0095446 ]
   [-0.02868794  0.0149187   2.0095446 ]
   [-0.02868794  0.0149187   2.0095446 ]
   [-0.02868794  0.0149187   2.0095446 ]
   [-0.02868794  0.0149187   2.0095446 ]
   [-0.02868794  0.0149187   2.0095446 ]
   [-0.02868794  0.0149187   2.0095446 ]
   [-0.02868794  0.0149187   2.0095446 ]
   [-0.02868794  0.0149187   2.0095446 ]
   [-0.02868794  0.0149187   2.0095446 ]
   [-0.02868794  0.0149187   2.0095446 ]
   [-0.02868794  0.0149187   2.0095446 ]
   [-0.04441572  2.0221672   0.03739727]
   [-0.08132358  6.73251    -4.590575  ]
   [-0.07901683  6.4381137  -4.3013268 ]
   [-0.04064105  1.5404274   0.5107125 ]
   [-0.02868794  0.0149187   2.0095446 ]
   [-0.02868794  0.0149187   2.0095446 ]
   [-0.02868794  0.0149187   2.0095446 ]
   [-0.02868794  0.0149187   2.0095446 ]
   [-0.02868794  0.0149187   2.0095446 ]
   [-0.02868794  0.0149187   2.0095446 ]
   [-0.02868794  0.0149187   2.0095446 ]
   [-0.02868794  0.0149187   2.0095446 ]
   [-0.02868794  0.0149187   2.0095446 ]
   [-0.02868794  0.0149187   2.0095446 ]]

  [[-0.02868794  0.0149187   2.0095446 ]
   [-0.02868794  0.0149187   2.0095446 ]
   [-0.02868794  0.0149187   2.0095446 ]
   [-0.02868794  0.0149187   2.0095446 ]
   [-0.02868794  0.0149187   2.0095446 ]
   [-0.02868794  0.0149187   2.0095446 ]
   [-0.02868794  0.0149187   2.0095446 ]
   [-0.02868794  0.0149187   2.0095446 ]
   [-0.02868794  0.0149187   2.0095446 ]
   [-0.02868794  0.0149187   2.0095446 ]
   [-0.02868794  0.0149187   2.0095446 ]
   [-0.02868794  0.0149187   2.0095446 ]
   [-0.02868794  0.0149187   2.0095446 ]
   [-0.03267232  0.5234216   1.509934  ]
   [-0.07503247  5.9296107  -3.8017166 ]
   [-0.08195269  6.8128     -4.6694613 ]
   [-0.06349876  4.4576283  -2.3554747 ]
   [-0.02868794  0.0149187   2.0095446 ]
   [-0.02868794  0.0149187   2.0095446 ]
   [-0.02868794  0.0149187   2.0095446 ]
   [-0.02868794  0.0149187   2.0095446 ]
   [-0.02868794  0.0149187   2.0095446 ]
   [-0.02868794  0.0149187   2.0095446 ]
   [-0.02868794  0.0149187   2.0095446 ]
   [-0.02868794  0.0149187   2.0095446 ]
   [-0.02868794  0.0149187   2.0095446 ]
   [-0.02868794  0.0149187   2.0095446 ]
   [-0.02868794  0.0149187   2.0095446 ]]

  [[-0.02868794  0.0149187   2.0095446 ]
   [-0.02868794  0.0149187   2.0095446 ]
   [-0.02868794  0.0149187   2.0095446 ]
   [-0.02868794  0.0149187   2.0095446 ]
   [-0.02868794  0.0149187   2.0095446 ]
   [-0.02868794  0.0149187   2.0095446 ]
   [-0.02868794  0.0149187   2.0095446 ]
   [-0.02868794  0.0149187   2.0095446 ]
   [-0.02868794  0.0149187   2.0095446 ]
   [-0.02868794  0.0149187   2.0095446 ]
   [-0.02868794  0.0149187   2.0095446 ]
   [-0.02868794  0.0149187   2.0095446 ]
   [-0.02931705  0.09520863  1.9306587 ]
   [-0.0712578   5.447871   -3.3284013 ]
   [-0.08195269  6.8128     -4.6694613 ]
   [-0.07461306  5.8760843  -3.7491257 ]
   [-0.03602757  0.9516346   1.0892091 ]
   [-0.02868794  0.0149187   2.0095446 ]
   [-0.02868794  0.0149187   2.0095446 ]
   [-0.02868794  0.0149187   2.0095446 ]
   [-0.02868794  0.0149187   2.0095446 ]
   [-0.02868794  0.0149187   2.0095446 ]
   [-0.02868794  0.0149187   2.0095446 ]
   [-0.02868794  0.0149187   2.0095446 ]
   [-0.02868794  0.0149187   2.0095446 ]
   [-0.02868794  0.0149187   2.0095446 ]
   [-0.02868794  0.0149187   2.0095446 ]
   [-0.02868794  0.0149187   2.0095446 ]]

  [[-0.02868794  0.0149187   2.0095446 ]
   [-0.02868794  0.0149187   2.0095446 ]
   [-0.02868794  0.0149187   2.0095446 ]
   [-0.02868794  0.0149187   2.0095446 ]
   [-0.02868794  0.0149187   2.0095446 ]
   [-0.02868794  0.0149187   2.0095446 ]
   [-0.02868794  0.0149187   2.0095446 ]
   [-0.02868794  0.0149187   2.0095446 ]
   [-0.02868794  0.0149187   2.0095446 ]
   [-0.02868794  0.0149187   2.0095446 ]
   [-0.02868794  0.0149187   2.0095446 ]
   [-0.02868794  0.0149187   2.0095446 ]
   [-0.03665669  1.0319245   1.0103233 ]
   [-0.08195269  6.8128     -4.6694613 ]
   [-0.08195269  6.8128     -4.6694613 ]
   [-0.04483513  2.0756938  -0.01519346]
   [-0.02868794  0.0149187   2.0095446 ]
   [-0.02868794  0.0149187   2.0095446 ]
   [-0.02868794  0.0149187   2.0095446 ]
   [-0.02868794  0.0149187   2.0095446 ]
   [-0.02868794  0.0149187   2.0095446 ]
   [-0.02868794  0.0149187   2.0095446 ]
   [-0.02868794  0.0149187   2.0095446 ]
   [-0.02868794  0.0149187   2.0095446 ]
   [-0.02868794  0.0149187   2.0095446 ]
   [-0.02868794  0.0149187   2.0095446 ]
   [-0.02868794  0.0149187   2.0095446 ]
   [-0.02868794  0.0149187   2.0095446 ]]

  [[-0.02868794  0.0149187   2.0095446 ]
   [-0.02868794  0.0149187   2.0095446 ]
   [-0.02868794  0.0149187   2.0095446 ]
   [-0.02868794  0.0149187   2.0095446 ]
   [-0.02868794  0.0149187   2.0095446 ]
   [-0.02868794  0.0149187   2.0095446 ]
   [-0.02868794  0.0149187   2.0095446 ]
   [-0.02868794  0.0149187   2.0095446 ]
   [-0.02868794  0.0149187   2.0095446 ]
   [-0.02868794  0.0149187   2.0095446 ]
   [-0.02868794  0.0149187   2.0095446 ]
   [-0.03518876  0.84458137  1.1943903 ]
   [-0.07566158  6.0099006  -3.8806026 ]
   [-0.08195269  6.8128     -4.6694613 ]
   [-0.05280387  3.0926998  -1.0144148 ]
   [-0.02889765  0.04168201  1.9832493 ]
   [-0.02868794  0.0149187   2.0095446 ]
   [-0.02868794  0.0149187   2.0095446 ]
   [-0.02868794  0.0149187   2.0095446 ]
   [-0.02868794  0.0149187   2.0095446 ]
   [-0.02868794  0.0149187   2.0095446 ]
   [-0.02868794  0.0149187   2.0095446 ]
   [-0.02868794  0.0149187   2.0095446 ]
   [-0.02868794  0.0149187   2.0095446 ]
   [-0.02868794  0.0149187   2.0095446 ]
   [-0.02868794  0.0149187   2.0095446 ]
   [-0.02868794  0.0149187   2.0095446 ]
   [-0.02868794  0.0149187   2.0095446 ]]

  [[-0.02868794  0.0149187   2.0095446 ]
   [-0.02868794  0.0149187   2.0095446 ]
   [-0.02868794  0.0149187   2.0095446 ]
   [-0.02868794  0.0149187   2.0095446 ]
   [-0.02868794  0.0149187   2.0095446 ]
   [-0.02868794  0.0149187   2.0095446 ]
   [-0.02868794  0.0149187   2.0095446 ]
   [-0.02868794  0.0149187   2.0095446 ]
   [-0.02868794  0.0149187   2.0095446 ]
   [-0.02868794  0.0149187   2.0095446 ]
   [-0.02868794  0.0149187   2.0095446 ]
   [-0.05657854  3.5744393  -1.48773   ]
   [-0.08195269  6.8128     -4.6694613 ]
   [-0.08195269  6.8128     -4.6694613 ]
   [-0.03959254  1.406611    0.642189  ]
   [-0.02868794  0.0149187   2.0095446 ]
   [-0.02868794  0.0149187   2.0095446 ]
   [-0.02868794  0.0149187   2.0095446 ]
   [-0.02868794  0.0149187   2.0095446 ]
   [-0.02868794  0.0149187   2.0095446 ]
   [-0.02868794  0.0149187   2.0095446 ]
   [-0.02868794  0.0149187   2.0095446 ]
   [-0.02868794  0.0149187   2.0095446 ]
   [-0.02868794  0.0149187   2.0095446 ]
   [-0.02868794  0.0149187   2.0095446 ]
   [-0.02868794  0.0149187   2.0095446 ]
   [-0.02868794  0.0149187   2.0095446 ]
   [-0.02868794  0.0149187   2.0095446 ]]

  [[-0.02868794  0.0149187   2.0095446 ]
   [-0.02868794  0.0149187   2.0095446 ]
   [-0.02868794  0.0149187   2.0095446 ]
   [-0.02868794  0.0149187   2.0095446 ]
   [-0.02868794  0.0149187   2.0095446 ]
   [-0.02868794  0.0149187   2.0095446 ]
   [-0.02868794  0.0149187   2.0095446 ]
   [-0.02868794  0.0149187   2.0095446 ]
   [-0.02868794  0.0149187   2.0095446 ]
   [-0.02868794  0.0149187   2.0095446 ]
   [-0.04147987  1.6474807   0.4055314 ]
   [-0.07943624  6.49164    -4.353918  ]
   [-0.08195269  6.8128     -4.6694613 ]
   [-0.08195269  6.8128     -4.6694613 ]
   [-0.03959254  1.406611    0.642189  ]
   [-0.02868794  0.0149187   2.0095446 ]
   [-0.02868794  0.0149187   2.0095446 ]
   [-0.02868794  0.0149187   2.0095446 ]
   [-0.02868794  0.0149187   2.0095446 ]
   [-0.02868794  0.0149187   2.0095446 ]
   [-0.02868794  0.0149187   2.0095446 ]
   [-0.02868794  0.0149187   2.0095446 ]
   [-0.02868794  0.0149187   2.0095446 ]
   [-0.02868794  0.0149187   2.0095446 ]
   [-0.02868794  0.0149187   2.0095446 ]
   [-0.02868794  0.0149187   2.0095446 ]
   [-0.02868794  0.0149187   2.0095446 ]
   [-0.02868794  0.0149187   2.0095446 ]]

  [[-0.02868794  0.0149187   2.0095446 ]
   [-0.02868794  0.0149187   2.0095446 ]
   [-0.02868794  0.0149187   2.0095446 ]
   [-0.02868794  0.0149187   2.0095446 ]
   [-0.02868794  0.0149187   2.0095446 ]
   [-0.02868794  0.0149187   2.0095446 ]
   [-0.02868794  0.0149187   2.0095446 ]
   [-0.02868794  0.0149187   2.0095446 ]
   [-0.02868794  0.0149187   2.0095446 ]
   [-0.02868794  0.0149187   2.0095446 ]
   [-0.05406209  3.2532794  -1.1721866 ]
   [-0.08195269  6.8128     -4.6694613 ]
   [-0.08195269  6.8128     -4.6694613 ]
   [-0.07461306  5.8760843  -3.7491257 ]
   [-0.03707609  1.0854511   0.9577327 ]
   [-0.02868794  0.0149187   2.0095446 ]
   [-0.02868794  0.0149187   2.0095446 ]
   [-0.02868794  0.0149187   2.0095446 ]
   [-0.02868794  0.0149187   2.0095446 ]
   [-0.02868794  0.0149187   2.0095446 ]
   [-0.02868794  0.0149187   2.0095446 ]
   [-0.02868794  0.0149187   2.0095446 ]
   [-0.02868794  0.0149187   2.0095446 ]
   [-0.02868794  0.0149187   2.0095446 ]
   [-0.02868794  0.0149187   2.0095446 ]
   [-0.02868794  0.0149187   2.0095446 ]
   [-0.02868794  0.0149187   2.0095446 ]
   [-0.02868794  0.0149187   2.0095446 ]]

  [[-0.02868794  0.0149187   2.0095446 ]
   [-0.02868794  0.0149187   2.0095446 ]
   [-0.02868794  0.0149187   2.0095446 ]
   [-0.02868794  0.0149187   2.0095446 ]
   [-0.02868794  0.0149187   2.0095446 ]
   [-0.02868794  0.0149187   2.0095446 ]
   [-0.02868794  0.0149187   2.0095446 ]
   [-0.02868794  0.0149187   2.0095446 ]
   [-0.02868794  0.0149187   2.0095446 ]
   [-0.02868794  0.0149187   2.0095446 ]
   [-0.05406209  3.2532794  -1.1721866 ]
   [-0.08195269  6.8128     -4.6694613 ]
   [-0.07209662  5.5549245  -3.4335825 ]
   [-0.03246261  0.4966583   1.5362293 ]
   [-0.02868794  0.0149187   2.0095446 ]
   [-0.02868794  0.0149187   2.0095446 ]
   [-0.02868794  0.0149187   2.0095446 ]
   [-0.02868794  0.0149187   2.0095446 ]
   [-0.02868794  0.0149187   2.0095446 ]
   [-0.02868794  0.0149187   2.0095446 ]
   [-0.02868794  0.0149187   2.0095446 ]
   [-0.02868794  0.0149187   2.0095446 ]
   [-0.02868794  0.0149187   2.0095446 ]
   [-0.02868794  0.0149187   2.0095446 ]
   [-0.02868794  0.0149187   2.0095446 ]
   [-0.02868794  0.0149187   2.0095446 ]
   [-0.02868794  0.0149187   2.0095446 ]
   [-0.02868794  0.0149187   2.0095446 ]]

  [[-0.02868794  0.0149187   2.0095446 ]
   [-0.02868794  0.0149187   2.0095446 ]
   [-0.02868794  0.0149187   2.0095446 ]
   [-0.02868794  0.0149187   2.0095446 ]
   [-0.02868794  0.0149187   2.0095446 ]
   [-0.02868794  0.0149187   2.0095446 ]
   [-0.02868794  0.0149187   2.0095446 ]
   [-0.02868794  0.0149187   2.0095446 ]
   [-0.02868794  0.0149187   2.0095446 ]
   [-0.02868794  0.0149187   2.0095446 ]
   [-0.02868794  0.0149187   2.0095446 ]
   [-0.02868794  0.0149187   2.0095446 ]
   [-0.02868794  0.0149187   2.0095446 ]
   [-0.02868794  0.0149187   2.0095446 ]
   [-0.02868794  0.0149187   2.0095446 ]
   [-0.02868794  0.0149187   2.0095446 ]
   [-0.02868794  0.0149187   2.0095446 ]
   [-0.02868794  0.0149187   2.0095446 ]
   [-0.02868794  0.0149187   2.0095446 ]
   [-0.02868794  0.0149187   2.0095446 ]
   [-0.02868794  0.0149187   2.0095446 ]
   [-0.02868794  0.0149187   2.0095446 ]
   [-0.02868794  0.0149187   2.0095446 ]
   [-0.02868794  0.0149187   2.0095446 ]
   [-0.02868794  0.0149187   2.0095446 ]
   [-0.02868794  0.0149187   2.0095446 ]
   [-0.02868794  0.0149187   2.0095446 ]
   [-0.02868794  0.0149187   2.0095446 ]]]]