[[[ 0.0000000e+00  0.0000000e+00  0.0000000e+00]
  [ 0.0000000e+00  0.0000000e+00  0.0000000e+00]
  [ 0.0000000e+00  0.0000000e+00  0.0000000e+00]
  [ 0.0000000e+00  0.0000000e+00  0.0000000e+00]
  [ 0.0000000e+00  0.0000000e+00  0.0000000e+00]
  [ 0.0000000e+00  0.0000000e+00  0.0000000e+00]
  [ 0.0000000e+00  0.0000000e+00  0.0000000e+00]
  [ 0.0000000e+00  0.0000000e+00  0.0000000e+00]
  [ 0.0000000e+00  0.0000000e+00  0.0000000e+00]
  [ 0.0000000e+00  0.0000000e+00  0.0000000e+00]
  [ 0.0000000e+00  0.0000000e+00  0.0000000e+00]
  [ 0.0000000e+00  0.0000000e+00  0.0000000e+00]
  [ 0.0000000e+00  0.0000000e+00  0.0000000e+00]
  [ 0.0000000e+00  0.0000000e+00  0.0000000e+00]
  [ 0.0000000e+00  0.0000000e+00  0.0000000e+00]
  [ 0.0000000e+00  0.0000000e+00  0.0000000e+00]
  [ 0.0000000e+00  0.0000000e+00  0.0000000e+00]
  [ 0.0000000e+00  0.0000000e+00  0.0000000e+00]
  [ 0.0000000e+00  0.0000000e+00  0.0000000e+00]
  [ 0.0000000e+00  0.0000000e+00  0.0000000e+00]
  [ 0.0000000e+00  0.0000000e+00  0.0000000e+00]
  [ 0.0000000e+00  0.0000000e+00  0.0000000e+00]
  [ 0.0000000e+00  0.0000000e+00  0.0000000e+00]
  [ 0.0000000e+00  0.0000000e+00  0.0000000e+00]
  [ 0.0000000e+00  0.0000000e+00  0.0000000e+00]
  [ 0.0000000e+00  0.0000000e+00  0.0000000e+00]
  [ 0.0000000e+00  0.0000000e+00  0.0000000e+00]
  [ 0.0000000e+00  0.0000000e+00  0.0000000e+00]]

 [[ 0.0000000e+00  0.0000000e+00  0.0000000e+00]
  [ 0.0000000e+00  0.0000000e+00  0.0000000e+00]
  [ 0.0000000e+00  0.0000000e+00  0.0000000e+00]
  [ 0.0000000e+00  0.0000000e+00  0.0000000e+00]
  [ 0.0000000e+00  0.0000000e+00  0.0000000e+00]
  [ 0.0000000e+00  0.0000000e+00  0.0000000e+00]
  [ 0.0000000e+00  0.0000000e+00  0.0000000e+00]
  [ 0.0000000e+00  0.0000000e+00  0.0000000e+00]
  [ 0.0000000e+00  0.0000000e+00  0.0000000e+00]
  [ 0.0000000e+00  0.0000000e+00  0.0000000e+00]
  [ 0.0000000e+00  0.0000000e+00  0.0000000e+00]
  [ 0.0000000e+00  0.0000000e+00  0.0000000e+00]
  [ 0.0000000e+00  0.0000000e+00  0.0000000e+00]
  [ 0.0000000e+00  0.0000000e+00  0.0000000e+00]
  [ 0.0000000e+00  0.0000000e+00  0.0000000e+00]
  [ 0.0000000e+00  0.0000000e+00  0.0000000e+00]
  [ 0.0000000e+00  0.0000000e+00  0.0000000e+00]
  [ 0.0000000e+00  0.0000000e+00  0.0000000e+00]
  [ 0.0000000e+00  0.0000000e+00  0.0000000e+00]
  [ 0.0000000e+00  0.0000000e+00  0.0000000e+00]
  [ 0.0000000e+00  0.0000000e+00  0.0000000e+00]
  [ 0.0000000e+00  0.0000000e+00  0.0000000e+00]
  [ 0.0000000e+00  0.0000000e+00  0.0000000e+00]
  [ 0.0000000e+00  0.0000000e+00  0.0000000e+00]
  [ 0.0000000e+00  0.0000000e+00  0.0000000e+00]
  [ 0.0000000e+00  0.0000000e+00  0.0000000e+00]
  [ 0.0000000e+00  0.0000000e+00  0.0000000e+00]
  [ 0.0000000e+00  0.0000000e+00  0.0000000e+00]]

 [[ 0.0000000e+00  0.0000000e+00  0.0000000e+00]
  [ 0.0000000e+00  0.0000000e+00  0.0000000e+00]
  [ 0.0000000e+00  0.0000000e+00  0.0000000e+00]
  [ 0.0000000e+00  0.0000000e+00  0.0000000e+00]
  [ 0.0000000e+00  0.0000000e+00  0.0000000e+00]
  [ 0.0000000e+00  0.0000000e+00  0.0000000e+00]
  [ 0.0000000e+00  0.0000000e+00  0.0000000e+00]
  [ 0.0000000e+00  0.0000000e+00  0.0000000e+00]
  [ 0.0000000e+00  0.0000000e+00  0.0000000e+00]
  [ 0.0000000e+00  0.0000000e+00  0.0000000e+00]
  [ 0.0000000e+00  0.0000000e+00  0.0000000e+00]
  [ 0.0000000e+00  0.0000000e+00  0.0000000e+00]
  [ 0.0000000e+00  0.0000000e+00  0.0000000e+00]
  [ 0.0000000e+00  0.0000000e+00  0.0000000e+00]
  [ 0.0000000e+00  0.0000000e+00  0.0000000e+00]
  [ 0.0000000e+00  0.0000000e+00  0.0000000e+00]
  [ 0.0000000e+00  0.0000000e+00  0.0000000e+00]
  [ 0.0000000e+00  0.0000000e+00  0.0000000e+00]
  [ 0.0000000e+00  0.0000000e+00  0.0000000e+00]
  [ 0.0000000e+00  0.0000000e+00  0.0000000e+00]
  [ 0.0000000e+00  0.0000000e+00  0.0000000e+00]
  [ 0.0000000e+00  0.0000000e+00  0.0000000e+00]
  [ 0.0000000e+00  0.0000000e+00  0.0000000e+00]
  [ 0.0000000e+00  0.0000000e+00  0.0000000e+00]
  [ 0.0000000e+00  0.0000000e+00  0.0000000e+00]
  [ 0.0000000e+00  0.0000000e+00  0.0000000e+00]
  [ 0.0000000e+00  0.0000000e+00  0.0000000e+00]
  [ 0.0000000e+00  0.0000000e+00  0.0000000e+00]]

 [[ 0.0000000e+00  0.0000000e+00  0.0000000e+00]
  [ 0.0000000e+00  0.0000000e+00  0.0000000e+00]
  [ 0.0000000e+00  0.0000000e+00  0.0000000e+00]
  [ 0.0000000e+00  0.0000000e+00  0.0000000e+00]
  [ 0.0000000e+00  0.0000000e+00  0.0000000e+00]
  [ 0.0000000e+00  0.0000000e+00  0.0000000e+00]
  [ 0.0000000e+00  0.0000000e+00  0.0000000e+00]
  [ 0.0000000e+00  0.0000000e+00  0.0000000e+00]
  [ 0.0000000e+00  0.0000000e+00  0.0000000e+00]
  [ 0.0000000e+00  0.0000000e+00  0.0000000e+00]
  [ 0.0000000e+00  0.0000000e+00  0.0000000e+00]
  [ 0.0000000e+00  0.0000000e+00  0.0000000e+00]
  [ 0.0000000e+00  0.0000000e+00  0.0000000e+00]
  [ 0.0000000e+00  0.0000000e+00  0.0000000e+00]
  [ 0.0000000e+00  0.0000000e+00  0.0000000e+00]
  [ 0.0000000e+00  0.0000000e+00  0.0000000e+00]
  [ 0.0000000e+00  0.0000000e+00  0.0000000e+00]
  [ 0.0000000e+00  0.0000000e+00  0.0000000e+00]
  [ 0.0000000e+00  0.0000000e+00  0.0000000e+00]
  [ 0.0000000e+00  0.0000000e+00  0.0000000e+00]
  [ 0.0000000e+00  0.0000000e+00  0.0000000e+00]
  [ 0.0000000e+00  0.0000000e+00  0.0000000e+00]
  [ 0.0000000e+00  0.0000000e+00  0.0000000e+00]
  [ 0.0000000e+00  0.0000000e+00  0.0000000e+00]
  [ 0.0000000e+00  0.0000000e+00  0.0000000e+00]
  [ 0.0000000e+00  0.0000000e+00  0.0000000e+00]
  [ 0.0000000e+00  0.0000000e+00  0.0000000e+00]
  [ 0.0000000e+00  0.0000000e+00  0.0000000e+00]]

 [[ 0.0000000e+00  0.0000000e+00  0.0000000e+00]
  [ 0.0000000e+00  0.0000000e+00  0.0000000e+00]
  [ 0.0000000e+00  0.0000000e+00  0.0000000e+00]
  [ 0.0000000e+00  0.0000000e+00  0.0000000e+00]
  [ 0.0000000e+00  0.0000000e+00  0.0000000e+00]
  [ 0.0000000e+00  0.0000000e+00  0.0000000e+00]
  [ 0.0000000e+00  0.0000000e+00  0.0000000e+00]
  [ 0.0000000e+00  0.0000000e+00  0.0000000e+00]
  [ 0.0000000e+00  0.0000000e+00  0.0000000e+00]
  [ 0.0000000e+00  0.0000000e+00  0.0000000e+00]
  [ 0.0000000e+00  0.0000000e+00  0.0000000e+00]
  [ 0.0000000e+00  0.0000000e+00  0.0000000e+00]
  [ 0.0000000e+00  0.0000000e+00  0.0000000e+00]
  [ 0.0000000e+00  0.0000000e+00  0.0000000e+00]
  [ 0.0000000e+00  0.0000000e+00  0.0000000e+00]
  [ 0.0000000e+00  0.0000000e+00  0.0000000e+00]
  [ 0.0000000e+00  0.0000000e+00  0.0000000e+00]
  [ 0.0000000e+00  0.0000000e+00  0.0000000e+00]
  [ 0.0000000e+00  0.0000000e+00  0.0000000e+00]
  [ 0.0000000e+00  0.0000000e+00  0.0000000e+00]
  [ 0.0000000e+00  0.0000000e+00  0.0000000e+00]
  [ 0.0000000e+00  0.0000000e+00  0.0000000e+00]
  [ 0.0000000e+00  0.0000000e+00  0.0000000e+00]
  [ 0.0000000e+00  0.0000000e+00  0.0000000e+00]
  [ 0.0000000e+00  0.0000000e+00  0.0000000e+00]
  [ 0.0000000e+00  0.0000000e+00  0.0000000e+00]
  [ 0.0000000e+00  0.0000000e+00  0.0000000e+00]
  [ 0.0000000e+00  0.0000000e+00  0.0000000e+00]]

 [[ 0.0000000e+00  0.0000000e+00  0.0000000e+00]
  [ 0.0000000e+00  0.0000000e+00  0.0000000e+00]
  [ 0.0000000e+00  0.0000000e+00  0.0000000e+00]
  [ 0.0000000e+00  0.0000000e+00  0.0000000e+00]
  [ 0.0000000e+00  0.0000000e+00  0.0000000e+00]
  [ 0.0000000e+00  0.0000000e+00  0.0000000e+00]
  [ 0.0000000e+00  0.0000000e+00  0.0000000e+00]
  [ 0.0000000e+00  0.0000000e+00  0.0000000e+00]
  [ 0.0000000e+00  0.0000000e+00  0.0000000e+00]
  [ 0.0000000e+00  0.0000000e+00  0.0000000e+00]
  [ 0.0000000e+00  0.0000000e+00  0.0000000e+00]
  [ 0.0000000e+00  0.0000000e+00  0.0000000e+00]
  [ 0.0000000e+00  0.0000000e+00  0.0000000e+00]
  [ 0.0000000e+00  0.0000000e+00  0.0000000e+00]
  [ 0.0000000e+00  0.0000000e+00  0.0000000e+00]
  [ 0.0000000e+00  0.0000000e+00  0.0000000e+00]
  [ 0.0000000e+00  0.0000000e+00  0.0000000e+00]
  [ 0.0000000e+00  0.0000000e+00  0.0000000e+00]
  [ 0.0000000e+00  0.0000000e+00  0.0000000e+00]
  [ 0.0000000e+00  0.0000000e+00  0.0000000e+00]
  [ 0.0000000e+00  0.0000000e+00  0.0000000e+00]
  [ 0.0000000e+00  0.0000000e+00  0.0000000e+00]
  [ 0.0000000e+00  0.0000000e+00  0.0000000e+00]
  [ 0.0000000e+00  0.0000000e+00  0.0000000e+00]
  [ 0.0000000e+00  0.0000000e+00  0.0000000e+00]
  [ 0.0000000e+00  0.0000000e+00  0.0000000e+00]
  [ 0.0000000e+00  0.0000000e+00  0.0000000e+00]
  [ 0.0000000e+00  0.0000000e+00  0.0000000e+00]]

 [[ 0.0000000e+00  0.0000000e+00  0.0000000e+00]
  [ 0.0000000e+00  0.0000000e+00  0.0000000e+00]
  [ 0.0000000e+00  0.0000000e+00  0.0000000e+00]
  [ 0.0000000e+00  0.0000000e+00  0.0000000e+00]
  [ 0.0000000e+00  0.0000000e+00  0.0000000e+00]
  [ 0.0000000e+00  0.0000000e+00  0.0000000e+00]
  [ 0.0000000e+00  0.0000000e+00  0.0000000e+00]
  [ 0.0000000e+00  0.0000000e+00  0.0000000e+00]
  [ 0.0000000e+00  0.0000000e+00  0.0000000e+00]
  [ 0.0000000e+00  0.0000000e+00  0.0000000e+00]
  [ 0.0000000e+00  0.0000000e+00  0.0000000e+00]
  [ 0.0000000e+00  0.0000000e+00  0.0000000e+00]
  [ 0.0000000e+00  0.0000000e+00  0.0000000e+00]
  [ 0.0000000e+00  0.0000000e+00  0.0000000e+00]
  [ 0.0000000e+00  0.0000000e+00  0.0000000e+00]
  [ 0.0000000e+00  0.0000000e+00  0.0000000e+00]
  [ 0.0000000e+00  0.0000000e+00  0.0000000e+00]
  [ 0.0000000e+00  0.0000000e+00  0.0000000e+00]
  [ 0.0000000e+00  0.0000000e+00  0.0000000e+00]
  [ 0.0000000e+00  0.0000000e+00  0.0000000e+00]
  [ 0.0000000e+00  0.0000000e+00  0.0000000e+00]
  [ 0.0000000e+00  0.0000000e+00  0.0000000e+00]
  [ 0.0000000e+00  0.0000000e+00  0.0000000e+00]
  [ 0.0000000e+00  0.0000000e+00  0.0000000e+00]
  [ 0.0000000e+00  0.0000000e+00  0.0000000e+00]
  [ 0.0000000e+00  0.0000000e+00  0.0000000e+00]
  [ 0.0000000e+00  0.0000000e+00  0.0000000e+00]
  [ 0.0000000e+00  0.0000000e+00  0.0000000e+00]]

 [[ 0.0000000e+00  0.0000000e+00  0.0000000e+00]
  [ 0.0000000e+00  0.0000000e+00  0.0000000e+00]
  [ 0.0000000e+00  0.0000000e+00  0.0000000e+00]
  [ 0.0000000e+00  0.0000000e+00  0.0000000e+00]
  [ 0.0000000e+00  0.0000000e+00  0.0000000e+00]
  [ 0.0000000e+00  0.0000000e+00  0.0000000e+00]
  [-1.7615112e-02  2.2481182e+00 -2.2088051e+00]
  [-3.8795188e-02  4.9512124e+00 -4.8646302e+00]
  [-3.3342890e-02  4.2553663e+00 -4.1809525e+00]
  [-3.1665262e-02  4.0412598e+00 -3.9705901e+00]
  [-1.2582223e-02  1.6057987e+00 -1.5777179e+00]
  [-7.5493339e-03  9.6347922e-01 -9.4663072e-01]
  [ 0.0000000e+00  0.0000000e+00  0.0000000e+00]
  [ 0.0000000e+00  0.0000000e+00  0.0000000e+00]
  [ 0.0000000e+00  0.0000000e+00  0.0000000e+00]
  [ 0.0000000e+00  0.0000000e+00  0.0000000e+00]
  [ 0.0000000e+00  0.0000000e+00  0.0000000e+00]
  [ 0.0000000e+00  0.0000000e+00  0.0000000e+00]
  [ 0.0000000e+00  0.0000000e+00  0.0000000e+00]
  [ 0.0000000e+00  0.0000000e+00  0.0000000e+00]
  [ 0.0000000e+00  0.0000000e+00  0.0000000e+00]
  [ 0.0000000e+00  0.0000000e+00  0.0000000e+00]
  [ 0.0000000e+00  0.0000000e+00  0.0000000e+00]
  [ 0.0000000e+00  0.0000000e+00  0.0000000e+00]
  [ 0.0000000e+00  0.0000000e+00  0.0000000e+00]
  [ 0.0000000e+00  0.0000000e+00  0.0000000e+00]
  [ 0.0000000e+00  0.0000000e+00  0.0000000e+00]
  [ 0.0000000e+00  0.0000000e+00  0.0000000e+00]]

 [[ 0.0000000e+00  0.0000000e+00  0.0000000e+00]
  [ 0.0000000e+00  0.0000000e+00  0.0000000e+00]
  [ 0.0000000e+00  0.0000000e+00  0.0000000e+00]
  [ 0.0000000e+00  0.0000000e+00  0.0000000e+00]
  [ 0.0000000e+00  0.0000000e+00  0.0000000e+00]
  [ 0.0000000e+00  0.0000000e+00  0.0000000e+00]
  [-4.6554226e-02  5.9414554e+00 -5.8375564e+00]
  [-5.3264745e-02  6.7978811e+00 -6.6790061e+00]
  [-5.3264745e-02  6.7978811e+00 -6.6790061e+00]
  [-5.3264745e-02  6.7978811e+00 -6.6790061e+00]
  [-5.3264745e-02  6.7978811e+00 -6.6790061e+00]
  [-5.0538596e-02  6.4499583e+00 -6.3371673e+00]
  [-4.1521337e-02  5.2991357e+00 -5.2064695e+00]
  [-4.1521337e-02  5.2991357e+00 -5.2064695e+00]
  [-4.1521337e-02  5.2991357e+00 -5.2064695e+00]
  [-4.1521337e-02  5.2991357e+00 -5.2064695e+00]
  [-4.1521337e-02  5.2991357e+00 -5.2064695e+00]
  [-4.1521337e-02  5.2991357e+00 -5.2064695e+00]
  [-4.1521337e-02  5.2991357e+00 -5.2064695e+00]
  [-4.1521337e-02  5.2991357e+00 -5.2064695e+00]
  [-3.5649631e-02  4.5497627e+00 -4.4702005e+00]
  [-1.0904593e-02  1.3916923e+00 -1.3673556e+00]
  [ 0.0000000e+00  0.0000000e+00  0.0000000e+00]
  [ 0.0000000e+00  0.0000000e+00  0.0000000e+00]
  [ 0.0000000e+00  0.0000000e+00  0.0000000e+00]
  [ 0.0000000e+00  0.0000000e+00  0.0000000e+00]
  [ 0.0000000e+00  0.0000000e+00  0.0000000e+00]
  [ 0.0000000e+00  0.0000000e+00  0.0000000e+00]]

 [[ 0.0000000e+00  0.0000000e+00  0.0000000e+00]
  [ 0.0000000e+00  0.0000000e+00  0.0000000e+00]
  [ 0.0000000e+00  0.0000000e+00  0.0000000e+00]
  [ 0.0000000e+00  0.0000000e+00  0.0000000e+00]
  [ 0.0000000e+00  0.0000000e+00  0.0000000e+00]
  [ 0.0000000e+00  0.0000000e+00  0.0000000e+00]
  [-1.4050149e-02  1.7931418e+00 -1.7617850e+00]
  [-2.3906223e-02  3.0510175e+00 -2.9976642e+00]
  [-1.5098668e-02  1.9269584e+00 -1.8932614e+00]
  [-2.3906223e-02  3.0510175e+00 -2.9976642e+00]
  [-3.4181707e-02  4.3624196e+00 -4.2861338e+00]
  [-4.7602743e-02  6.0752721e+00 -5.9690328e+00]
  [-5.3264745e-02  6.7978811e+00 -6.6790061e+00]
  [-4.7183339e-02  6.0217452e+00 -5.9164424e+00]
  [-5.3264745e-02  6.7978811e+00 -6.6790061e+00]
  [-5.3264745e-02  6.7978811e+00 -6.6790061e+00]
  [-5.3264745e-02  6.7978811e+00 -6.6790061e+00]
  [-5.2425928e-02  6.6908278e+00 -6.5738249e+00]
  [-4.8022151e-02  6.1287985e+00 -6.0216236e+00]
  [-5.3264745e-02  6.7978811e+00 -6.6790061e+00]
  [-5.3264745e-02  6.7978811e+00 -6.6790061e+00]
  [-2.9358521e-02  3.7468636e+00 -3.6813419e+00]
  [ 0.0000000e+00  0.0000000e+00  0.0000000e+00]
  [ 0.0000000e+00  0.0000000e+00  0.0000000e+00]
  [ 0.0000000e+00  0.0000000e+00  0.0000000e+00]
  [ 0.0000000e+00  0.0000000e+00  0.0000000e+00]
  [ 0.0000000e+00  0.0000000e+00  0.0000000e+00]
  [ 0.0000000e+00  0.0000000e+00  0.0000000e+00]]

 [[ 0.0000000e+00  0.0000000e+00  0.0000000e+00]
  [ 0.0000000e+00  0.0000000e+00  0.0000000e+00]
  [ 0.0000000e+00  0.0000000e+00  0.0000000e+00]
  [ 0.0000000e+00  0.0000000e+00  0.0000000e+00]
  [ 0.0000000e+00  0.0000000e+00  0.0000000e+00]
  [ 0.0000000e+00  0.0000000e+00  0.0000000e+00]
  [ 0.0000000e+00  0.0000000e+00  0.0000000e+00]
  [ 0.0000000e+00  0.0000000e+00  0.0000000e+00]
  [ 0.0000000e+00  0.0000000e+00  0.0000000e+00]
  [ 0.0000000e+00  0.0000000e+00  0.0000000e+00]
  [ 0.0000000e+00  0.0000000e+00  0.0000000e+00]
  [-3.5649631e-03  4.5497629e-01 -4.4702008e-01]
  [-1.3840445e-02  1.7663785e+00 -1.7354897e+00]
  [-2.9358522e-03  3.7468636e-01 -3.6813420e-01]
  [-1.4050149e-02  1.7931418e+00 -1.7617850e+00]
  [-1.4050149e-02  1.7931418e+00 -1.7617850e+00]
  [-1.4050149e-02  1.7931418e+00 -1.7617850e+00]
  [-1.2372520e-02  1.5790354e+00 -1.5514226e+00]
  [-4.4037779e-03  5.6202954e-01 -5.5220127e-01]
  [-4.9490079e-02  6.3161416e+00 -6.2056904e+00]
  [-5.3264745e-02  6.7978811e+00 -6.6790061e+00]
  [-2.2228595e-02  2.8369112e+00 -2.7873018e+00]
  [ 0.0000000e+00  0.0000000e+00  0.0000000e+00]
  [ 0.0000000e+00  0.0000000e+00  0.0000000e+00]
  [ 0.0000000e+00  0.0000000e+00  0.0000000e+00]
  [ 0.0000000e+00  0.0000000e+00  0.0000000e+00]
  [ 0.0000000e+00  0.0000000e+00  0.0000000e+00]
  [ 0.0000000e+00  0.0000000e+00  0.0000000e+00]]

 [[ 0.0000000e+00  0.0000000e+00  0.0000000e+00]
  [ 0.0000000e+00  0.0000000e+00  0.0000000e+00]
  [ 0.0000000e+00  0.0000000e+00  0.0000000e+00]
  [ 0.0000000e+00  0.0000000e+00  0.0000000e+00]
  [ 0.0000000e+00  0.0000000e+00  0.0000000e+00]
  [ 0.0000000e+00  0.0000000e+00  0.0000000e+00]
  [ 0.0000000e+00  0.0000000e+00  0.0000000e+00]
  [ 0.0000000e+00  0.0000000e+00  0.0000000e+00]
  [ 0.0000000e+00  0.0000000e+00  0.0000000e+00]
  [ 0.0000000e+00  0.0000000e+00  0.0000000e+00]
  [ 0.0000000e+00  0.0000000e+00  0.0000000e+00]
  [ 0.0000000e+00  0.0000000e+00  0.0000000e+00]
  [ 0.0000000e+00  0.0000000e+00  0.0000000e+00]
  [ 0.0000000e+00  0.0000000e+00  0.0000000e+00]
  [ 0.0000000e+00  0.0000000e+00  0.0000000e+00]
  [ 0.0000000e+00  0.0000000e+00  0.0000000e+00]
  [ 0.0000000e+00  0.0000000e+00  0.0000000e+00]
  [ 0.0000000e+00  0.0000000e+00  0.0000000e+00]
  [-1.7405408e-02  2.2213547e+00 -2.1825097e+00]
  [-5.3055041e-02  6.7711177e+00 -6.6527104e+00]
  [-4.3828078e-02  5.5935321e+00 -5.4957175e+00]
  [-3.7746669e-03  4.8173961e-01 -4.7331536e-01]
  [ 0.0000000e+00  0.0000000e+00  0.0000000e+00]
  [ 0.0000000e+00  0.0000000e+00  0.0000000e+00]
  [ 0.0000000e+00  0.0000000e+00  0.0000000e+00]
  [ 0.0000000e+00  0.0000000e+00  0.0000000e+00]
  [ 0.0000000e+00  0.0000000e+00  0.0000000e+00]
  [ 0.0000000e+00  0.0000000e+00  0.0000000e+00]]

 [[ 0.0000000e+00  0.0000000e+00  0.0000000e+00]
  [ 0.0000000e+00  0.0000000e+00  0.0000000e+00]
  [ 0.0000000e+00  0.0000000e+00  0.0000000e+00]
  [ 0.0000000e+00  0.0000000e+00  0.0000000e+00]
  [ 0.0000000e+00  0.0000000e+00  0.0000000e+00]
  [ 0.0000000e+00  0.0000000e+00  0.0000000e+00]
  [ 0.0000000e+00  0.0000000e+00  0.0000000e+00]
  [ 0.0000000e+00  0.0000000e+00  0.0000000e+00]
  [ 0.0000000e+00  0.0000000e+00  0.0000000e+00]
  [ 0.0000000e+00  0.0000000e+00  0.0000000e+00]
  [ 0.0000000e+00  0.0000000e+00  0.0000000e+00]
  [ 0.0000000e+00  0.0000000e+00  0.0000000e+00]
  [ 0.0000000e+00  0.0000000e+00  0.0000000e+00]
  [ 0.0000000e+00  0.0000000e+00  0.0000000e+00]
  [ 0.0000000e+00  0.0000000e+00  0.0000000e+00]
  [ 0.0000000e+00  0.0000000e+00  0.0000000e+00]
  [ 0.0000000e+00  0.0000000e+00  0.0000000e+00]
  [-4.6134815e-03  5.8879286e-01 -5.7849658e-01]
  [-4.8860967e-02  6.2358518e+00 -6.1268048e+00]
  [-5.3474445e-02  6.8246441e+00 -6.7053008e+00]
  [-1.7405408e-02  2.2213547e+00 -2.1825097e+00]
  [ 0.0000000e+00  0.0000000e+00  0.0000000e+00]
  [ 0.0000000e+00  0.0000000e+00  0.0000000e+00]
  [ 0.0000000e+00  0.0000000e+00  0.0000000e+00]
  [ 0.0000000e+00  0.0000000e+00  0.0000000e+00]
  [ 0.0000000e+00  0.0000000e+00  0.0000000e+00]
  [ 0.0000000e+00  0.0000000e+00  0.0000000e+00]
  [ 0.0000000e+00  0.0000000e+00  0.0000000e+00]]

 [[ 0.0000000e+00  0.0000000e+00  0.0000000e+00]
  [ 0.0000000e+00  0.0000000e+00  0.0000000e+00]
  [ 0.0000000e+00  0.0000000e+00  0.0000000e+00]
  [ 0.0000000e+00  0.0000000e+00  0.0000000e+00]
  [ 0.0000000e+00  0.0000000e+00  0.0000000e+00]
  [ 0.0000000e+00  0.0000000e+00  0.0000000e+00]
  [ 0.0000000e+00  0.0000000e+00  0.0000000e+00]
  [ 0.0000000e+00  0.0000000e+00  0.0000000e+00]
  [ 0.0000000e+00  0.0000000e+00  0.0000000e+00]
  [ 0.0000000e+00  0.0000000e+00  0.0000000e+00]
  [ 0.0000000e+00  0.0000000e+00  0.0000000e+00]
  [ 0.0000000e+00  0.0000000e+00  0.0000000e+00]
  [ 0.0000000e+00  0.0000000e+00  0.0000000e+00]
  [ 0.0000000e+00  0.0000000e+00  0.0000000e+00]
  [ 0.0000000e+00  0.0000000e+00  0.0000000e+00]
  [ 0.0000000e+00  0.0000000e+00  0.0000000e+00]
  [ 0.0000000e+00  0.0000000e+00  0.0000000e+00]
  [-2.7051780e-02  3.4524672e+00 -3.3920937e+00]
  [-5.3264745e-02  6.7978811e+00 -6.6790061e+00]
  [-4.9909484e-02  6.3696685e+00 -6.2582812e+00]
  [-9.2269629e-03  1.1775857e+00 -1.1569932e+00]
  [ 0.0000000e+00  0.0000000e+00  0.0000000e+00]
  [ 0.0000000e+00  0.0000000e+00  0.0000000e+00]
  [ 0.0000000e+00  0.0000000e+00  0.0000000e+00]
  [ 0.0000000e+00  0.0000000e+00  0.0000000e+00]
  [ 0.0000000e+00  0.0000000e+00  0.0000000e+00]
  [ 0.0000000e+00  0.0000000e+00  0.0000000e+00]
  [ 0.0000000e+00  0.0000000e+00  0.0000000e+00]]

 [[ 0.0000000e+00  0.0000000e+00  0.0000000e+00]
  [ 0.0000000e+00  0.0000000e+00  0.0000000e+00]
  [ 0.0000000e+00  0.0000000e+00  0.0000000e+00]
  [ 0.0000000e+00  0.0000000e+00  0.0000000e+00]
  [ 0.0000000e+00  0.0000000e+00  0.0000000e+00]
  [ 0.0000000e+00  0.0000000e+00  0.0000000e+00]
  [ 0.0000000e+00  0.0000000e+00  0.0000000e+00]
  [ 0.0000000e+00  0.0000000e+00  0.0000000e+00]
  [ 0.0000000e+00  0.0000000e+00  0.0000000e+00]
  [ 0.0000000e+00  0.0000000e+00  0.0000000e+00]
  [ 0.0000000e+00  0.0000000e+00  0.0000000e+00]
  [ 0.0000000e+00  0.0000000e+00  0.0000000e+00]
  [ 0.0000000e+00  0.0000000e+00  0.0000000e+00]
  [ 0.0000000e+00  0.0000000e+00  0.0000000e+00]
  [ 0.0000000e+00  0.0000000e+00  0.0000000e+00]
  [ 0.0000000e+00  0.0000000e+00  0.0000000e+00]
  [-1.2372520e-02  1.5790354e+00 -1.5514226e+00]
  [-5.2216224e-02  6.6640644e+00 -6.5475292e+00]
  [-5.3264745e-02  6.7978811e+00 -6.6790061e+00]
  [-1.3001631e-02  1.6593254e+00 -1.6303085e+00]
  [ 0.0000000e+00  0.0000000e+00  0.0000000e+00]
  [ 0.0000000e+00  0.0000000e+00  0.0000000e+00]
  [ 0.0000000e+00  0.0000000e+00  0.0000000e+00]
  [ 0.0000000e+00  0.0000000e+00  0.0000000e+00]
  [ 0.0000000e+00  0.0000000e+00  0.0000000e+00]
  [ 0.0000000e+00  0.0000000e+00  0.0000000e+00]
  [ 0.0000000e+00  0.0000000e+00  0.0000000e+00]
  [ 0.0000000e+00  0.0000000e+00  0.0000000e+00]]

 [[ 0.0000000e+00  0.0000000e+00  0.0000000e+00]
  [ 0.0000000e+00  0.0000000e+00  0.0000000e+00]
  [ 0.0000000e+00  0.0000000e+00  0.0000000e+00]
  [ 0.0000000e+00  0.0000000e+00  0.0000000e+00]
  [ 0.0000000e+00  0.0000000e+00  0.0000000e+00]
  [ 0.0000000e+00  0.0000000e+00  0.0000000e+00]
  [ 0.0000000e+00  0.0000000e+00  0.0000000e+00]
  [ 0.0000000e+00  0.0000000e+00  0.0000000e+00]
  [ 0.0000000e+00  0.0000000e+00  0.0000000e+00]
  [ 0.0000000e+00  0.0000000e+00  0.0000000e+00]
  [ 0.0000000e+00  0.0000000e+00  0.0000000e+00]
  [ 0.0000000e+00  0.0000000e+00  0.0000000e+00]
  [ 0.0000000e+00  0.0000000e+00  0.0000000e+00]
  [ 0.0000000e+00  0.0000000e+00  0.0000000e+00]
  [ 0.0000000e+00  0.0000000e+00  0.0000000e+00]
  [ 0.0000000e+00  0.0000000e+00  0.0000000e+00]
  [-2.7890595e-02  3.5595205e+00 -3.4972746e+00]
  [-5.3264745e-02  6.7978811e+00 -6.6790061e+00]
  [-3.9214592e-02  5.0047393e+00 -4.9172206e+00]
  [-1.0485186e-03  1.3381656e-01 -1.3147649e-01]
  [ 0.0000000e+00  0.0000000e+00  0.0000000e+00]
  [ 0.0000000e+00  0.0000000e+00  0.0000000e+00]
  [ 0.0000000e+00  0.0000000e+00  0.0000000e+00]
  [ 0.0000000e+00  0.0000000e+00  0.0000000e+00]
  [ 0.0000000e+00  0.0000000e+00  0.0000000e+00]
  [ 0.0000000e+00  0.0000000e+00  0.0000000e+00]
  [ 0.0000000e+00  0.0000000e+00  0.0000000e+00]
  [ 0.0000000e+00  0.0000000e+00  0.0000000e+00]]

 [[ 0.0000000e+00  0.0000000e+00  0.0000000e+00]
  [ 0.0000000e+00  0.0000000e+00  0.0000000e+00]
  [ 0.0000000e+00  0.0000000e+00  0.0000000e+00]
  [ 0.0000000e+00  0.0000000e+00  0.0000000e+00]
  [ 0.0000000e+00  0.0000000e+00  0.0000000e+00]
  [ 0.0000000e+00  0.0000000e+00  0.0000000e+00]
  [ 0.0000000e+00  0.0000000e+00  0.0000000e+00]
  [ 0.0000000e+00  0.0000000e+00  0.0000000e+00]
  [ 0.0000000e+00  0.0000000e+00  0.0000000e+00]
  [ 0.0000000e+00  0.0000000e+00  0.0000000e+00]
  [ 0.0000000e+00  0.0000000e+00  0.0000000e+00]
  [ 0.0000000e+00  0.0000000e+00  0.0000000e+00]
  [ 0.0000000e+00  0.0000000e+00  0.0000000e+00]
  [ 0.0000000e+00  0.0000000e+00  0.0000000e+00]
  [ 0.0000000e+00  0.0000000e+00  0.0000000e+00]
  [-1.8873335e-03  2.4086981e-01 -2.3665768e-01]
  [-4.2989265e-02  5.4864793e+00 -5.3905363e+00]
  [-5.2006524e-02  6.6373014e+00 -6.5212340e+00]
  [-1.2162816e-02  1.5522721e+00 -1.5251274e+00]
  [ 0.0000000e+00  0.0000000e+00  0.0000000e+00]
  [ 0.0000000e+00  0.0000000e+00  0.0000000e+00]
  [ 0.0000000e+00  0.0000000e+00  0.0000000e+00]
  [ 0.0000000e+00  0.0000000e+00  0.0000000e+00]
  [ 0.0000000e+00  0.0000000e+00  0.0000000e+00]
  [ 0.0000000e+00  0.0000000e+00  0.0000000e+00]
  [ 0.0000000e+00  0.0000000e+00  0.0000000e+00]
  [ 0.0000000e+00  0.0000000e+00  0.0000000e+00]
  [ 0.0000000e+00  0.0000000e+00  0.0000000e+00]]

 [[ 0.0000000e+00  0.0000000e+00  0.0000000e+00]
  [ 0.0000000e+00  0.0000000e+00  0.0000000e+00]
  [ 0.0000000e+00  0.0000000e+00  0.0000000e+00]
  [ 0.0000000e+00  0.0000000e+00  0.0000000e+00]
  [ 0.0000000e+00  0.0000000e+00  0.0000000e+00]
  [ 0.0000000e+00  0.0000000e+00  0.0000000e+00]
  [ 0.0000000e+00  0.0000000e+00  0.0000000e+00]
  [ 0.0000000e+00  0.0000000e+00  0.0000000e+00]
  [ 0.0000000e+00  0.0000000e+00  0.0000000e+00]
  [ 0.0000000e+00  0.0000000e+00  0.0000000e+00]
  [ 0.0000000e+00  0.0000000e+00  0.0000000e+00]
  [ 0.0000000e+00  0.0000000e+00  0.0000000e+00]
  [ 0.0000000e+00  0.0000000e+00  0.0000000e+00]
  [ 0.0000000e+00  0.0000000e+00  0.0000000e+00]
  [ 0.0000000e+00  0.0000000e+00  0.0000000e+00]
  [-2.6422668e-02  3.3721774e+00 -3.3132076e+00]
  [-5.3264745e-02  6.7978811e+00 -6.6790061e+00]
  [-3.8166076e-02  4.8709226e+00 -4.7857442e+00]
  [ 0.0000000e+00  0.0000000e+00  0.0000000e+00]
  [ 0.0000000e+00  0.0000000e+00  0.0000000e+00]
  [ 0.0000000e+00  0.0000000e+00  0.0000000e+00]
  [ 0.0000000e+00  0.0000000e+00  0.0000000e+00]
  [ 0.0000000e+00  0.0000000e+00  0.0000000e+00]
  [ 0.0000000e+00  0.0000000e+00  0.0000000e+00]
  [ 0.0000000e+00  0.0000000e+00  0.0000000e+00]
  [ 0.0000000e+00  0.0000000e+00  0.0000000e+00]
  [ 0.0000000e+00  0.0000000e+00  0.0000000e+00]
  [ 0.0000000e+00  0.0000000e+00  0.0000000e+00]]

 [[ 0.0000000e+00  0.0000000e+00  0.0000000e+00]
  [ 0.0000000e+00  0.0000000e+00  0.0000000e+00]
  [ 0.0000000e+00  0.0000000e+00  0.0000000e+00]
  [ 0.0000000e+00  0.0000000e+00  0.0000000e+00]
  [ 0.0000000e+00  0.0000000e+00  0.0000000e+00]
  [ 0.0000000e+00  0.0000000e+00  0.0000000e+00]
  [ 0.0000000e+00  0.0000000e+00  0.0000000e+00]
  [ 0.0000000e+00  0.0000000e+00  0.0000000e+00]
  [ 0.0000000e+00  0.0000000e+00  0.0000000e+00]
  [ 0.0000000e+00  0.0000000e+00  0.0000000e+00]
  [ 0.0000000e+00  0.0000000e+00  0.0000000e+00]
  [ 0.0000000e+00  0.0000000e+00  0.0000000e+00]
  [ 0.0000000e+00  0.0000000e+00  0.0000000e+00]
  [ 0.0000000e+00  0.0000000e+00  0.0000000e+00]
  [-1.5727779e-02  2.0072484e+00 -1.9721473e+00]
  [-5.2635632e-02  6.7175913e+00 -6.6001201e+00]
  [-5.0328892e-02  6.4231949e+00 -6.3108716e+00]
  [-1.1953112e-02  1.5255088e+00 -1.4988321e+00]
  [ 0.0000000e+00  0.0000000e+00  0.0000000e+00]
  [ 0.0000000e+00  0.0000000e+00  0.0000000e+00]
  [ 0.0000000e+00  0.0000000e+00  0.0000000e+00]
  [ 0.0000000e+00  0.0000000e+00  0.0000000e+00]
  [ 0.0000000e+00  0.0000000e+00  0.0000000e+00]
  [ 0.0000000e+00  0.0000000e+00  0.0000000e+00]
  [ 0.0000000e+00  0.0000000e+00  0.0000000e+00]
  [ 0.0000000e+00  0.0000000e+00  0.0000000e+00]
  [ 0.0000000e+00  0.0000000e+00  0.0000000e+00]
  [ 0.0000000e+00  0.0000000e+00  0.0000000e+00]]

 [[ 0.0000000e+00  0.0000000e+00  0.0000000e+00]
  [ 0.0000000e+00  0.0000000e+00  0.0000000e+00]
  [ 0.0000000e+00  0.0000000e+00  0.0000000e+00]
  [ 0.0000000e+00  0.0000000e+00  0.0000000e+00]
  [ 0.0000000e+00  0.0000000e+00  0.0000000e+00]
  [ 0.0000000e+00  0.0000000e+00  0.0000000e+00]
  [ 0.0000000e+00  0.0000000e+00  0.0000000e+00]
  [ 0.0000000e+00  0.0000000e+00  0.0000000e+00]
  [ 0.0000000e+00  0.0000000e+00  0.0000000e+00]
  [ 0.0000000e+00  0.0000000e+00  0.0000000e+00]
  [ 0.0000000e+00  0.0000000e+00  0.0000000e+00]
  [ 0.0000000e+00  0.0000000e+00  0.0000000e+00]
  [ 0.0000000e+00  0.0000000e+00  0.0000000e+00]
  [-3.9843707e-03  5.0850290e-01 -4.9961066e-01]
  [-4.6344522e-02  5.9146919e+00 -5.8112612e+00]
  [-5.3264745e-02  6.7978811e+00 -6.6790061e+00]
  [-3.4810815e-02  4.4427094e+00 -4.3650193e+00]
  [ 0.0000000e+00  0.0000000e+00  0.0000000e+00]
  [ 0.0000000e+00  0.0000000e+00  0.0000000e+00]
  [ 0.0000000e+00  0.0000000e+00  0.0000000e+00]
  [ 0.0000000e+00  0.0000000e+00  0.0000000e+00]
  [ 0.0000000e+00  0.0000000e+00  0.0000000e+00]
  [ 0.0000000e+00  0.0000000e+00  0.0000000e+00]
  [ 0.0000000e+00  0.0000000e+00  0.0000000e+00]
  [ 0.0000000e+00  0.0000000e+00  0.0000000e+00]
  [ 0.0000000e+00  0.0000000e+00  0.0000000e+00]
  [ 0.0000000e+00  0.0000000e+00  0.0000000e+00]
  [ 0.0000000e+00  0.0000000e+00  0.0000000e+00]]

 [[ 0.0000000e+00  0.0000000e+00  0.0000000e+00]
  [ 0.0000000e+00  0.0000000e+00  0.0000000e+00]
  [ 0.0000000e+00  0.0000000e+00  0.0000000e+00]
  [ 0.0000000e+00  0.0000000e+00  0.0000000e+00]
  [ 0.0000000e+00  0.0000000e+00  0.0000000e+00]
  [ 0.0000000e+00  0.0000000e+00  0.0000000e+00]
  [ 0.0000000e+00  0.0000000e+00  0.0000000e+00]
  [ 0.0000000e+00  0.0000000e+00  0.0000000e+00]
  [ 0.0000000e+00  0.0000000e+00  0.0000000e+00]
  [ 0.0000000e+00  0.0000000e+00  0.0000000e+00]
  [ 0.0000000e+00  0.0000000e+00  0.0000000e+00]
  [ 0.0000000e+00  0.0000000e+00  0.0000000e+00]
  [-6.2911119e-04  8.0289938e-02 -7.8885898e-02]
  [-4.2569857e-02  5.4329524e+00 -5.3379459e+00]
  [-5.3264745e-02  6.7978811e+00 -6.6790061e+00]
  [-4.5925114e-02  5.8611655e+00 -5.7586703e+00]
  [-7.3396303e-03  9.3671590e-01 -9.2033547e-01]
  [ 0.0000000e+00  0.0000000e+00  0.0000000e+00]
  [ 0.0000000e+00  0.0000000e+00  0.0000000e+00]
  [ 0.0000000e+00  0.0000000e+00  0.0000000e+00]
  [ 0.0000000e+00  0.0000000e+00  0.0000000e+00]
  [ 0.0000000e+00  0.0000000e+00  0.0000000e+00]
  [ 0.0000000e+00  0.0000000e+00  0.0000000e+00]
  [ 0.0000000e+00  0.0000000e+00  0.0000000e+00]
  [ 0.0000000e+00  0.0000000e+00  0.0000000e+00]
  [ 0.0000000e+00  0.0000000e+00  0.0000000e+00]
  [ 0.0000000e+00  0.0000000e+00  0.0000000e+00]
  [ 0.0000000e+00  0.0000000e+00  0.0000000e+00]]

 [[ 0.0000000e+00  0.0000000e+00  0.0000000e+00]
  [ 0.0000000e+00  0.0000000e+00  0.0000000e+00]
  [ 0.0000000e+00  0.0000000e+00  0.0000000e+00]
  [ 0.0000000e+00  0.0000000e+00  0.0000000e+00]
  [ 0.0000000e+00  0.0000000e+00  0.0000000e+00]
  [ 0.0000000e+00  0.0000000e+00  0.0000000e+00]
  [ 0.0000000e+00  0.0000000e+00  0.0000000e+00]
  [ 0.0000000e+00  0.0000000e+00  0.0000000e+00]
  [ 0.0000000e+00  0.0000000e+00  0.0000000e+00]
  [ 0.0000000e+00  0.0000000e+00  0.0000000e+00]
  [ 0.0000000e+00  0.0000000e+00  0.0000000e+00]
  [ 0.0000000e+00  0.0000000e+00  0.0000000e+00]
  [-7.9687415e-03  1.0170058e+00 -9.9922132e-01]
  [-5.3264745e-02  6.7978811e+00 -6.6790061e+00]
  [-5.3264745e-02  6.7978811e+00 -6.6790061e+00]
  [-1.6147185e-02  2.0607750e+00 -2.0247381e+00]
  [ 0.0000000e+00  0.0000000e+00  0.0000000e+00]
  [ 0.0000000e+00  0.0000000e+00  0.0000000e+00]
  [ 0.0000000e+00  0.0000000e+00  0.0000000e+00]
  [ 0.0000000e+00  0.0000000e+00  0.0000000e+00]
  [ 0.0000000e+00  0.0000000e+00  0.0000000e+00]
  [ 0.0000000e+00  0.0000000e+00  0.0000000e+00]
  [ 0.0000000e+00  0.0000000e+00  0.0000000e+00]
  [ 0.0000000e+00  0.0000000e+00  0.0000000e+00]
  [ 0.0000000e+00  0.0000000e+00  0.0000000e+00]
  [ 0.0000000e+00  0.0000000e+00  0.0000000e+00]
  [ 0.0000000e+00  0.0000000e+00  0.0000000e+00]
  [ 0.0000000e+00  0.0000000e+00  0.0000000e+00]]

 [[ 0.0000000e+00  0.0000000e+00  0.0000000e+00]
  [ 0.0000000e+00  0.0000000e+00  0.0000000e+00]
  [ 0.0000000e+00  0.0000000e+00  0.0000000e+00]
  [ 0.0000000e+00  0.0000000e+00  0.0000000e+00]
  [ 0.0000000e+00  0.0000000e+00  0.0000000e+00]
  [ 0.0000000e+00  0.0000000e+00  0.0000000e+00]
  [ 0.0000000e+00  0.0000000e+00  0.0000000e+00]
  [ 0.0000000e+00  0.0000000e+00  0.0000000e+00]
  [ 0.0000000e+00  0.0000000e+00  0.0000000e+00]
  [ 0.0000000e+00  0.0000000e+00  0.0000000e+00]
  [ 0.0000000e+00  0.0000000e+00  0.0000000e+00]
  [-6.5008155e-03  8.2966268e-01 -8.1515425e-01]
  [-4.6973635e-02  5.9949818e+00 -5.8901472e+00]
  [-5.3264745e-02  6.7978811e+00 -6.6790061e+00]
  [-2.4115928e-02  3.0777810e+00 -3.0239594e+00]
  [-2.0970372e-04  2.6763313e-02 -2.6295299e-02]
  [ 0.0000000e+00  0.0000000e+00  0.0000000e+00]
  [ 0.0000000e+00  0.0000000e+00  0.0000000e+00]
  [ 0.0000000e+00  0.0000000e+00  0.0000000e+00]
  [ 0.0000000e+00  0.0000000e+00  0.0000000e+00]
  [ 0.0000000e+00  0.0000000e+00  0.0000000e+00]
  [ 0.0000000e+00  0.0000000e+00  0.0000000e+00]
  [ 0.0000000e+00  0.0000000e+00  0.0000000e+00]
  [ 0.0000000e+00  0.0000000e+00  0.0000000e+00]
  [ 0.0000000e+00  0.0000000e+00  0.0000000e+00]
  [ 0.0000000e+00  0.0000000e+00  0.0000000e+00]
  [ 0.0000000e+00  0.0000000e+00  0.0000000e+00]
  [ 0.0000000e+00  0.0000000e+00  0.0000000e+00]]

 [[ 0.0000000e+00  0.0000000e+00  0.0000000e+00]
  [ 0.0000000e+00  0.0000000e+00  0.0000000e+00]
  [ 0.0000000e+00  0.0000000e+00  0.0000000e+00]
  [ 0.0000000e+00  0.0000000e+00  0.0000000e+00]
  [ 0.0000000e+00  0.0000000e+00  0.0000000e+00]
  [ 0.0000000e+00  0.0000000e+00  0.0000000e+00]
  [ 0.0000000e+00  0.0000000e+00  0.0000000e+00]
  [ 0.0000000e+00  0.0000000e+00  0.0000000e+00]
  [ 0.0000000e+00  0.0000000e+00  0.0000000e+00]
  [ 0.0000000e+00  0.0000000e+00  0.0000000e+00]
  [ 0.0000000e+00  0.0000000e+00  0.0000000e+00]
  [-2.7890595e-02  3.5595205e+00 -3.4972746e+00]
  [-5.3264745e-02  6.7978811e+00 -6.6790061e+00]
  [-5.3264745e-02  6.7978811e+00 -6.6790061e+00]
  [-1.0904593e-02  1.3916923e+00 -1.3673556e+00]
  [ 0.0000000e+00  0.0000000e+00  0.0000000e+00]
  [ 0.0000000e+00  0.0000000e+00  0.0000000e+00]
  [ 0.0000000e+00  0.0000000e+00  0.0000000e+00]
  [ 0.0000000e+00  0.0000000e+00  0.0000000e+00]
  [ 0.0000000e+00  0.0000000e+00  0.0000000e+00]
  [ 0.0000000e+00  0.0000000e+00  0.0000000e+00]
  [ 0.0000000e+00  0.0000000e+00  0.0000000e+00]
  [ 0.0000000e+00  0.0000000e+00  0.0000000e+00]
  [ 0.0000000e+00  0.0000000e+00  0.0000000e+00]
  [ 0.0000000e+00  0.0000000e+00  0.0000000e+00]
  [ 0.0000000e+00  0.0000000e+00  0.0000000e+00]
  [ 0.0000000e+00  0.0000000e+00  0.0000000e+00]
  [ 0.0000000e+00  0.0000000e+00  0.0000000e+00]]

 [[ 0.0000000e+00  0.0000000e+00  0.0000000e+00]
  [ 0.0000000e+00  0.0000000e+00  0.0000000e+00]
  [ 0.0000000e+00  0.0000000e+00  0.0000000e+00]
  [ 0.0000000e+00  0.0000000e+00  0.0000000e+00]
  [ 0.0000000e+00  0.0000000e+00  0.0000000e+00]
  [ 0.0000000e+00  0.0000000e+00  0.0000000e+00]
  [ 0.0000000e+00  0.0000000e+00  0.0000000e+00]
  [ 0.0000000e+00  0.0000000e+00  0.0000000e+00]
  [ 0.0000000e+00  0.0000000e+00  0.0000000e+00]
  [ 0.0000000e+00  0.0000000e+00  0.0000000e+00]
  [-1.2791927e-02  1.6325620e+00 -1.6040132e+00]
  [-5.0748300e-02  6.4767213e+00 -6.3634624e+00]
  [-5.3264745e-02  6.7978811e+00 -6.6790061e+00]
  [-5.3264745e-02  6.7978811e+00 -6.6790061e+00]
  [-1.0904593e-02  1.3916923e+00 -1.3673556e+00]
  [ 0.0000000e+00  0.0000000e+00  0.0000000e+00]
  [ 0.0000000e+00  0.0000000e+00  0.0000000e+00]
  [ 0.0000000e+00  0.0000000e+00  0.0000000e+00]
  [ 0.0000000e+00  0.0000000e+00  0.0000000e+00]
  [ 0.0000000e+00  0.0000000e+00  0.0000000e+00]
  [ 0.0000000e+00  0.0000000e+00  0.0000000e+00]
  [ 0.0000000e+00  0.0000000e+00  0.0000000e+00]
  [ 0.0000000e+00  0.0000000e+00  0.0000000e+00]
  [ 0.0000000e+00  0.0000000e+00  0.0000000e+00]
  [ 0.0000000e+00  0.0000000e+00  0.0000000e+00]
  [ 0.0000000e+00  0.0000000e+00  0.0000000e+00]
  [ 0.0000000e+00  0.0000000e+00  0.0000000e+00]
  [ 0.0000000e+00  0.0000000e+00  0.0000000e+00]]

 [[ 0.0000000e+00  0.0000000e+00  0.0000000e+00]
  [ 0.0000000e+00  0.0000000e+00  0.0000000e+00]
  [ 0.0000000e+00  0.0000000e+00  0.0000000e+00]
  [ 0.0000000e+00  0.0000000e+00  0.0000000e+00]
  [ 0.0000000e+00  0.0000000e+00  0.0000000e+00]
  [ 0.0000000e+00  0.0000000e+00  0.0000000e+00]
  [ 0.0000000e+00  0.0000000e+00  0.0000000e+00]
  [ 0.0000000e+00  0.0000000e+00  0.0000000e+00]
  [ 0.0000000e+00  0.0000000e+00  0.0000000e+00]
  [ 0.0000000e+00  0.0000000e+00  0.0000000e+00]
  [-2.5374150e-02  3.2383606e+00 -3.1817312e+00]
  [-5.3264745e-02  6.7978811e+00 -6.6790061e+00]
  [-5.3264745e-02  6.7978811e+00 -6.6790061e+00]
  [-4.5925114e-02  5.8611655e+00 -5.7586703e+00]
  [-8.3881486e-03  1.0705324e+00 -1.0518119e+00]
  [ 0.0000000e+00  0.0000000e+00  0.0000000e+00]
  [ 0.0000000e+00  0.0000000e+00  0.0000000e+00]
  [ 0.0000000e+00  0.0000000e+00  0.0000000e+00]
  [ 0.0000000e+00  0.0000000e+00  0.0000000e+00]
  [ 0.0000000e+00  0.0000000e+00  0.0000000e+00]
  [ 0.0000000e+00  0.0000000e+00  0.0000000e+00]
  [ 0.0000000e+00  0.0000000e+00  0.0000000e+00]
  [ 0.0000000e+00  0.0000000e+00  0.0000000e+00]
  [ 0.0000000e+00  0.0000000e+00  0.0000000e+00]
  [ 0.0000000e+00  0.0000000e+00  0.0000000e+00]
  [ 0.0000000e+00  0.0000000e+00  0.0000000e+00]
  [ 0.0000000e+00  0.0000000e+00  0.0000000e+00]
  [ 0.0000000e+00  0.0000000e+00  0.0000000e+00]]

 [[ 0.0000000e+00  0.0000000e+00  0.0000000e+00]
  [ 0.0000000e+00  0.0000000e+00  0.0000000e+00]
  [ 0.0000000e+00  0.0000000e+00  0.0000000e+00]
  [ 0.0000000e+00  0.0000000e+00  0.0000000e+00]
  [ 0.0000000e+00  0.0000000e+00  0.0000000e+00]
  [ 0.0000000e+00  0.0000000e+00  0.0000000e+00]
  [ 0.0000000e+00  0.0000000e+00  0.0000000e+00]
  [ 0.0000000e+00  0.0000000e+00  0.0000000e+00]
  [ 0.0000000e+00  0.0000000e+00  0.0000000e+00]
  [ 0.0000000e+00  0.0000000e+00  0.0000000e+00]
  [-2.5374150e-02  3.2383606e+00 -3.1817312e+00]
  [-5.3264745e-02  6.7978811e+00 -6.6790061e+00]
  [-4.3408670e-02  5.5400057e+00 -5.4431272e+00]
  [-3.7746669e-03  4.8173961e-01 -4.7331536e-01]
  [ 0.0000000e+00  0.0000000e+00  0.0000000e+00]
  [ 0.0000000e+00  0.0000000e+00  0.0000000e+00]
  [ 0.0000000e+00  0.0000000e+00  0.0000000e+00]
  [ 0.0000000e+00  0.0000000e+00  0.0000000e+00]
  [ 0.0000000e+00  0.0000000e+00  0.0000000e+00]
  [ 0.0000000e+00  0.0000000e+00  0.0000000e+00]
  [ 0.0000000e+00  0.0000000e+00  0.0000000e+00]
  [ 0.0000000e+00  0.0000000e+00  0.0000000e+00]
  [ 0.0000000e+00  0.0000000e+00  0.0000000e+00]
  [ 0.0000000e+00  0.0000000e+00  0.0000000e+00]
  [ 0.0000000e+00  0.0000000e+00  0.0000000e+00]
  [ 0.0000000e+00  0.0000000e+00  0.0000000e+00]
  [ 0.0000000e+00  0.0000000e+00  0.0000000e+00]
  [ 0.0000000e+00  0.0000000e+00  0.0000000e+00]]

 [[ 0.0000000e+00  0.0000000e+00  0.0000000e+00]
  [ 0.0000000e+00  0.0000000e+00  0.0000000e+00]
  [ 0.0000000e+00  0.0000000e+00  0.0000000e+00]
  [ 0.0000000e+00  0.0000000e+00  0.0000000e+00]
  [ 0.0000000e+00  0.0000000e+00  0.0000000e+00]
  [ 0.0000000e+00  0.0000000e+00  0.0000000e+00]
  [ 0.0000000e+00  0.0000000e+00  0.0000000e+00]
  [ 0.0000000e+00  0.0000000e+00  0.0000000e+00]
  [ 0.0000000e+00  0.0000000e+00  0.0000000e+00]
  [ 0.0000000e+00  0.0000000e+00  0.0000000e+00]
  [ 0.0000000e+00  0.0000000e+00  0.0000000e+00]
  [ 0.0000000e+00  0.0000000e+00  0.0000000e+00]
  [ 0.0000000e+00  0.0000000e+00  0.0000000e+00]
  [ 0.0000000e+00  0.0000000e+00  0.0000000e+00]
  [ 0.0000000e+00  0.0000000e+00  0.0000000e+00]
  [ 0.0000000e+00  0.0000000e+00  0.0000000e+00]
  [ 0.0000000e+00  0.0000000e+00  0.0000000e+00]
  [ 0.0000000e+00  0.0000000e+00  0.0000000e+00]
  [ 0.0000000e+00  0.0000000e+00  0.0000000e+00]
  [ 0.0000000e+00  0.0000000e+00  0.0000000e+00]
  [ 0.0000000e+00  0.0000000e+00  0.0000000e+00]
  [ 0.0000000e+00  0.0000000e+00  0.0000000e+00]
  [ 0.0000000e+00  0.0000000e+00  0.0000000e+00]
  [ 0.0000000e+00  0.0000000e+00  0.0000000e+00]
  [ 0.0000000e+00  0.0000000e+00  0.0000000e+00]
  [ 0.0000000e+00  0.0000000e+00  0.0000000e+00]
  [ 0.0000000e+00  0.0000000e+00  0.0000000e+00]
  [ 0.0000000e+00  0.0000000e+00  0.0000000e+00]]]