[[[[0.         0.0149187  2.0095446 ]
   [0.         0.0149187  2.0095446 ]
   [0.         0.0149187  2.0095446 ]
   [0.         0.0149187  2.0095446 ]
   [0.         0.0149187  2.0095446 ]
   [0.         0.0149187  2.0095446 ]
   [0.         0.0149187  2.0095446 ]
   [0.         0.0149187  2.0095446 ]
   [0.         0.0149187  2.0095446 ]
   [0.         0.0149187  2.0095446 ]
   [0.         0.0149187  2.0095446 ]
   [0.         0.0149187  2.0095446 ]
   [0.         0.0149187  2.0095446 ]
   [0.         0.0149187  2.0095446 ]
   [0.         0.0149187  2.0095446 ]
   [0.         0.0149187  2.0095446 ]
   [0.         0.0149187  2.0095446 ]
   [0.         0.0149187  2.0095446 ]
   [0.         0.0149187  2.0095446 ]
   [0.         0.0149187  2.0095446 ]
   [0.         0.0149187  2.0095446 ]
   [0.         0.0149187  2.0095446 ]
   [0.         0.0149187  2.0095446 ]
   [0.         0.0149187  2.0095446 ]
   [0.         0.0149187  2.0095446 ]
   [0.         0.0149187  2.0095446 ]
   [0.         0.0149187  2.0095446 ]
   [0.         0.0149187  2.0095446 ]]

  [[0.         0.0149187  2.0095446 ]
   [0.         0.0149187  2.0095446 ]
   [0.         0.0149187  2.0095446 ]
   [0.         0.0149187  2.0095446 ]
   [0.         0.0149187  2.0095446 ]
   [0.         0.0149187  2.0095446 ]
   [0.         0.0149187  2.0095446 ]
   [0.         0.0149187  2.0095446 ]
   [0.         0.0149187  2.0095446 ]
   [0.         0.0149187  2.0095446 ]
   [0.         0.0149187  2.0095446 ]
   [0.         0.0149187  2.0095446 ]
   [0.         0.0149187  2.0095446 ]
   [0.         0.0149187  2.0095446 ]
   [0.         0.0149187  2.0095446 ]
   [0.         0.0149187  2.0095446 ]
   [0.         0.0149187  2.0095446 ]
   [0.         0.0149187  2.0095446 ]
   [0.         0.0149187  2.0095446 ]
   [0.         0.0149187  2.0095446 ]
   [0.         0.0149187  2.0095446 ]
   [0.         0.0149187  2.0095446 ]
   [0.         0.0149187  2.0095446 ]
   [0.         0.0149187  2.0095446 ]
   [0.         0.0149187  2.0095446 ]
   [0.         0.0149187  2.0095446 ]
   [0.         0.0149187  2.0095446 ]
   [0.         0.0149187  2.0095446 ]]

  [[0.         0.0149187  2.0095446 ]
   [0.         0.0149187  2.0095446 ]
   [0.         0.0149187  2.0095446 ]
   [0.         0.0149187  2.0095446 ]
   [0.         0.0149187  2.0095446 ]
   [0.         0.0149187  2.0095446 ]
   [0.         0.0149187  2.0095446 ]
   [0.         0.0149187  2.0095446 ]
   [0.         0.0149187  2.0095446 ]
   [0.         0.0149187  2.0095446 ]
   [0.         0.0149187  2.0095446 ]
   [0.         0.0149187  2.0095446 ]
   [0.         0.0149187  2.0095446 ]
   [0.         0.0149187  2.0095446 ]
   [0.         0.0149187  2.0095446 ]
   [0.         0.0149187  2.0095446 ]
   [0.         0.0149187  2.0095446 ]
   [0.         0.0149187  2.0095446 ]
   [0.         0.0149187  2.0095446 ]
   [0.         0.0149187  2.0095446 ]
   [0.         0.0149187  2.0095446 ]
   [0.         0.0149187  2.0095446 ]
   [0.         0.0149187  2.0095446 ]
   [0.         0.0149187  2.0095446 ]
   [0.         0.0149187  2.0095446 ]
   [0.         0.0149187  2.0095446 ]
   [0.         0.0149187  2.0095446 ]
   [0.         0.0149187  2.0095446 ]]

  [[0.         0.0149187  2.0095446 ]
   [0.         0.0149187  2.0095446 ]
   [0.         0.0149187  2.0095446 ]
   [0.         0.0149187  2.0095446 ]
   [0.         0.0149187  2.0095446 ]
   [0.         0.0149187  2.0095446 ]
   [0.         0.0149187  2.0095446 ]
   [0.         0.0149187  2.0095446 ]
   [0.         0.0149187  2.0095446 ]
   [0.         0.0149187  2.0095446 ]
   [0.         0.0149187  2.0095446 ]
   [0.         0.0149187  2.0095446 ]
   [0.         0.0149187  2.0095446 ]
   [0.         0.0149187  2.0095446 ]
   [0.         0.0149187  2.0095446 ]
   [0.         0.0149187  2.0095446 ]
   [0.         0.0149187  2.0095446 ]
   [0.         0.0149187  2.0095446 ]
   [0.         0.0149187  2.0095446 ]
   [0.         0.0149187  2.0095446 ]
   [0.         0.0149187  2.0095446 ]
   [0.         0.0149187  2.0095446 ]
   [0.         0.0149187  2.0095446 ]
   [0.         0.0149187  2.0095446 ]
   [0.         0.0149187  2.0095446 ]
   [0.         0.0149187  2.0095446 ]
   [0.         0.0149187  2.0095446 ]
   [0.         0.0149187  2.0095446 ]]

  [[0.         0.0149187  2.0095446 ]
   [0.         0.0149187  2.0095446 ]
   [0.         0.0149187  2.0095446 ]
   [0.         0.0149187  2.0095446 ]
   [0.         0.0149187  2.0095446 ]
   [0.         0.0149187  2.0095446 ]
   [0.         0.0149187  2.0095446 ]
   [0.         0.0149187  2.0095446 ]
   [0.         0.0149187  2.0095446 ]
   [0.         0.0149187  2.0095446 ]
   [0.         0.0149187  2.0095446 ]
   [0.         0.0149187  2.0095446 ]
   [0.         0.0149187  2.0095446 ]
   [0.         0.0149187  2.0095446 ]
   [0.         0.0149187  2.0095446 ]
   [0.         0.0149187  2.0095446 ]
   [0.         0.0149187  2.0095446 ]
   [0.         0.0149187  2.0095446 ]
   [0.         0.0149187  2.0095446 ]
   [0.         0.0149187  2.0095446 ]
   [0.         0.0149187  2.0095446 ]
   [0.         0.0149187  2.0095446 ]
   [0.         0.0149187  2.0095446 ]
   [0.         0.0149187  2.0095446 ]
   [0.         0.0149187  2.0095446 ]
   [0.         0.0149187  2.0095446 ]
   [0.         0.0149187  2.0095446 ]
   [0.         0.0149187  2.0095446 ]]

  [[0.         0.0149187  2.0095446 ]
   [0.         0.0149187  2.0095446 ]
   [0.         0.0149187  2.0095446 ]
   [0.         0.0149187  2.0095446 ]
   [0.         0.0149187  2.0095446 ]
   [0.         0.0149187  2.0095446 ]
   [0.         0.0149187  2.0095446 ]
   [0.         0.0149187  2.0095446 ]
   [0.         0.0149187  2.0095446 ]
   [0.         0.0149187  2.0095446 ]
   [0.         0.0149187  2.0095446 ]
   [0.         0.0149187  2.0095446 ]
   [0.         0.0149187  2.0095446 ]
   [0.         0.0149187  2.0095446 ]
   [0.         0.0149187  2.0095446 ]
   [0.         0.0149187  2.0095446 ]
   [0.         0.0149187  2.0095446 ]
   [0.         0.0149187  2.0095446 ]
   [0.         0.0149187  2.0095446 ]
   [0.         0.0149187  2.0095446 ]
   [0.         0.0149187  2.0095446 ]
   [0.         0.0149187  2.0095446 ]
   [0.         0.0149187  2.0095446 ]
   [0.         0.0149187  2.0095446 ]
   [0.         0.0149187  2.0095446 ]
   [0.         0.0149187  2.0095446 ]
   [0.         0.0149187  2.0095446 ]
   [0.         0.0149187  2.0095446 ]]

  [[0.         0.0149187  2.0095446 ]
   [0.         0.0149187  2.0095446 ]
   [0.         0.0149187  2.0095446 ]
   [0.         0.0149187  2.0095446 ]
   [0.         0.0149187  2.0095446 ]
   [0.         0.0149187  2.0095446 ]
   [0.         0.0149187  2.0095446 ]
   [0.         0.0149187  2.0095446 ]
   [0.         0.0149187  2.0095446 ]
   [0.         0.0149187  2.0095446 ]
   [0.         0.0149187  2.0095446 ]
   [0.         0.0149187  2.0095446 ]
   [0.         0.0149187  2.0095446 ]
   [0.         0.0149187  2.0095446 ]
   [0.         0.0149187  2.0095446 ]
   [0.         0.0149187  2.0095446 ]
   [0.         0.0149187  2.0095446 ]
   [0.         0.0149187  2.0095446 ]
   [0.         0.0149187  2.0095446 ]
   [0.         0.0149187  2.0095446 ]
   [0.         0.0149187  2.0095446 ]
   [0.         0.0149187  2.0095446 ]
   [0.         0.0149187  2.0095446 ]
   [0.         0.0149187  2.0095446 ]
   [0.         0.0149187  2.0095446 ]
   [0.         0.0149187  2.0095446 ]
   [0.         0.0149187  2.0095446 ]
   [0.         0.0149187  2.0095446 ]]

  [[0.         0.0149187  2.0095446 ]
   [0.         0.0149187  2.0095446 ]
   [0.         0.0149187  2.0095446 ]
   [0.         0.0149187  2.0095446 ]
   [0.         0.0149187  2.0095446 ]
   [0.         0.0149187  2.0095446 ]
   [0.         2.263037   0.        ]
   [0.         4.966131   0.        ]
   [0.         4.270285   0.        ]
   [0.         4.0561786  0.        ]
   [0.         1.6207174  0.4318267 ]
   [0.         0.9783979  1.0629139 ]
   [0.         0.0149187  2.0095446 ]
   [0.         0.0149187  2.0095446 ]
   [0.         0.0149187  2.0095446 ]
   [0.         0.0149187  2.0095446 ]
   [0.         0.0149187  2.0095446 ]
   [0.         0.0149187  2.0095446 ]
   [0.         0.0149187  2.0095446 ]
   [0.         0.0149187  2.0095446 ]
   [0.         0.0149187  2.0095446 ]
   [0.         0.0149187  2.0095446 ]
   [0.         0.0149187  2.0095446 ]
   [0.         0.0149187  2.0095446 ]
   [0.         0.0149187  2.0095446 ]
   [0.         0.0149187  2.0095446 ]
   [0.         0.0149187  2.0095446 ]
   [0.         0.0149187  2.0095446 ]]

  [[0.         0.0149187  2.0095446 ]
   [0.         0.0149187  2.0095446 ]
   [0.         0.0149187  2.0095446 ]
   [0.         0.0149187  2.0095446 ]
   [0.         0.0149187  2.0095446 ]
   [0.         0.0149187  2.0095446 ]
   [0.         5.956374   0.        ]
   [0.         6.8128     0.        ]
   [0.         6.8128     0.        ]
   [0.         6.8128     0.        ]
   [0.         6.8128     0.        ]
   [0.         6.464877   0.        ]
   [0.         5.3140545  0.        ]
   [0.         5.3140545  0.        ]
   [0.         5.3140545  0.        ]
   [0.         5.3140545  0.        ]
   [0.         5.3140545  0.        ]
   [0.         5.3140545  0.        ]
   [0.         5.3140545  0.        ]
   [0.         5.3140545  0.        ]
   [0.         4.5646815  0.        ]
   [0.         1.406611   0.642189  ]
   [0.         0.0149187  2.0095446 ]
   [0.         0.0149187  2.0095446 ]
   [0.         0.0149187  2.0095446 ]
   [0.         0.0149187  2.0095446 ]
   [0.         0.0149187  2.0095446 ]
   [0.         0.0149187  2.0095446 ]]

  [[0.         0.0149187  2.0095446 ]
   [0.         0.0149187  2.0095446 ]
   [0.         0.0149187  2.0095446 ]
   [0.         0.0149187  2.0095446 ]
   [0.         0.0149187  2.0095446 ]
   [0.         0.0149187  2.0095446 ]
   [0.         1.8080605  0.24775958]
   [0.         3.0659363  0.        ]
   [0.         1.9418771  0.11628318]
   [0.         3.0659363  0.        ]
   [0.         4.3773384  0.        ]
   [0.         6.090191   0.        ]
   [0.         6.8128     0.        ]
   [0.         6.036664   0.        ]
   [0.         6.8128     0.        ]
   [0.         6.8128     0.        ]
   [0.         6.8128     0.        ]
   [0.         6.7057467  0.        ]
   [0.         6.1437173  0.        ]
   [0.         6.8128     0.        ]
   [0.         6.8128     0.        ]
   [0.         3.7617824  0.        ]
   [0.         0.0149187  2.0095446 ]
   [0.         0.0149187  2.0095446 ]
   [0.         0.0149187  2.0095446 ]
   [0.         0.0149187  2.0095446 ]
   [0.         0.0149187  2.0095446 ]
   [0.         0.0149187  2.0095446 ]]

  [[0.         0.0149187  2.0095446 ]
   [0.         0.0149187  2.0095446 ]
   [0.         0.0149187  2.0095446 ]
   [0.         0.0149187  2.0095446 ]
   [0.         0.0149187  2.0095446 ]
   [0.         0.0149187  2.0095446 ]
   [0.         0.0149187  2.0095446 ]
   [0.         0.0149187  2.0095446 ]
   [0.         0.0149187  2.0095446 ]
   [0.         0.0149187  2.0095446 ]
   [0.         0.0149187  2.0095446 ]
   [0.         0.46989498 1.5625246 ]
   [0.         1.7812972  0.27405488]
   [0.         0.38960505 1.6414104 ]
   [0.         1.8080605  0.24775958]
   [0.         1.8080605  0.24775958]
   [0.         1.8080605  0.24775958]
   [0.         1.5939541  0.45812201]
   [0.         0.5769482  1.4573433 ]
   [0.         6.3310604  0.        ]
   [0.         6.8128     0.        ]
   [0.         2.85183    0.        ]
   [0.         0.0149187  2.0095446 ]
   [0.         0.0149187  2.0095446 ]
   [0.         0.0149187  2.0095446 ]
   [0.         0.0149187  2.0095446 ]
   [0.         0.0149187  2.0095446 ]
   [0.         0.0149187  2.0095446 ]]

  [[0.         0.0149187  2.0095446 ]
   [0.         0.0149187  2.0095446 ]
   [0.         0.0149187  2.0095446 ]
   [0.         0.0149187  2.0095446 ]
   [0.         0.0149187  2.0095446 ]
   [0.         0.0149187  2.0095446 ]
   [0.         0.0149187  2.0095446 ]
   [0.         0.0149187  2.0095446 ]
   [0.         0.0149187  2.0095446 ]
   [0.         0.0149187  2.0095446 ]
   [0.         0.0149187  2.0095446 ]
   [0.         0.0149187  2.0095446 ]
   [0.         0.0149187  2.0095446 ]
   [0.         0.0149187  2.0095446 ]
   [0.         0.0149187  2.0095446 ]
   [0.         0.0149187  2.0095446 ]
   [0.         0.0149187  2.0095446 ]
   [0.         0.0149187  2.0095446 ]
   [0.         2.2362735  0.        ]
   [0.         6.7860365  0.        ]
   [0.         5.608451   0.        ]
   [0.         0.4966583  1.5362293 ]
   [0.         0.0149187  2.0095446 ]
   [0.         0.0149187  2.0095446 ]
   [0.         0.0149187  2.0095446 ]
   [0.         0.0149187  2.0095446 ]
   [0.         0.0149187  2.0095446 ]
   [0.         0.0149187  2.0095446 ]]

  [[0.         0.0149187  2.0095446 ]
   [0.         0.0149187  2.0095446 ]
   [0.         0.0149187  2.0095446 ]
   [0.         0.0149187  2.0095446 ]
   [0.         0.0149187  2.0095446 ]
   [0.         0.0149187  2.0095446 ]
   [0.         0.0149187  2.0095446 ]
   [0.         0.0149187  2.0095446 ]
   [0.         0.0149187  2.0095446 ]
   [0.         0.0149187  2.0095446 ]
   [0.         0.0149187  2.0095446 ]
   [0.         0.0149187  2.0095446 ]
   [0.         0.0149187  2.0095446 ]
   [0.         0.0149187  2.0095446 ]
   [0.         0.0149187  2.0095446 ]
   [0.         0.0149187  2.0095446 ]
   [0.         0.0149187  2.0095446 ]
   [0.         0.60371155 1.431048  ]
   [0.         6.2507706  0.        ]
   [0.         6.839563   0.        ]
   [0.         2.2362735  0.        ]
   [0.         0.0149187  2.0095446 ]
   [0.         0.0149187  2.0095446 ]
   [0.         0.0149187  2.0095446 ]
   [0.         0.0149187  2.0095446 ]
   [0.         0.0149187  2.0095446 ]
   [0.         0.0149187  2.0095446 ]
   [0.         0.0149187  2.0095446 ]]

  [[0.         0.0149187  2.0095446 ]
   [0.         0.0149187  2.0095446 ]
   [0.         0.0149187  2.0095446 ]
   [0.         0.0149187  2.0095446 ]
   [0.         0.0149187  2.0095446 ]
   [0.         0.0149187  2.0095446 ]
   [0.         0.0149187  2.0095446 ]
   [0.         0.0149187  2.0095446 ]
   [0.         0.0149187  2.0095446 ]
   [0.         0.0149187  2.0095446 ]
   [0.         0.0149187  2.0095446 ]
   [0.         0.0149187  2.0095446 ]
   [0.         0.0149187  2.0095446 ]
   [0.         0.0149187  2.0095446 ]
   [0.         0.0149187  2.0095446 ]
   [0.         0.0149187  2.0095446 ]
   [0.         0.0149187  2.0095446 ]
   [0.         3.467386   0.        ]
   [0.         6.8128     0.        ]
   [0.         6.3845873  0.        ]
   [0.         1.1925044  0.85255146]
   [0.         0.0149187  2.0095446 ]
   [0.         0.0149187  2.0095446 ]
   [0.         0.0149187  2.0095446 ]
   [0.         0.0149187  2.0095446 ]
   [0.         0.0149187  2.0095446 ]
   [0.         0.0149187  2.0095446 ]
   [0.         0.0149187  2.0095446 ]]

  [[0.         0.0149187  2.0095446 ]
   [0.         0.0149187  2.0095446 ]
   [0.         0.0149187  2.0095446 ]
   [0.         0.0149187  2.0095446 ]
   [0.         0.0149187  2.0095446 ]
   [0.         0.0149187  2.0095446 ]
   [0.         0.0149187  2.0095446 ]
   [0.         0.0149187  2.0095446 ]
   [0.         0.0149187  2.0095446 ]
   [0.         0.0149187  2.0095446 ]
   [0.         0.0149187  2.0095446 ]
   [0.         0.0149187  2.0095446 ]
   [0.         0.0149187  2.0095446 ]
   [0.         0.0149187  2.0095446 ]
   [0.         0.0149187  2.0095446 ]
   [0.         0.0149187  2.0095446 ]
   [0.         1.5939541  0.45812201]
   [0.         6.678983   0.        ]
   [0.         6.8128     0.        ]
   [0.         1.674244   0.3792361 ]
   [0.         0.0149187  2.0095446 ]
   [0.         0.0149187  2.0095446 ]
   [0.         0.0149187  2.0095446 ]
   [0.         0.0149187  2.0095446 ]
   [0.         0.0149187  2.0095446 ]
   [0.         0.0149187  2.0095446 ]
   [0.         0.0149187  2.0095446 ]
   [0.         0.0149187  2.0095446 ]]

  [[0.         0.0149187  2.0095446 ]
   [0.         0.0149187  2.0095446 ]
   [0.         0.0149187  2.0095446 ]
   [0.         0.0149187  2.0095446 ]
   [0.         0.0149187  2.0095446 ]
   [0.         0.0149187  2.0095446 ]
   [0.         0.0149187  2.0095446 ]
   [0.         0.0149187  2.0095446 ]
   [0.         0.0149187  2.0095446 ]
   [0.         0.0149187  2.0095446 ]
   [0.         0.0149187  2.0095446 ]
   [0.         0.0149187  2.0095446 ]
   [0.         0.0149187  2.0095446 ]
   [0.         0.0149187  2.0095446 ]
   [0.         0.0149187  2.0095446 ]
   [0.         0.0149187  2.0095446 ]
   [0.         3.5744393  0.        ]
   [0.         6.8128     0.        ]
   [0.         5.019658   0.        ]
   [0.         0.14873526 1.8780681 ]
   [0.         0.0149187  2.0095446 ]
   [0.         0.0149187  2.0095446 ]
   [0.         0.0149187  2.0095446 ]
   [0.         0.0149187  2.0095446 ]
   [0.         0.0149187  2.0095446 ]
   [0.         0.0149187  2.0095446 ]
   [0.         0.0149187  2.0095446 ]
   [0.         0.0149187  2.0095446 ]]

  [[0.         0.0149187  2.0095446 ]
   [0.         0.0149187  2.0095446 ]
   [0.         0.0149187  2.0095446 ]
   [0.         0.0149187  2.0095446 ]
   [0.         0.0149187  2.0095446 ]
   [0.         0.0149187  2.0095446 ]
   [0.         0.0149187  2.0095446 ]
   [0.         0.0149187  2.0095446 ]
   [0.         0.0149187  2.0095446 ]
   [0.         0.0149187  2.0095446 ]
   [0.         0.0149187  2.0095446 ]
   [0.         0.0149187  2.0095446 ]
   [0.         0.0149187  2.0095446 ]
   [0.         0.0149187  2.0095446 ]
   [0.         0.0149187  2.0095446 ]
   [0.         0.2557885  1.772887  ]
   [0.         5.501398   0.        ]
   [0.         6.6522202  0.        ]
   [0.         1.5671908  0.4844172 ]
   [0.         0.0149187  2.0095446 ]
   [0.         0.0149187  2.0095446 ]
   [0.         0.0149187  2.0095446 ]
   [0.         0.0149187  2.0095446 ]
   [0.         0.0149187  2.0095446 ]
   [0.         0.0149187  2.0095446 ]
   [0.         0.0149187  2.0095446 ]
   [0.         0.0149187  2.0095446 ]
   [0.         0.0149187  2.0095446 ]]

  [[0.         0.0149187  2.0095446 ]
   [0.         0.0149187  2.0095446 ]
   [0.         0.0149187  2.0095446 ]
   [0.         0.0149187  2.0095446 ]
   [0.         0.0149187  2.0095446 ]
   [0.         0.0149187  2.0095446 ]
   [0.         0.0149187  2.0095446 ]
   [0.         0.0149187  2.0095446 ]
   [0.         0.0149187  2.0095446 ]
   [0.         0.0149187  2.0095446 ]
   [0.         0.0149187  2.0095446 ]
   [0.         0.0149187  2.0095446 ]
   [0.         0.0149187  2.0095446 ]
   [0.         0.0149187  2.0095446 ]
   [0.         0.0149187  2.0095446 ]
   [0.         3.3870962  0.        ]
   [0.         6.8128     0.        ]
   [0.         4.8858414  0.        ]
   [0.         0.0149187  2.0095446 ]
   [0.         0.0149187  2.0095446 ]
   [0.         0.0149187  2.0095446 ]
   [0.         0.0149187  2.0095446 ]
   [0.         0.0149187  2.0095446 ]
   [0.         0.0149187  2.0095446 ]
   [0.         0.0149187  2.0095446 ]
   [0.         0.0149187  2.0095446 ]
   [0.         0.0149187  2.0095446 ]
   [0.         0.0149187  2.0095446 ]]

  [[0.         0.0149187  2.0095446 ]
   [0.         0.0149187  2.0095446 ]
   [0.         0.0149187  2.0095446 ]
   [0.         0.0149187  2.0095446 ]
   [0.         0.0149187  2.0095446 ]
   [0.         0.0149187  2.0095446 ]
   [0.         0.0149187  2.0095446 ]
   [0.         0.0149187  2.0095446 ]
   [0.         0.0149187  2.0095446 ]
   [0.         0.0149187  2.0095446 ]
   [0.         0.0149187  2.0095446 ]
   [0.         0.0149187  2.0095446 ]
   [0.         0.0149187  2.0095446 ]
   [0.         0.0149187  2.0095446 ]
   [0.         2.0221672  0.03739727]
   [0.         6.73251    0.        ]
   [0.         6.4381137  0.        ]
   [0.         1.5404274  0.5107125 ]
   [0.         0.0149187  2.0095446 ]
   [0.         0.0149187  2.0095446 ]
   [0.         0.0149187  2.0095446 ]
   [0.         0.0149187  2.0095446 ]
   [0.         0.0149187  2.0095446 ]
   [0.         0.0149187  2.0095446 ]
   [0.         0.0149187  2.0095446 ]
   [0.         0.0149187  2.0095446 ]
   [0.         0.0149187  2.0095446 ]
   [0.         0.0149187  2.0095446 ]]

  [[0.         0.0149187  2.0095446 ]
   [0.         0.0149187  2.0095446 ]
   [0.         0.0149187  2.0095446 ]
   [0.         0.0149187  2.0095446 ]
   [0.         0.0149187  2.0095446 ]
   [0.         0.0149187  2.0095446 ]
   [0.         0.0149187  2.0095446 ]
   [0.         0.0149187  2.0095446 ]
   [0.         0.0149187  2.0095446 ]
   [0.         0.0149187  2.0095446 ]
   [0.         0.0149187  2.0095446 ]
   [0.         0.0149187  2.0095446 ]
   [0.         0.0149187  2.0095446 ]
   [0.         0.5234216  1.509934  ]
   [0.         5.9296107  0.        ]
   [0.         6.8128     0.        ]
   [0.         4.4576283  0.        ]
   [0.         0.0149187  2.0095446 ]
   [0.         0.0149187  2.0095446 ]
   [0.         0.0149187  2.0095446 ]
   [0.         0.0149187  2.0095446 ]
   [0.         0.0149187  2.0095446 ]
   [0.         0.0149187  2.0095446 ]
   [0.         0.0149187  2.0095446 ]
   [0.         0.0149187  2.0095446 ]
   [0.         0.0149187  2.0095446 ]
   [0.         0.0149187  2.0095446 ]
   [0.         0.0149187  2.0095446 ]]

  [[0.         0.0149187  2.0095446 ]
   [0.         0.0149187  2.0095446 ]
   [0.         0.0149187  2.0095446 ]
   [0.         0.0149187  2.0095446 ]
   [0.         0.0149187  2.0095446 ]
   [0.         0.0149187  2.0095446 ]
   [0.         0.0149187  2.0095446 ]
   [0.         0.0149187  2.0095446 ]
   [0.         0.0149187  2.0095446 ]
   [0.         0.0149187  2.0095446 ]
   [0.         0.0149187  2.0095446 ]
   [0.         0.0149187  2.0095446 ]
   [0.         0.09520863 1.9306587 ]
   [0.         5.447871   0.        ]
   [0.         6.8128     0.        ]
   [0.         5.8760843  0.        ]
   [0.         0.9516346  1.0892091 ]
   [0.         0.0149187  2.0095446 ]
   [0.         0.0149187  2.0095446 ]
   [0.         0.0149187  2.0095446 ]
   [0.         0.0149187  2.0095446 ]
   [0.         0.0149187  2.0095446 ]
   [0.         0.0149187  2.0095446 ]
   [0.         0.0149187  2.0095446 ]
   [0.         0.0149187  2.0095446 ]
   [0.         0.0149187  2.0095446 ]
   [0.         0.0149187  2.0095446 ]
   [0.         0.0149187  2.0095446 ]]

  [[0.         0.0149187  2.0095446 ]
   [0.         0.0149187  2.0095446 ]
   [0.         0.0149187  2.0095446 ]
   [0.         0.0149187  2.0095446 ]
   [0.         0.0149187  2.0095446 ]
   [0.         0.0149187  2.0095446 ]
   [0.         0.0149187  2.0095446 ]
   [0.         0.0149187  2.0095446 ]
   [0.         0.0149187  2.0095446 ]
   [0.         0.0149187  2.0095446 ]
   [0.         0.0149187  2.0095446 ]
   [0.         0.0149187  2.0095446 ]
   [0.         1.0319245  1.0103233 ]
   [0.         6.8128     0.        ]
   [0.         6.8128     0.        ]
   [0.         2.0756938  0.        ]
   [0.         0.0149187  2.0095446 ]
   [0.         0.0149187  2.0095446 ]
   [0.         0.0149187  2.0095446 ]
   [0.         0.0149187  2.0095446 ]
   [0.         0.0149187  2.0095446 ]
   [0.         0.0149187  2.0095446 ]
   [0.         0.0149187  2.0095446 ]
   [0.         0.0149187  2.0095446 ]
   [0.         0.0149187  2.0095446 ]
   [0.         0.0149187  2.0095446 ]
   [0.         0.0149187  2.0095446 ]
   [0.         0.0149187  2.0095446 ]]

  [[0.         0.0149187  2.0095446 ]
   [0.         0.0149187  2.0095446 ]
   [0.         0.0149187  2.0095446 ]
   [0.         0.0149187  2.0095446 ]
   [0.         0.0149187  2.0095446 ]
   [0.         0.0149187  2.0095446 ]
   [0.         0.0149187  2.0095446 ]
   [0.         0.0149187  2.0095446 ]
   [0.         0.0149187  2.0095446 ]
   [0.         0.0149187  2.0095446 ]
   [0.         0.0149187  2.0095446 ]
   [0.         0.84458137 1.1943903 ]
   [0.         6.0099006  0.        ]
   [0.         6.8128     0.        ]
   [0.         3.0926998  0.        ]
   [0.         0.04168201 1.9832493 ]
   [0.         0.0149187  2.0095446 ]
   [0.         0.0149187  2.0095446 ]
   [0.         0.0149187  2.0095446 ]
   [0.         0.0149187  2.0095446 ]
   [0.         0.0149187  2.0095446 ]
   [0.         0.0149187  2.0095446 ]
   [0.         0.0149187  2.0095446 ]
   [0.         0.0149187  2.0095446 ]
   [0.         0.0149187  2.0095446 ]
   [0.         0.0149187  2.0095446 ]
   [0.         0.0149187  2.0095446 ]
   [0.         0.0149187  2.0095446 ]]

  [[0.         0.0149187  2.0095446 ]
   [0.         0.0149187  2.0095446 ]
   [0.         0.0149187  2.0095446 ]
   [0.         0.0149187  2.0095446 ]
   [0.         0.0149187  2.0095446 ]
   [0.         0.0149187  2.0095446 ]
   [0.         0.0149187  2.0095446 ]
   [0.         0.0149187  2.0095446 ]
   [0.         0.0149187  2.0095446 ]
   [0.         0.0149187  2.0095446 ]
   [0.         0.0149187  2.0095446 ]
   [0.         3.5744393  0.        ]
   [0.         6.8128     0.        ]
   [0.         6.8128     0.        ]
   [0.         1.406611   0.642189  ]
   [0.         0.0149187  2.0095446 ]
   [0.         0.0149187  2.0095446 ]
   [0.         0.0149187  2.0095446 ]
   [0.         0.0149187  2.0095446 ]
   [0.         0.0149187  2.0095446 ]
   [0.         0.0149187  2.0095446 ]
   [0.         0.0149187  2.0095446 ]
   [0.         0.0149187  2.0095446 ]
   [0.         0.0149187  2.0095446 ]
   [0.         0.0149187  2.0095446 ]
   [0.         0.0149187  2.0095446 ]
   [0.         0.0149187  2.0095446 ]
   [0.         0.0149187  2.0095446 ]]

  [[0.         0.0149187  2.0095446 ]
   [0.         0.0149187  2.0095446 ]
   [0.         0.0149187  2.0095446 ]
   [0.         0.0149187  2.0095446 ]
   [0.         0.0149187  2.0095446 ]
   [0.         0.0149187  2.0095446 ]
   [0.         0.0149187  2.0095446 ]
   [0.         0.0149187  2.0095446 ]
   [0.         0.0149187  2.0095446 ]
   [0.         0.0149187  2.0095446 ]
   [0.         1.6474807  0.4055314 ]
   [0.         6.49164    0.        ]
   [0.         6.8128     0.        ]
   [0.         6.8128     0.        ]
   [0.         1.406611   0.642189  ]
   [0.         0.0149187  2.0095446 ]
   [0.         0.0149187  2.0095446 ]
   [0.         0.0149187  2.0095446 ]
   [0.         0.0149187  2.0095446 ]
   [0.         0.0149187  2.0095446 ]
   [0.         0.0149187  2.0095446 ]
   [0.         0.0149187  2.0095446 ]
   [0.         0.0149187  2.0095446 ]
   [0.         0.0149187  2.0095446 ]
   [0.         0.0149187  2.0095446 ]
   [0.         0.0149187  2.0095446 ]
   [0.         0.0149187  2.0095446 ]
   [0.         0.0149187  2.0095446 ]]

  [[0.         0.0149187  2.0095446 ]
   [0.         0.0149187  2.0095446 ]
   [0.         0.0149187  2.0095446 ]
   [0.         0.0149187  2.0095446 ]
   [0.         0.0149187  2.0095446 ]
   [0.         0.0149187  2.0095446 ]
   [0.         0.0149187  2.0095446 ]
   [0.         0.0149187  2.0095446 ]
   [0.         0.0149187  2.0095446 ]
   [0.         0.0149187  2.0095446 ]
   [0.         3.2532794  0.        ]
   [0.         6.8128     0.        ]
   [0.         6.8128     0.        ]
   [0.         5.8760843  0.        ]
   [0.         1.0854511  0.9577327 ]
   [0.         0.0149187  2.0095446 ]
   [0.         0.0149187  2.0095446 ]
   [0.         0.0149187  2.0095446 ]
   [0.         0.0149187  2.0095446 ]
   [0.         0.0149187  2.0095446 ]
   [0.         0.0149187  2.0095446 ]
   [0.         0.0149187  2.0095446 ]
   [0.         0.0149187  2.0095446 ]
   [0.         0.0149187  2.0095446 ]
   [0.         0.0149187  2.0095446 ]
   [0.         0.0149187  2.0095446 ]
   [0.         0.0149187  2.0095446 ]
   [0.         0.0149187  2.0095446 ]]

  [[0.         0.0149187  2.0095446 ]
   [0.         0.0149187  2.0095446 ]
   [0.         0.0149187  2.0095446 ]
   [0.         0.0149187  2.0095446 ]
   [0.         0.0149187  2.0095446 ]
   [0.         0.0149187  2.0095446 ]
   [0.         0.0149187  2.0095446 ]
   [0.         0.0149187  2.0095446 ]
   [0.         0.0149187  2.0095446 ]
   [0.         0.0149187  2.0095446 ]
   [0.         3.2532794  0.        ]
   [0.         6.8128     0.        ]
   [0.         5.5549245  0.        ]
   [0.         0.4966583  1.5362293 ]
   [0.         0.0149187  2.0095446 ]
   [0.         0.0149187  2.0095446 ]
   [0.         0.0149187  2.0095446 ]
   [0.         0.0149187  2.0095446 ]
   [0.         0.0149187  2.0095446 ]
   [0.         0.0149187  2.0095446 ]
   [0.         0.0149187  2.0095446 ]
   [0.         0.0149187  2.0095446 ]
   [0.         0.0149187  2.0095446 ]
   [0.         0.0149187  2.0095446 ]
   [0.         0.0149187  2.0095446 ]
   [0.         0.0149187  2.0095446 ]
   [0.         0.0149187  2.0095446 ]
   [0.         0.0149187  2.0095446 ]]

  [[0.         0.0149187  2.0095446 ]
   [0.         0.0149187  2.0095446 ]
   [0.         0.0149187  2.0095446 ]
   [0.         0.0149187  2.0095446 ]
   [0.         0.0149187  2.0095446 ]
   [0.         0.0149187  2.0095446 ]
   [0.         0.0149187  2.0095446 ]
   [0.         0.0149187  2.0095446 ]
   [0.         0.0149187  2.0095446 ]
   [0.         0.0149187  2.0095446 ]
   [0.         0.0149187  2.0095446 ]
   [0.         0.0149187  2.0095446 ]
   [0.         0.0149187  2.0095446 ]
   [0.         0.0149187  2.0095446 ]
   [0.         0.0149187  2.0095446 ]
   [0.         0.0149187  2.0095446 ]
   [0.         0.0149187  2.0095446 ]
   [0.         0.0149187  2.0095446 ]
   [0.         0.0149187  2.0095446 ]
   [0.         0.0149187  2.0095446 ]
   [0.         0.0149187  2.0095446 ]
   [0.         0.0149187  2.0095446 ]
   [0.         0.0149187  2.0095446 ]
   [0.         0.0149187  2.0095446 ]
   [0.         0.0149187  2.0095446 ]
   [0.         0.0149187  2.0095446 ]
   [0.         0.0149187  2.0095446 ]
   [0.         0.0149187  2.0095446 ]]]]